5 0.127344 0.157812 0.073906 0.116875
4 0.228906 0.157812 0.073906 0.116875
7 0.330469 0.157812 0.073906 0.116875
21 0.432031 0.157812 0.073906 0.116875
7 0.533594 0.157812 0.073906 0.116875
8 0.635156 0.157812 0.073906 0.116875
3 0.736719 0.157812 0.073906 0.116875
23 0.838281 0.157812 0.073906 0.116875
20 0.127344 0.315625 0.073906 0.116875
4 0.228906 0.315625 0.073906 0.116875
23 0.330469 0.315625 0.073906 0.116875
20 0.432031 0.315625 0.073906 0.116875
23 0.533594 0.315625 0.073906 0.116875
18 0.635156 0.315625 0.073906 0.116875
25 0.736719 0.315625 0.073906 0.116875
0 0.838281 0.315625 0.073906 0.116875
14 0.127344 0.473438 0.073906 0.116875
1 0.228906 0.473438 0.073906 0.116875
5 0.330469 0.473438 0.073906 0.116875
23 0.432031 0.473438 0.073906 0.116875
12 0.533594 0.473438 0.073906 0.116875
1 0.635156 0.473438 0.073906 0.116875
11 0.736719 0.473438 0.073906 0.116875
23 0.838281 0.473438 0.073906 0.116875
12 0.127344 0.631250 0.073906 0.116875
0 0.228906 0.631250 0.073906 0.116875
10 0.330469 0.631250 0.073906 0.116875
17 0.432031 0.631250 0.073906 0.116875
15 0.533594 0.631250 0.073906 0.116875
9 0.635156 0.631250 0.073906 0.116875
0 0.736719 0.631250 0.073906 0.116875
18 0.838281 0.631250 0.073906 0.116875
19 0.127344 0.789062 0.073906 0.116875
8 0.228906 0.789062 0.073906 0.116875
3 0.330469 0.789062 0.073906 0.116875
12 0.432031 0.789062 0.073906 0.116875
6 0.533594 0.789062 0.073906 0.116875
4 0.635156 0.789062 0.073906 0.116875
14 0.736719 0.789062 0.073906 0.116875
18 0.838281 0.789062 0.073906 0.116875