24 0.140625 0.168750 0.096250 0.151250
18 0.275000 0.168750 0.096250 0.151250
5 0.409375 0.168750 0.096250 0.151250
3 0.543750 0.168750 0.096250 0.151250
20 0.678125 0.168750 0.096250 0.151250
0 0.812500 0.168750 0.096250 0.151250
3 0.140625 0.368750 0.096250 0.151250
17 0.275000 0.368750 0.096250 0.151250
7 0.409375 0.368750 0.096250 0.151250
8 0.543750 0.368750 0.096250 0.151250
2 0.678125 0.368750 0.096250 0.151250
0 0.812500 0.368750 0.096250 0.151250
23 0.140625 0.568750 0.096250 0.151250
22 0.275000 0.568750 0.096250 0.151250
11 0.409375 0.568750 0.096250 0.151250
1 0.543750 0.568750 0.096250 0.151250
25 0.678125 0.568750 0.096250 0.151250
4 0.812500 0.568750 0.096250 0.151250
24 0.140625 0.768750 0.096250 0.151250
17 0.275000 0.768750 0.096250 0.151250
10 0.409375 0.768750 0.096250 0.151250
14 0.543750 0.768750 0.096250 0.151250
4 0.678125 0.768750 0.096250 0.151250
5 0.812500 0.768750 0.096250 0.151250