8 0.109375 0.131250 0.068750 0.106563
23 0.203125 0.131250 0.068750 0.106563
5 0.296875 0.131250 0.068750 0.106563
11 0.390625 0.131250 0.068750 0.106563
0 0.484375 0.131250 0.068750 0.106563
25 0.578125 0.131250 0.068750 0.106563
10 0.671875 0.131250 0.068750 0.106563
8 0.765625 0.131250 0.068750 0.106563
10 0.859375 0.131250 0.068750 0.106563
17 0.109375 0.270313 0.068750 0.106563
9 0.203125 0.270313 0.068750 0.106563
24 0.296875 0.270313 0.068750 0.106563
10 0.390625 0.270313 0.068750 0.106563
0 0.484375 0.270313 0.068750 0.106563
0 0.578125 0.270313 0.068750 0.106563
19 0.671875 0.270313 0.068750 0.106563
0 0.765625 0.270313 0.068750 0.106563
9 0.859375 0.270313 0.068750 0.106563
13 0.109375 0.409375 0.068750 0.106563
13 0.203125 0.409375 0.068750 0.106563
4 0.296875 0.409375 0.068750 0.106563
2 0.390625 0.409375 0.068750 0.106563
23 0.484375 0.409375 0.068750 0.106563
9 0.578125 0.409375 0.068750 0.106563
13 0.671875 0.409375 0.068750 0.106563
13 0.765625 0.409375 0.068750 0.106563
7 0.859375 0.409375 0.068750 0.106563
5 0.109375 0.548438 0.068750 0.106563
22 0.203125 0.548438 0.068750 0.106563
12 0.296875 0.548438 0.068750 0.106563
21 0.390625 0.548438 0.068750 0.106563
25 0.484375 0.548438 0.068750 0.106563
7 0.578125 0.548438 0.068750 0.106563
25 0.671875 0.548438 0.068750 0.106563
17 0.765625 0.548438 0.068750 0.106563
24 0.859375 0.548438 0.068750 0.106563
23 0.109375 0.687500 0.068750 0.106563
18 0.203125 0.687500 0.068750 0.106563
13 0.296875 0.687500 0.068750 0.106563
11 0.390625 0.687500 0.068750 0.106563
12 0.484375 0.687500 0.068750 0.106563
18 0.578125 0.687500 0.068750 0.106563
12 0.671875 0.687500 0.068750 0.106563
22 0.765625 0.687500 0.068750 0.106563
10 0.859375 0.687500 0.068750 0.106563
21 0.109375 0.826562 0.068750 0.106563
4 0.203125 0.826562 0.068750 0.106563
5 0.296875 0.826562 0.068750 0.106563
22 0.390625 0.826562 0.068750 0.106563
6 0.484375 0.826562 0.068750 0.106563
20 0.578125 0.826562 0.068750 0.106563
9 0.671875 0.826562 0.068750 0.106563
10 0.765625 0.826562 0.068750 0.106563
9 0.859375 0.826562 0.068750 0.106563