16 0.110937 0.209375 0.082500 0.130625
20 0.232813 0.209375 0.082500 0.130625
1 0.354687 0.209375 0.082500 0.130625
1 0.476562 0.209375 0.082500 0.130625
23 0.598437 0.209375 0.082500 0.130625
9 0.720313 0.209375 0.082500 0.130625
15 0.842187 0.209375 0.082500 0.130625
3 0.110937 0.384375 0.082500 0.130625
9 0.232813 0.384375 0.082500 0.130625
14 0.354687 0.384375 0.082500 0.130625
2 0.476562 0.384375 0.082500 0.130625
25 0.598437 0.384375 0.082500 0.130625
14 0.720313 0.384375 0.082500 0.130625
6 0.842187 0.384375 0.082500 0.130625
3 0.110937 0.559375 0.082500 0.130625
5 0.232813 0.559375 0.082500 0.130625
3 0.354687 0.559375 0.082500 0.130625
24 0.476562 0.559375 0.082500 0.130625
6 0.598437 0.559375 0.082500 0.130625
0 0.720313 0.559375 0.082500 0.130625
11 0.842187 0.559375 0.082500 0.130625
2 0.110937 0.734375 0.082500 0.130625
25 0.232813 0.734375 0.082500 0.130625
13 0.354687 0.734375 0.082500 0.130625
4 0.476562 0.734375 0.082500 0.130625
7 0.598437 0.734375 0.082500 0.130625
13 0.720313 0.734375 0.082500 0.130625
13 0.842187 0.734375 0.082500 0.130625