15 0.177344 0.171875 0.091094 0.144375
19 0.322656 0.171875 0.091094 0.144375
21 0.467969 0.171875 0.091094 0.144375
15 0.613281 0.171875 0.091094 0.144375
19 0.758594 0.171875 0.091094 0.144375
5 0.177344 0.368750 0.091094 0.144375
9 0.322656 0.368750 0.091094 0.144375
11 0.467969 0.368750 0.091094 0.144375
13 0.613281 0.368750 0.091094 0.144375
19 0.758594 0.368750 0.091094 0.144375
22 0.177344 0.565625 0.091094 0.144375
11 0.322656 0.565625 0.091094 0.144375
8 0.467969 0.565625 0.091094 0.144375
2 0.613281 0.565625 0.091094 0.144375
9 0.758594 0.565625 0.091094 0.144375
15 0.177344 0.762500 0.091094 0.144375
25 0.322656 0.762500 0.091094 0.144375
11 0.467969 0.762500 0.091094 0.144375
2 0.613281 0.762500 0.091094 0.144375
21 0.758594 0.762500 0.091094 0.144375