8 0.103125 0.143750 0.075625 0.120313
24 0.210938 0.143750 0.075625 0.120313
2 0.318750 0.143750 0.075625 0.120313
15 0.426563 0.143750 0.075625 0.120313
8 0.534375 0.143750 0.075625 0.120313
24 0.642188 0.143750 0.075625 0.120313
4 0.750000 0.143750 0.075625 0.120313
25 0.857812 0.143750 0.075625 0.120313
24 0.103125 0.307812 0.075625 0.120313
11 0.210938 0.307812 0.075625 0.120313
7 0.318750 0.307812 0.075625 0.120313
8 0.426563 0.307812 0.075625 0.120313
16 0.534375 0.307812 0.075625 0.120313
13 0.642188 0.307812 0.075625 0.120313
10 0.750000 0.307812 0.075625 0.120313
9 0.857812 0.307812 0.075625 0.120313
14 0.103125 0.471875 0.075625 0.120313
9 0.210938 0.471875 0.075625 0.120313
23 0.318750 0.471875 0.075625 0.120313
21 0.426563 0.471875 0.075625 0.120313
18 0.534375 0.471875 0.075625 0.120313
9 0.642188 0.471875 0.075625 0.120313
22 0.750000 0.471875 0.075625 0.120313
8 0.857812 0.471875 0.075625 0.120313
8 0.103125 0.635938 0.075625 0.120313
9 0.210938 0.635938 0.075625 0.120313
1 0.318750 0.635938 0.075625 0.120313
5 0.426563 0.635938 0.075625 0.120313
0 0.534375 0.635938 0.075625 0.120313
14 0.642188 0.635938 0.075625 0.120313
18 0.750000 0.635938 0.075625 0.120313
6 0.857812 0.635938 0.075625 0.120313
2 0.103125 0.800000 0.075625 0.120313
16 0.210938 0.800000 0.075625 0.120313
7 0.318750 0.800000 0.075625 0.120313
1 0.426563 0.800000 0.075625 0.120313
10 0.534375 0.800000 0.075625 0.120313
25 0.642188 0.800000 0.075625 0.120313
6 0.750000 0.800000 0.075625 0.120313
20 0.857812 0.800000 0.075625 0.120313