2 0.136719 0.220312 0.080781 0.127188
19 0.250781 0.220312 0.080781 0.127188
8 0.364844 0.220312 0.080781 0.127188
15 0.478906 0.220312 0.080781 0.127188
18 0.592969 0.220312 0.080781 0.127188
7 0.707031 0.220312 0.080781 0.127188
11 0.821094 0.220312 0.080781 0.127188
14 0.136719 0.389062 0.080781 0.127188
17 0.250781 0.389062 0.080781 0.127188
13 0.364844 0.389062 0.080781 0.127188
10 0.478906 0.389062 0.080781 0.127188
4 0.592969 0.389062 0.080781 0.127188
4 0.707031 0.389062 0.080781 0.127188
14 0.821094 0.389062 0.080781 0.127188
15 0.136719 0.557813 0.080781 0.127188
4 0.250781 0.557813 0.080781 0.127188
21 0.364844 0.557813 0.080781 0.127188
19 0.478906 0.557813 0.080781 0.127188
11 0.592969 0.557813 0.080781 0.127188
12 0.707031 0.557813 0.080781 0.127188
11 0.821094 0.557813 0.080781 0.127188
21 0.136719 0.726562 0.080781 0.127188
3 0.250781 0.726562 0.080781 0.127188
0 0.364844 0.726562 0.080781 0.127188
20 0.478906 0.726562 0.080781 0.127188
6 0.592969 0.726562 0.080781 0.127188
11 0.707031 0.726562 0.080781 0.127188
21 0.821094 0.726562 0.080781 0.127188