2 0.146094 0.248438 0.108281 0.168437
17 0.307031 0.248438 0.108281 0.168437
19 0.467969 0.248438 0.108281 0.168437
9 0.628906 0.248438 0.108281 0.168437
0 0.789844 0.248438 0.108281 0.168437
0 0.146094 0.467187 0.108281 0.168437
24 0.307031 0.467187 0.108281 0.168437
23 0.467969 0.467187 0.108281 0.168437
7 0.628906 0.467187 0.108281 0.168437
17 0.789844 0.467187 0.108281 0.168437
5 0.146094 0.685937 0.108281 0.168437
5 0.307031 0.685937 0.108281 0.168437
10 0.467969 0.685937 0.108281 0.168437
8 0.628906 0.685937 0.108281 0.168437
4 0.789844 0.685937 0.108281 0.168437