0 0.107813 0.182812 0.089375 0.140937
0 0.231250 0.182812 0.089375 0.140937
10 0.354687 0.182812 0.089375 0.140937
19 0.478125 0.182812 0.089375 0.140937
16 0.601562 0.182812 0.089375 0.140937
20 0.725000 0.182812 0.089375 0.140937
14 0.848437 0.182812 0.089375 0.140937
23 0.107813 0.373437 0.089375 0.140937
6 0.231250 0.373437 0.089375 0.140937
11 0.354687 0.373437 0.089375 0.140937
22 0.478125 0.373437 0.089375 0.140937
3 0.601562 0.373437 0.089375 0.140937
14 0.725000 0.373437 0.089375 0.140937
2 0.848437 0.373437 0.089375 0.140937
9 0.107813 0.564063 0.089375 0.140937
14 0.231250 0.564063 0.089375 0.140937
9 0.354687 0.564063 0.089375 0.140937
16 0.478125 0.564063 0.089375 0.140937
10 0.601562 0.564063 0.089375 0.140937
23 0.725000 0.564063 0.089375 0.140937
3 0.848437 0.564063 0.089375 0.140937
1 0.107813 0.754687 0.089375 0.140937
4 0.231250 0.754687 0.089375 0.140937
16 0.354687 0.754687 0.089375 0.140937
1 0.478125 0.754687 0.089375 0.140937
22 0.601562 0.754687 0.089375 0.140937
12 0.725000 0.754687 0.089375 0.140937
12 0.848437 0.754687 0.089375 0.140937