22 0.106250 0.118750 0.061875 0.099687
1 0.200000 0.118750 0.061875 0.099687
16 0.293750 0.118750 0.061875 0.099687
24 0.387500 0.118750 0.061875 0.099687
11 0.481250 0.118750 0.061875 0.099687
4 0.575000 0.118750 0.061875 0.099687
16 0.668750 0.118750 0.061875 0.099687
10 0.762500 0.118750 0.061875 0.099687
3 0.856250 0.118750 0.061875 0.099687
14 0.106250 0.260937 0.061875 0.099687
12 0.200000 0.260937 0.061875 0.099687
4 0.293750 0.260937 0.061875 0.099687
14 0.387500 0.260937 0.061875 0.099687
4 0.481250 0.260937 0.061875 0.099687
1 0.575000 0.260937 0.061875 0.099687
13 0.668750 0.260937 0.061875 0.099687
18 0.762500 0.260937 0.061875 0.099687
7 0.856250 0.260937 0.061875 0.099687
21 0.106250 0.403125 0.061875 0.099687
4 0.200000 0.403125 0.061875 0.099687
7 0.293750 0.403125 0.061875 0.099687
23 0.387500 0.403125 0.061875 0.099687
11 0.481250 0.403125 0.061875 0.099687
9 0.575000 0.403125 0.061875 0.099687
21 0.668750 0.403125 0.061875 0.099687
13 0.762500 0.403125 0.061875 0.099687
12 0.856250 0.403125 0.061875 0.099687
6 0.106250 0.545312 0.061875 0.099687
9 0.200000 0.545312 0.061875 0.099687
19 0.293750 0.545312 0.061875 0.099687
4 0.387500 0.545312 0.061875 0.099687
21 0.481250 0.545312 0.061875 0.099687
1 0.575000 0.545312 0.061875 0.099687
8 0.668750 0.545312 0.061875 0.099687
7 0.762500 0.545312 0.061875 0.099687
13 0.856250 0.545312 0.061875 0.099687
12 0.106250 0.687500 0.061875 0.099687
10 0.200000 0.687500 0.061875 0.099687
10 0.293750 0.687500 0.061875 0.099687
18 0.387500 0.687500 0.061875 0.099687
9 0.481250 0.687500 0.061875 0.099687
9 0.575000 0.687500 0.061875 0.099687
1 0.668750 0.687500 0.061875 0.099687
20 0.762500 0.687500 0.061875 0.099687
7 0.856250 0.687500 0.061875 0.099687
10 0.106250 0.829688 0.061875 0.099687
16 0.200000 0.829688 0.061875 0.099687
5 0.293750 0.829688 0.061875 0.099687
12 0.387500 0.829688 0.061875 0.099687
1 0.481250 0.829688 0.061875 0.099687
14 0.575000 0.829688 0.061875 0.099687
19 0.668750 0.829688 0.061875 0.099687
15 0.762500 0.829688 0.061875 0.099687
14 0.856250 0.829688 0.061875 0.099687