21 0.125000 0.246875 0.092812 0.151250
10 0.264062 0.246875 0.092812 0.151250
25 0.403125 0.246875 0.092812 0.151250
22 0.542188 0.246875 0.092812 0.151250
0 0.681250 0.246875 0.092812 0.151250
10 0.820312 0.246875 0.092812 0.151250
8 0.125000 0.460938 0.092812 0.151250
13 0.264062 0.460938 0.092812 0.151250
19 0.403125 0.460938 0.092812 0.151250
15 0.542188 0.460938 0.092812 0.151250
20 0.681250 0.460938 0.092812 0.151250
6 0.820312 0.460938 0.092812 0.151250
20 0.125000 0.675000 0.092812 0.151250
22 0.264062 0.675000 0.092812 0.151250
14 0.403125 0.675000 0.092812 0.151250
7 0.542188 0.675000 0.092812 0.151250
6 0.681250 0.675000 0.092812 0.151250
15 0.820312 0.675000 0.092812 0.151250