16 0.150000 0.253125 0.106563 0.165000
23 0.309375 0.253125 0.106563 0.165000
4 0.468750 0.253125 0.106563 0.165000
8 0.628125 0.253125 0.106563 0.165000
22 0.787500 0.253125 0.106563 0.165000
3 0.150000 0.467187 0.106563 0.165000
22 0.309375 0.467187 0.106563 0.165000
10 0.468750 0.467187 0.106563 0.165000
1 0.628125 0.467187 0.106563 0.165000
14 0.787500 0.467187 0.106563 0.165000
19 0.150000 0.681250 0.106563 0.165000
14 0.309375 0.681250 0.106563 0.165000
22 0.468750 0.681250 0.106563 0.165000
13 0.628125 0.681250 0.106563 0.165000
7 0.787500 0.681250 0.106563 0.165000