16 0.114844 0.171875 0.091094 0.144375
21 0.257031 0.171875 0.091094 0.144375
6 0.399219 0.171875 0.091094 0.144375
12 0.541406 0.171875 0.091094 0.144375
0 0.683594 0.171875 0.091094 0.144375
19 0.825781 0.171875 0.091094 0.144375
24 0.114844 0.368750 0.091094 0.144375
20 0.257031 0.368750 0.091094 0.144375
18 0.399219 0.368750 0.091094 0.144375
13 0.541406 0.368750 0.091094 0.144375
10 0.683594 0.368750 0.091094 0.144375
5 0.825781 0.368750 0.091094 0.144375
8 0.114844 0.565625 0.091094 0.144375
15 0.257031 0.565625 0.091094 0.144375
5 0.399219 0.565625 0.091094 0.144375
9 0.541406 0.565625 0.091094 0.144375
3 0.683594 0.565625 0.091094 0.144375
8 0.825781 0.565625 0.091094 0.144375
10 0.114844 0.762500 0.091094 0.144375
18 0.257031 0.762500 0.091094 0.144375
9 0.399219 0.762500 0.091094 0.144375
7 0.541406 0.762500 0.091094 0.144375
11 0.683594 0.762500 0.091094 0.144375
9 0.825781 0.762500 0.091094 0.144375