22 0.092969 0.157812 0.080781 0.123750
24 0.203906 0.157812 0.080781 0.123750
4 0.314844 0.157812 0.080781 0.123750
18 0.425781 0.157812 0.080781 0.123750
7 0.536719 0.157812 0.080781 0.123750
19 0.647656 0.157812 0.080781 0.123750
10 0.758594 0.157812 0.080781 0.123750
1 0.869531 0.157812 0.080781 0.123750
20 0.092969 0.317188 0.080781 0.123750
22 0.203906 0.317188 0.080781 0.123750
1 0.314844 0.317188 0.080781 0.123750
13 0.425781 0.317188 0.080781 0.123750
5 0.536719 0.317188 0.080781 0.123750
5 0.647656 0.317188 0.080781 0.123750
0 0.758594 0.317188 0.080781 0.123750
10 0.869531 0.317188 0.080781 0.123750
20 0.092969 0.476562 0.080781 0.123750
22 0.203906 0.476562 0.080781 0.123750
21 0.314844 0.476562 0.080781 0.123750
19 0.425781 0.476562 0.080781 0.123750
0 0.536719 0.476562 0.080781 0.123750
17 0.647656 0.476562 0.080781 0.123750
2 0.758594 0.476562 0.080781 0.123750
22 0.869531 0.476562 0.080781 0.123750
21 0.092969 0.635938 0.080781 0.123750
23 0.203906 0.635938 0.080781 0.123750
12 0.314844 0.635938 0.080781 0.123750
3 0.425781 0.635938 0.080781 0.123750
18 0.536719 0.635938 0.080781 0.123750
18 0.647656 0.635938 0.080781 0.123750
4 0.758594 0.635938 0.080781 0.123750
10 0.869531 0.635938 0.080781 0.123750
10 0.092969 0.795312 0.080781 0.123750
22 0.203906 0.795312 0.080781 0.123750
9 0.314844 0.795312 0.080781 0.123750
4 0.425781 0.795312 0.080781 0.123750
25 0.536719 0.795312 0.080781 0.123750
0 0.647656 0.795312 0.080781 0.123750
9 0.758594 0.795312 0.080781 0.123750
4 0.869531 0.795312 0.080781 0.123750