10 0.117969 0.214062 0.087656 0.134063
23 0.238281 0.214062 0.087656 0.134063
20 0.358594 0.214062 0.087656 0.134063
18 0.478906 0.214062 0.087656 0.134063
21 0.599219 0.214062 0.087656 0.134063
22 0.719531 0.214062 0.087656 0.134063
8 0.839844 0.214062 0.087656 0.134063
1 0.117969 0.387500 0.087656 0.134063
13 0.238281 0.387500 0.087656 0.134063
18 0.358594 0.387500 0.087656 0.134063
13 0.478906 0.387500 0.087656 0.134063
1 0.599219 0.387500 0.087656 0.134063
18 0.719531 0.387500 0.087656 0.134063
7 0.839844 0.387500 0.087656 0.134063
19 0.117969 0.560937 0.087656 0.134063
3 0.238281 0.560937 0.087656 0.134063
1 0.358594 0.560937 0.087656 0.134063
9 0.478906 0.560937 0.087656 0.134063
3 0.599219 0.560937 0.087656 0.134063
20 0.719531 0.560937 0.087656 0.134063
1 0.839844 0.560937 0.087656 0.134063
11 0.117969 0.734375 0.087656 0.134063
19 0.238281 0.734375 0.087656 0.134063
10 0.358594 0.734375 0.087656 0.134063
15 0.478906 0.734375 0.087656 0.134063
22 0.599219 0.734375 0.087656 0.134063
9 0.719531 0.734375 0.087656 0.134063
8 0.839844 0.734375 0.087656 0.134063