18 0.133594 0.259375 0.101406 0.158125
24 0.271094 0.259375 0.101406 0.158125
9 0.408594 0.259375 0.101406 0.158125
6 0.546094 0.259375 0.101406 0.158125
15 0.683594 0.259375 0.101406 0.158125
16 0.821094 0.259375 0.101406 0.158125
9 0.133594 0.467187 0.101406 0.158125
11 0.271094 0.467187 0.101406 0.158125
17 0.408594 0.467187 0.101406 0.158125
5 0.546094 0.467187 0.101406 0.158125
3 0.683594 0.467187 0.101406 0.158125
17 0.821094 0.467187 0.101406 0.158125
23 0.133594 0.675000 0.101406 0.158125
23 0.271094 0.675000 0.101406 0.158125
24 0.408594 0.675000 0.101406 0.158125
25 0.546094 0.675000 0.101406 0.158125
2 0.683594 0.675000 0.101406 0.158125
9 0.821094 0.675000 0.101406 0.158125