14 0.103125 0.151562 0.055000 0.089375
14 0.187500 0.151562 0.055000 0.089375
5 0.271875 0.151562 0.055000 0.089375
7 0.356250 0.151562 0.055000 0.089375
10 0.440625 0.151562 0.055000 0.089375
21 0.525000 0.151562 0.055000 0.089375
11 0.609375 0.151562 0.055000 0.089375
4 0.693750 0.151562 0.055000 0.089375
3 0.778125 0.151562 0.055000 0.089375
19 0.862500 0.151562 0.055000 0.089375
25 0.103125 0.281250 0.055000 0.089375
14 0.187500 0.281250 0.055000 0.089375
10 0.271875 0.281250 0.055000 0.089375
3 0.356250 0.281250 0.055000 0.089375
23 0.440625 0.281250 0.055000 0.089375
0 0.525000 0.281250 0.055000 0.089375
3 0.609375 0.281250 0.055000 0.089375
0 0.693750 0.281250 0.055000 0.089375
14 0.778125 0.281250 0.055000 0.089375
21 0.862500 0.281250 0.055000 0.089375
12 0.103125 0.410938 0.055000 0.089375
4 0.187500 0.410938 0.055000 0.089375
21 0.271875 0.410938 0.055000 0.089375
7 0.356250 0.410938 0.055000 0.089375
8 0.440625 0.410938 0.055000 0.089375
22 0.525000 0.410938 0.055000 0.089375
9 0.609375 0.410938 0.055000 0.089375
24 0.693750 0.410938 0.055000 0.089375
11 0.778125 0.410938 0.055000 0.089375
24 0.862500 0.410938 0.055000 0.089375
6 0.103125 0.540625 0.055000 0.089375
0 0.187500 0.540625 0.055000 0.089375
3 0.271875 0.540625 0.055000 0.089375
17 0.356250 0.540625 0.055000 0.089375
23 0.440625 0.540625 0.055000 0.089375
6 0.525000 0.540625 0.055000 0.089375
3 0.609375 0.540625 0.055000 0.089375
12 0.693750 0.540625 0.055000 0.089375
1 0.778125 0.540625 0.055000 0.089375
11 0.862500 0.540625 0.055000 0.089375
21 0.103125 0.670312 0.055000 0.089375
10 0.187500 0.670312 0.055000 0.089375
25 0.271875 0.670312 0.055000 0.089375
9 0.356250 0.670312 0.055000 0.089375
2 0.440625 0.670312 0.055000 0.089375
15 0.525000 0.670312 0.055000 0.089375
7 0.609375 0.670312 0.055000 0.089375
17 0.693750 0.670312 0.055000 0.089375
0 0.778125 0.670312 0.055000 0.089375
11 0.862500 0.670312 0.055000 0.089375
16 0.103125 0.800000 0.055000 0.089375
10 0.187500 0.800000 0.055000 0.089375
10 0.271875 0.800000 0.055000 0.089375
9 0.356250 0.800000 0.055000 0.089375
9 0.440625 0.800000 0.055000 0.089375
16 0.525000 0.800000 0.055000 0.089375
14 0.609375 0.800000 0.055000 0.089375
24 0.693750 0.800000 0.055000 0.089375
24 0.778125 0.800000 0.055000 0.089375
10 0.862500 0.800000 0.055000 0.089375