20 0.185156 0.257812 0.097969 0.154688
7 0.328906 0.257812 0.097969 0.154688
5 0.472656 0.257812 0.097969 0.154688
8 0.616406 0.257812 0.097969 0.154688
14 0.760156 0.257812 0.097969 0.154688
4 0.185156 0.465625 0.097969 0.154688
12 0.328906 0.465625 0.097969 0.154688
9 0.472656 0.465625 0.097969 0.154688
15 0.616406 0.465625 0.097969 0.154688
12 0.760156 0.465625 0.097969 0.154688
12 0.185156 0.673438 0.097969 0.154688
23 0.328906 0.673438 0.097969 0.154688
24 0.472656 0.673438 0.097969 0.154688
1 0.616406 0.673438 0.097969 0.154688
5 0.760156 0.673438 0.097969 0.154688