8 0.139844 0.179688 0.094531 0.147812
24 0.274219 0.179688 0.094531 0.147812
5 0.408594 0.179688 0.094531 0.147812
25 0.542969 0.179688 0.094531 0.147812
21 0.677344 0.179688 0.094531 0.147812
5 0.811719 0.179688 0.094531 0.147812
11 0.139844 0.373437 0.094531 0.147812
13 0.274219 0.373437 0.094531 0.147812
1 0.408594 0.373437 0.094531 0.147812
6 0.542969 0.373437 0.094531 0.147812
2 0.677344 0.373437 0.094531 0.147812
19 0.811719 0.373437 0.094531 0.147812
7 0.139844 0.567187 0.094531 0.147812
15 0.274219 0.567187 0.094531 0.147812
5 0.408594 0.567187 0.094531 0.147812
7 0.542969 0.567187 0.094531 0.147812
11 0.677344 0.567187 0.094531 0.147812
7 0.811719 0.567187 0.094531 0.147812
9 0.139844 0.760938 0.094531 0.147812
10 0.274219 0.760938 0.094531 0.147812
6 0.408594 0.760938 0.094531 0.147812
8 0.542969 0.760938 0.094531 0.147812
1 0.677344 0.760938 0.094531 0.147812
21 0.811719 0.760938 0.094531 0.147812