4 0.157031 0.168750 0.091094 0.144375
6 0.285156 0.168750 0.091094 0.144375
0 0.413281 0.168750 0.091094 0.144375
3 0.541406 0.168750 0.091094 0.144375
23 0.669531 0.168750 0.091094 0.144375
12 0.797656 0.168750 0.091094 0.144375
7 0.157031 0.367188 0.091094 0.144375
16 0.285156 0.367188 0.091094 0.144375
24 0.413281 0.367188 0.091094 0.144375
3 0.541406 0.367188 0.091094 0.144375
3 0.669531 0.367188 0.091094 0.144375
19 0.797656 0.367188 0.091094 0.144375
5 0.157031 0.565625 0.091094 0.144375
18 0.285156 0.565625 0.091094 0.144375
21 0.413281 0.565625 0.091094 0.144375
24 0.541406 0.565625 0.091094 0.144375
1 0.669531 0.565625 0.091094 0.144375
2 0.797656 0.565625 0.091094 0.144375
7 0.157031 0.764062 0.091094 0.144375
7 0.285156 0.764062 0.091094 0.144375
1 0.413281 0.764062 0.091094 0.144375
24 0.541406 0.764062 0.091094 0.144375
17 0.669531 0.764062 0.091094 0.144375
3 0.797656 0.764062 0.091094 0.144375