17 0.107813 0.140625 0.075625 0.120313
4 0.229687 0.140625 0.075625 0.120313
6 0.351562 0.140625 0.075625 0.120313
24 0.473438 0.140625 0.075625 0.120313
8 0.595313 0.140625 0.075625 0.120313
5 0.717187 0.140625 0.075625 0.120313
0 0.839063 0.140625 0.075625 0.120313
5 0.107813 0.306250 0.075625 0.120313
1 0.229687 0.306250 0.075625 0.120313
6 0.351562 0.306250 0.075625 0.120313
16 0.473438 0.306250 0.075625 0.120313
16 0.595313 0.306250 0.075625 0.120313
21 0.717187 0.306250 0.075625 0.120313
25 0.839063 0.306250 0.075625 0.120313
4 0.107813 0.471875 0.075625 0.120313
17 0.229687 0.471875 0.075625 0.120313
23 0.351562 0.471875 0.075625 0.120313
10 0.473438 0.471875 0.075625 0.120313
3 0.595313 0.471875 0.075625 0.120313
21 0.717187 0.471875 0.075625 0.120313
4 0.839063 0.471875 0.075625 0.120313
17 0.107813 0.637500 0.075625 0.120313
1 0.229687 0.637500 0.075625 0.120313
11 0.351562 0.637500 0.075625 0.120313
24 0.473438 0.637500 0.075625 0.120313
20 0.595313 0.637500 0.075625 0.120313
1 0.717187 0.637500 0.075625 0.120313
7 0.839063 0.637500 0.075625 0.120313
4 0.107813 0.803125 0.075625 0.120313
5 0.229687 0.803125 0.075625 0.120313
0 0.351562 0.803125 0.075625 0.120313
11 0.473438 0.803125 0.075625 0.120313
8 0.595313 0.803125 0.075625 0.120313
15 0.717187 0.803125 0.075625 0.120313
18 0.839063 0.803125 0.075625 0.120313