18 0.180469 0.253125 0.097969 0.154688
3 0.325781 0.253125 0.097969 0.154688
21 0.471094 0.253125 0.097969 0.154688
2 0.616406 0.253125 0.097969 0.154688
9 0.761719 0.253125 0.097969 0.154688
10 0.180469 0.464062 0.097969 0.154688
23 0.325781 0.464062 0.097969 0.154688
4 0.471094 0.464062 0.097969 0.154688
17 0.616406 0.464062 0.097969 0.154688
5 0.761719 0.464062 0.097969 0.154688
11 0.180469 0.675000 0.097969 0.154688
23 0.325781 0.675000 0.097969 0.154688
24 0.471094 0.675000 0.097969 0.154688
4 0.616406 0.675000 0.097969 0.154688
3 0.761719 0.675000 0.097969 0.154688