12 0.136719 0.171875 0.097969 0.151250
6 0.272656 0.171875 0.097969 0.151250
10 0.408594 0.171875 0.097969 0.151250
15 0.544531 0.171875 0.097969 0.151250
23 0.680469 0.171875 0.097969 0.151250
4 0.816406 0.171875 0.097969 0.151250
21 0.136719 0.370312 0.097969 0.151250
10 0.272656 0.370312 0.097969 0.151250
2 0.408594 0.370312 0.097969 0.151250
7 0.544531 0.370312 0.097969 0.151250
2 0.680469 0.370312 0.097969 0.151250
9 0.816406 0.370312 0.097969 0.151250
21 0.136719 0.568750 0.097969 0.151250
0 0.272656 0.568750 0.097969 0.151250
3 0.408594 0.568750 0.097969 0.151250
10 0.544531 0.568750 0.097969 0.151250
5 0.680469 0.568750 0.097969 0.151250
16 0.816406 0.568750 0.097969 0.151250
18 0.136719 0.767188 0.097969 0.151250
15 0.272656 0.767188 0.097969 0.151250
18 0.408594 0.767188 0.097969 0.151250
17 0.544531 0.767188 0.097969 0.151250
3 0.680469 0.767188 0.097969 0.151250
17 0.816406 0.767188 0.097969 0.151250