21 0.143750 0.187500 0.092812 0.144375
0 0.276562 0.187500 0.092812 0.144375
11 0.409375 0.187500 0.092812 0.144375
15 0.542188 0.187500 0.092812 0.144375
15 0.675000 0.187500 0.092812 0.144375
23 0.807813 0.187500 0.092812 0.144375
9 0.143750 0.376563 0.092812 0.144375
25 0.276562 0.376563 0.092812 0.144375
2 0.409375 0.376563 0.092812 0.144375
8 0.542188 0.376563 0.092812 0.144375
2 0.675000 0.376563 0.092812 0.144375
10 0.807813 0.376563 0.092812 0.144375
21 0.143750 0.565625 0.092812 0.144375
6 0.276562 0.565625 0.092812 0.144375
7 0.409375 0.565625 0.092812 0.144375
13 0.542188 0.565625 0.092812 0.144375
16 0.675000 0.565625 0.092812 0.144375
18 0.807813 0.565625 0.092812 0.144375
13 0.143750 0.754687 0.092812 0.144375
14 0.276562 0.754687 0.092812 0.144375
3 0.409375 0.754687 0.092812 0.144375
6 0.542188 0.754687 0.092812 0.144375
22 0.675000 0.754687 0.092812 0.144375
13 0.807813 0.754687 0.092812 0.144375