8 0.142187 0.260937 0.089375 0.144375
4 0.275000 0.260937 0.089375 0.144375
13 0.407813 0.260937 0.089375 0.144375
1 0.540625 0.260937 0.089375 0.144375
21 0.673438 0.260937 0.089375 0.144375
23 0.806250 0.260937 0.089375 0.144375
19 0.142187 0.464062 0.089375 0.144375
16 0.275000 0.464062 0.089375 0.144375
13 0.407813 0.464062 0.089375 0.144375
12 0.540625 0.464062 0.089375 0.144375
19 0.673438 0.464062 0.089375 0.144375
18 0.806250 0.464062 0.089375 0.144375
11 0.142187 0.667188 0.089375 0.144375
18 0.275000 0.667188 0.089375 0.144375
8 0.407813 0.667188 0.089375 0.144375
18 0.540625 0.667188 0.089375 0.144375
22 0.673438 0.667188 0.089375 0.144375
3 0.806250 0.667188 0.089375 0.144375