14 0.133594 0.215625 0.084219 0.130625
21 0.249219 0.215625 0.084219 0.130625
1 0.364844 0.215625 0.084219 0.130625
9 0.480469 0.215625 0.084219 0.130625
10 0.596094 0.215625 0.084219 0.130625
3 0.711719 0.215625 0.084219 0.130625
16 0.827344 0.215625 0.084219 0.130625
20 0.133594 0.387500 0.084219 0.130625
4 0.249219 0.387500 0.084219 0.130625
18 0.364844 0.387500 0.084219 0.130625
21 0.480469 0.387500 0.084219 0.130625
5 0.596094 0.387500 0.084219 0.130625
0 0.711719 0.387500 0.084219 0.130625
20 0.827344 0.387500 0.084219 0.130625
25 0.133594 0.559375 0.084219 0.130625
7 0.249219 0.559375 0.084219 0.130625
2 0.364844 0.559375 0.084219 0.130625
4 0.480469 0.559375 0.084219 0.130625
11 0.596094 0.559375 0.084219 0.130625
19 0.711719 0.559375 0.084219 0.130625
16 0.827344 0.559375 0.084219 0.130625
6 0.133594 0.731250 0.084219 0.130625
9 0.249219 0.731250 0.084219 0.130625
18 0.364844 0.731250 0.084219 0.130625
16 0.480469 0.731250 0.084219 0.130625
0 0.596094 0.731250 0.084219 0.130625
0 0.711719 0.731250 0.084219 0.130625
7 0.827344 0.731250 0.084219 0.130625