2 0.184375 0.235937 0.106563 0.168437
0 0.329688 0.235937 0.106563 0.168437
7 0.475000 0.235937 0.106563 0.168437
5 0.620313 0.235937 0.106563 0.168437
13 0.765625 0.235937 0.106563 0.168437
2 0.184375 0.462500 0.106563 0.168437
11 0.329688 0.462500 0.106563 0.168437
2 0.475000 0.462500 0.106563 0.168437
8 0.620313 0.462500 0.106563 0.168437
21 0.765625 0.462500 0.106563 0.168437
16 0.184375 0.689063 0.106563 0.168437
25 0.329688 0.689063 0.106563 0.168437
5 0.475000 0.689063 0.106563 0.168437
18 0.620313 0.689063 0.106563 0.168437
25 0.765625 0.689063 0.106563 0.168437