0 0.157031 0.178125 0.091094 0.144375
10 0.285156 0.178125 0.091094 0.144375
9 0.413281 0.178125 0.091094 0.144375
12 0.541406 0.178125 0.091094 0.144375
5 0.669531 0.178125 0.091094 0.144375
19 0.797656 0.178125 0.091094 0.144375
6 0.157031 0.371875 0.091094 0.144375
7 0.285156 0.371875 0.091094 0.144375
8 0.413281 0.371875 0.091094 0.144375
18 0.541406 0.371875 0.091094 0.144375
3 0.669531 0.371875 0.091094 0.144375
3 0.797656 0.371875 0.091094 0.144375
3 0.157031 0.565625 0.091094 0.144375
23 0.285156 0.565625 0.091094 0.144375
4 0.413281 0.565625 0.091094 0.144375
15 0.541406 0.565625 0.091094 0.144375
21 0.669531 0.565625 0.091094 0.144375
22 0.797656 0.565625 0.091094 0.144375
8 0.157031 0.759375 0.091094 0.144375
18 0.285156 0.759375 0.091094 0.144375
17 0.413281 0.759375 0.091094 0.144375
6 0.541406 0.759375 0.091094 0.144375
7 0.669531 0.759375 0.091094 0.144375
23 0.797656 0.759375 0.091094 0.144375