9 0.121875 0.206250 0.082500 0.130625
18 0.240625 0.206250 0.082500 0.130625
14 0.359375 0.206250 0.082500 0.130625
11 0.478125 0.206250 0.082500 0.130625
25 0.596875 0.206250 0.082500 0.130625
21 0.715625 0.206250 0.082500 0.130625
5 0.834375 0.206250 0.082500 0.130625
1 0.121875 0.382812 0.082500 0.130625
6 0.240625 0.382812 0.082500 0.130625
4 0.359375 0.382812 0.082500 0.130625
7 0.478125 0.382812 0.082500 0.130625
5 0.596875 0.382812 0.082500 0.130625
21 0.715625 0.382812 0.082500 0.130625
10 0.834375 0.382812 0.082500 0.130625
25 0.121875 0.559375 0.082500 0.130625
16 0.240625 0.559375 0.082500 0.130625
2 0.359375 0.559375 0.082500 0.130625
3 0.478125 0.559375 0.082500 0.130625
11 0.596875 0.559375 0.082500 0.130625
7 0.715625 0.559375 0.082500 0.130625
13 0.834375 0.559375 0.082500 0.130625
20 0.121875 0.735938 0.082500 0.130625
2 0.240625 0.735938 0.082500 0.130625
10 0.359375 0.735938 0.082500 0.130625
15 0.478125 0.735938 0.082500 0.130625
2 0.596875 0.735938 0.082500 0.130625
22 0.715625 0.735938 0.082500 0.130625
21 0.834375 0.735938 0.082500 0.130625