10 0.159375 0.223438 0.110000 0.175313
7 0.315625 0.223438 0.110000 0.175313
22 0.471875 0.223438 0.110000 0.175313
14 0.628125 0.223438 0.110000 0.175313
19 0.784375 0.223438 0.110000 0.175313
18 0.159375 0.460938 0.110000 0.175313
7 0.315625 0.460938 0.110000 0.175313
23 0.471875 0.460938 0.110000 0.175313
15 0.628125 0.460938 0.110000 0.175313
11 0.784375 0.460938 0.110000 0.175313
23 0.159375 0.698438 0.110000 0.175313
1 0.315625 0.698438 0.110000 0.175313
24 0.471875 0.698438 0.110000 0.175313
14 0.628125 0.698438 0.110000 0.175313
6 0.784375 0.698438 0.110000 0.175313