10 0.119531 0.178125 0.070469 0.110000
3 0.222656 0.178125 0.070469 0.110000
20 0.325781 0.178125 0.070469 0.110000
11 0.428906 0.178125 0.070469 0.110000
15 0.532031 0.178125 0.070469 0.110000
16 0.635156 0.178125 0.070469 0.110000
7 0.738281 0.178125 0.070469 0.110000
7 0.841406 0.178125 0.070469 0.110000
22 0.119531 0.326562 0.070469 0.110000
25 0.222656 0.326562 0.070469 0.110000
16 0.325781 0.326562 0.070469 0.110000
5 0.428906 0.326562 0.070469 0.110000
0 0.532031 0.326562 0.070469 0.110000
12 0.635156 0.326562 0.070469 0.110000
19 0.738281 0.326562 0.070469 0.110000
20 0.841406 0.326562 0.070469 0.110000
3 0.119531 0.475000 0.070469 0.110000
15 0.222656 0.475000 0.070469 0.110000
19 0.325781 0.475000 0.070469 0.110000
24 0.428906 0.475000 0.070469 0.110000
5 0.532031 0.475000 0.070469 0.110000
18 0.635156 0.475000 0.070469 0.110000
0 0.738281 0.475000 0.070469 0.110000
12 0.841406 0.475000 0.070469 0.110000
20 0.119531 0.623437 0.070469 0.110000
22 0.222656 0.623437 0.070469 0.110000
22 0.325781 0.623437 0.070469 0.110000
7 0.428906 0.623437 0.070469 0.110000
11 0.532031 0.623437 0.070469 0.110000
3 0.635156 0.623437 0.070469 0.110000
19 0.738281 0.623437 0.070469 0.110000
23 0.841406 0.623437 0.070469 0.110000
5 0.119531 0.771875 0.070469 0.110000
2 0.222656 0.771875 0.070469 0.110000
22 0.325781 0.771875 0.070469 0.110000
11 0.428906 0.771875 0.070469 0.110000
6 0.532031 0.771875 0.070469 0.110000
2 0.635156 0.771875 0.070469 0.110000
13 0.738281 0.771875 0.070469 0.110000
23 0.841406 0.771875 0.070469 0.110000