19 0.153906 0.170313 0.094531 0.147812
0 0.283594 0.170313 0.094531 0.147812
22 0.413281 0.170313 0.094531 0.147812
11 0.542969 0.170313 0.094531 0.147812
22 0.672656 0.170313 0.094531 0.147812
10 0.802344 0.170313 0.094531 0.147812
15 0.153906 0.368750 0.094531 0.147812
19 0.283594 0.368750 0.094531 0.147812
1 0.413281 0.368750 0.094531 0.147812
15 0.542969 0.368750 0.094531 0.147812
18 0.672656 0.368750 0.094531 0.147812
24 0.802344 0.368750 0.094531 0.147812
15 0.153906 0.567187 0.094531 0.147812
15 0.283594 0.567187 0.094531 0.147812
1 0.413281 0.567187 0.094531 0.147812
25 0.542969 0.567187 0.094531 0.147812
3 0.672656 0.567187 0.094531 0.147812
3 0.802344 0.567187 0.094531 0.147812
1 0.153906 0.765625 0.094531 0.147812
5 0.283594 0.765625 0.094531 0.147812
24 0.413281 0.765625 0.094531 0.147812
13 0.542969 0.765625 0.094531 0.147812
10 0.672656 0.765625 0.094531 0.147812
8 0.802344 0.765625 0.094531 0.147812