20 0.104688 0.153125 0.058437 0.092812
10 0.198437 0.153125 0.058437 0.092812
20 0.292187 0.153125 0.058437 0.092812
14 0.385937 0.153125 0.058437 0.092812
3 0.479687 0.153125 0.058437 0.092812
0 0.573438 0.153125 0.058437 0.092812
0 0.667188 0.153125 0.058437 0.092812
23 0.760938 0.153125 0.058437 0.092812
13 0.854688 0.153125 0.058437 0.092812
0 0.104688 0.282813 0.058437 0.092812
13 0.198437 0.282813 0.058437 0.092812
8 0.292187 0.282813 0.058437 0.092812
19 0.385937 0.282813 0.058437 0.092812
21 0.479687 0.282813 0.058437 0.092812
17 0.573438 0.282813 0.058437 0.092812
1 0.667188 0.282813 0.058437 0.092812
1 0.760938 0.282813 0.058437 0.092812
20 0.854688 0.282813 0.058437 0.092812
18 0.104688 0.412500 0.058437 0.092812
23 0.198437 0.412500 0.058437 0.092812
17 0.292187 0.412500 0.058437 0.092812
19 0.385937 0.412500 0.058437 0.092812
5 0.479687 0.412500 0.058437 0.092812
20 0.573438 0.412500 0.058437 0.092812
14 0.667188 0.412500 0.058437 0.092812
1 0.760938 0.412500 0.058437 0.092812
1 0.854688 0.412500 0.058437 0.092812
22 0.104688 0.542188 0.058437 0.092812
10 0.198437 0.542188 0.058437 0.092812
6 0.292187 0.542188 0.058437 0.092812
22 0.385937 0.542188 0.058437 0.092812
3 0.479687 0.542188 0.058437 0.092812
12 0.573438 0.542188 0.058437 0.092812
24 0.667188 0.542188 0.058437 0.092812
19 0.760938 0.542188 0.058437 0.092812
3 0.854688 0.542188 0.058437 0.092812
10 0.104688 0.671875 0.058437 0.092812
10 0.198437 0.671875 0.058437 0.092812
9 0.292187 0.671875 0.058437 0.092812
4 0.385937 0.671875 0.058437 0.092812
21 0.479687 0.671875 0.058437 0.092812
25 0.573438 0.671875 0.058437 0.092812
25 0.667188 0.671875 0.058437 0.092812
23 0.760938 0.671875 0.058437 0.092812
0 0.854688 0.671875 0.058437 0.092812
16 0.104688 0.801562 0.058437 0.092812
18 0.198437 0.801562 0.058437 0.092812
6 0.292187 0.801562 0.058437 0.092812
16 0.385937 0.801562 0.058437 0.092812
24 0.479687 0.801562 0.058437 0.092812
6 0.573438 0.801562 0.058437 0.092812
14 0.667188 0.801562 0.058437 0.092812
6 0.760938 0.801562 0.058437 0.092812
19 0.854688 0.801562 0.058437 0.092812