8 0.143750 0.143750 0.082500 0.127188
8 0.256250 0.143750 0.082500 0.127188
6 0.368750 0.143750 0.082500 0.127188
1 0.481250 0.143750 0.082500 0.127188
18 0.593750 0.143750 0.082500 0.127188
13 0.706250 0.143750 0.082500 0.127188
3 0.818750 0.143750 0.082500 0.127188
0 0.143750 0.309375 0.082500 0.127188
6 0.256250 0.309375 0.082500 0.127188
20 0.368750 0.309375 0.082500 0.127188
2 0.481250 0.309375 0.082500 0.127188
1 0.593750 0.309375 0.082500 0.127188
18 0.706250 0.309375 0.082500 0.127188
0 0.818750 0.309375 0.082500 0.127188
20 0.143750 0.475000 0.082500 0.127188
24 0.256250 0.475000 0.082500 0.127188
24 0.368750 0.475000 0.082500 0.127188
7 0.481250 0.475000 0.082500 0.127188
10 0.593750 0.475000 0.082500 0.127188
20 0.706250 0.475000 0.082500 0.127188
17 0.818750 0.475000 0.082500 0.127188
10 0.143750 0.640625 0.082500 0.127188
13 0.256250 0.640625 0.082500 0.127188
1 0.368750 0.640625 0.082500 0.127188
1 0.481250 0.640625 0.082500 0.127188
3 0.593750 0.640625 0.082500 0.127188
8 0.706250 0.640625 0.082500 0.127188
18 0.818750 0.640625 0.082500 0.127188
22 0.143750 0.806250 0.082500 0.127188
6 0.256250 0.806250 0.082500 0.127188
19 0.368750 0.806250 0.082500 0.127188
7 0.481250 0.806250 0.082500 0.127188
17 0.593750 0.806250 0.082500 0.127188
22 0.706250 0.806250 0.082500 0.127188
12 0.818750 0.806250 0.082500 0.127188