6 0.097656 0.150000 0.060156 0.096250
7 0.183594 0.150000 0.060156 0.096250
7 0.269531 0.150000 0.060156 0.096250
5 0.355469 0.150000 0.060156 0.096250
12 0.441406 0.150000 0.060156 0.096250
15 0.527344 0.150000 0.060156 0.096250
17 0.613281 0.150000 0.060156 0.096250
1 0.699219 0.150000 0.060156 0.096250
20 0.785156 0.150000 0.060156 0.096250
13 0.871094 0.150000 0.060156 0.096250
2 0.097656 0.281250 0.060156 0.096250
25 0.183594 0.281250 0.060156 0.096250
18 0.269531 0.281250 0.060156 0.096250
5 0.355469 0.281250 0.060156 0.096250
6 0.441406 0.281250 0.060156 0.096250
19 0.527344 0.281250 0.060156 0.096250
25 0.613281 0.281250 0.060156 0.096250
9 0.699219 0.281250 0.060156 0.096250
13 0.785156 0.281250 0.060156 0.096250
16 0.871094 0.281250 0.060156 0.096250
23 0.097656 0.412500 0.060156 0.096250
7 0.183594 0.412500 0.060156 0.096250
13 0.269531 0.412500 0.060156 0.096250
0 0.355469 0.412500 0.060156 0.096250
15 0.441406 0.412500 0.060156 0.096250
3 0.527344 0.412500 0.060156 0.096250
3 0.613281 0.412500 0.060156 0.096250
14 0.699219 0.412500 0.060156 0.096250
24 0.785156 0.412500 0.060156 0.096250
2 0.871094 0.412500 0.060156 0.096250
10 0.097656 0.543750 0.060156 0.096250
14 0.183594 0.543750 0.060156 0.096250
9 0.269531 0.543750 0.060156 0.096250
13 0.355469 0.543750 0.060156 0.096250
5 0.441406 0.543750 0.060156 0.096250
19 0.527344 0.543750 0.060156 0.096250
16 0.613281 0.543750 0.060156 0.096250
6 0.699219 0.543750 0.060156 0.096250
2 0.785156 0.543750 0.060156 0.096250
12 0.871094 0.543750 0.060156 0.096250
6 0.097656 0.675000 0.060156 0.096250
8 0.183594 0.675000 0.060156 0.096250
8 0.269531 0.675000 0.060156 0.096250
8 0.355469 0.675000 0.060156 0.096250
24 0.441406 0.675000 0.060156 0.096250
15 0.527344 0.675000 0.060156 0.096250
1 0.613281 0.675000 0.060156 0.096250
12 0.699219 0.675000 0.060156 0.096250
6 0.785156 0.675000 0.060156 0.096250
6 0.871094 0.675000 0.060156 0.096250
25 0.097656 0.806250 0.060156 0.096250
13 0.183594 0.806250 0.060156 0.096250
21 0.269531 0.806250 0.060156 0.096250
4 0.355469 0.806250 0.060156 0.096250
3 0.441406 0.806250 0.060156 0.096250
2 0.527344 0.806250 0.060156 0.096250
15 0.613281 0.806250 0.060156 0.096250
9 0.699219 0.806250 0.060156 0.096250
23 0.785156 0.806250 0.060156 0.096250
12 0.871094 0.806250 0.060156 0.096250