6 0.106250 0.142187 0.072188 0.116875
11 0.228125 0.142187 0.072188 0.116875
25 0.350000 0.142187 0.072188 0.116875
8 0.471875 0.142187 0.072188 0.116875
16 0.593750 0.142187 0.072188 0.116875
19 0.715625 0.142187 0.072188 0.116875
13 0.837500 0.142187 0.072188 0.116875
10 0.106250 0.306250 0.072188 0.116875
19 0.228125 0.306250 0.072188 0.116875
21 0.350000 0.306250 0.072188 0.116875
16 0.471875 0.306250 0.072188 0.116875
9 0.593750 0.306250 0.072188 0.116875
18 0.715625 0.306250 0.072188 0.116875
20 0.837500 0.306250 0.072188 0.116875
0 0.106250 0.470313 0.072188 0.116875
8 0.228125 0.470313 0.072188 0.116875
5 0.350000 0.470313 0.072188 0.116875
5 0.471875 0.470313 0.072188 0.116875
16 0.593750 0.470313 0.072188 0.116875
24 0.715625 0.470313 0.072188 0.116875
7 0.837500 0.470313 0.072188 0.116875
17 0.106250 0.634375 0.072188 0.116875
19 0.228125 0.634375 0.072188 0.116875
3 0.350000 0.634375 0.072188 0.116875
20 0.471875 0.634375 0.072188 0.116875
19 0.593750 0.634375 0.072188 0.116875
6 0.715625 0.634375 0.072188 0.116875
2 0.837500 0.634375 0.072188 0.116875
2 0.106250 0.798438 0.072188 0.116875
10 0.228125 0.798438 0.072188 0.116875
3 0.350000 0.798438 0.072188 0.116875
4 0.471875 0.798438 0.072188 0.116875
16 0.593750 0.798438 0.072188 0.116875
19 0.715625 0.798438 0.072188 0.116875
14 0.837500 0.798438 0.072188 0.116875