15 0.135156 0.189062 0.084219 0.134063
17 0.269531 0.189062 0.084219 0.134063
6 0.403906 0.189062 0.084219 0.134063
15 0.538281 0.189062 0.084219 0.134063
19 0.672656 0.189062 0.084219 0.134063
3 0.807031 0.189062 0.084219 0.134063
11 0.135156 0.375000 0.084219 0.134063
22 0.269531 0.375000 0.084219 0.134063
17 0.403906 0.375000 0.084219 0.134063
16 0.538281 0.375000 0.084219 0.134063
0 0.672656 0.375000 0.084219 0.134063
20 0.807031 0.375000 0.084219 0.134063
9 0.135156 0.560937 0.084219 0.134063
22 0.269531 0.560937 0.084219 0.134063
24 0.403906 0.560937 0.084219 0.134063
23 0.538281 0.560937 0.084219 0.134063
18 0.672656 0.560937 0.084219 0.134063
4 0.807031 0.560937 0.084219 0.134063
23 0.135156 0.746875 0.084219 0.134063
3 0.269531 0.746875 0.084219 0.134063
21 0.403906 0.746875 0.084219 0.134063
19 0.538281 0.746875 0.084219 0.134063
10 0.672656 0.746875 0.084219 0.134063
2 0.807031 0.746875 0.084219 0.134063