23 0.096875 0.153125 0.058437 0.092812
10 0.182812 0.153125 0.058437 0.092812
13 0.268750 0.153125 0.058437 0.092812
12 0.354687 0.153125 0.058437 0.092812
9 0.440625 0.153125 0.058437 0.092812
0 0.526563 0.153125 0.058437 0.092812
3 0.612500 0.153125 0.058437 0.092812
3 0.698438 0.153125 0.058437 0.092812
13 0.784375 0.153125 0.058437 0.092812
24 0.870313 0.153125 0.058437 0.092812
5 0.096875 0.282813 0.058437 0.092812
2 0.182812 0.282813 0.058437 0.092812
1 0.268750 0.282813 0.058437 0.092812
0 0.354687 0.282813 0.058437 0.092812
5 0.440625 0.282813 0.058437 0.092812
19 0.526563 0.282813 0.058437 0.092812
17 0.612500 0.282813 0.058437 0.092812
12 0.698438 0.282813 0.058437 0.092812
13 0.784375 0.282813 0.058437 0.092812
9 0.870313 0.282813 0.058437 0.092812
24 0.096875 0.412500 0.058437 0.092812
7 0.182812 0.412500 0.058437 0.092812
5 0.268750 0.412500 0.058437 0.092812
23 0.354687 0.412500 0.058437 0.092812
5 0.440625 0.412500 0.058437 0.092812
8 0.526563 0.412500 0.058437 0.092812
21 0.612500 0.412500 0.058437 0.092812
5 0.698438 0.412500 0.058437 0.092812
23 0.784375 0.412500 0.058437 0.092812
16 0.870313 0.412500 0.058437 0.092812
16 0.096875 0.542188 0.058437 0.092812
6 0.182812 0.542188 0.058437 0.092812
5 0.268750 0.542188 0.058437 0.092812
23 0.354687 0.542188 0.058437 0.092812
12 0.440625 0.542188 0.058437 0.092812
15 0.526563 0.542188 0.058437 0.092812
25 0.612500 0.542188 0.058437 0.092812
4 0.698438 0.542188 0.058437 0.092812
8 0.784375 0.542188 0.058437 0.092812
5 0.870313 0.542188 0.058437 0.092812
3 0.096875 0.671875 0.058437 0.092812
21 0.182812 0.671875 0.058437 0.092812
0 0.268750 0.671875 0.058437 0.092812
3 0.354687 0.671875 0.058437 0.092812
25 0.440625 0.671875 0.058437 0.092812
24 0.526563 0.671875 0.058437 0.092812
0 0.612500 0.671875 0.058437 0.092812
5 0.698438 0.671875 0.058437 0.092812
18 0.784375 0.671875 0.058437 0.092812
16 0.870313 0.671875 0.058437 0.092812
11 0.096875 0.801562 0.058437 0.092812
23 0.182812 0.801562 0.058437 0.092812
16 0.268750 0.801562 0.058437 0.092812
0 0.354687 0.801562 0.058437 0.092812
24 0.440625 0.801562 0.058437 0.092812
14 0.526563 0.801562 0.058437 0.092812
3 0.612500 0.801562 0.058437 0.092812
19 0.698438 0.801562 0.058437 0.092812
6 0.784375 0.801562 0.058437 0.092812
10 0.870313 0.801562 0.058437 0.092812