1 0.120313 0.190625 0.092812 0.144375
20 0.240625 0.190625 0.092812 0.144375
24 0.360938 0.190625 0.092812 0.144375
15 0.481250 0.190625 0.092812 0.144375
11 0.601562 0.190625 0.092812 0.144375
6 0.721875 0.190625 0.092812 0.144375
6 0.842187 0.190625 0.092812 0.144375
9 0.120313 0.378125 0.092812 0.144375
0 0.240625 0.378125 0.092812 0.144375
18 0.360938 0.378125 0.092812 0.144375
18 0.481250 0.378125 0.092812 0.144375
12 0.601562 0.378125 0.092812 0.144375
16 0.721875 0.378125 0.092812 0.144375
0 0.842187 0.378125 0.092812 0.144375
4 0.120313 0.565625 0.092812 0.144375
12 0.240625 0.565625 0.092812 0.144375
6 0.360938 0.565625 0.092812 0.144375
11 0.481250 0.565625 0.092812 0.144375
21 0.601562 0.565625 0.092812 0.144375
9 0.721875 0.565625 0.092812 0.144375
1 0.842187 0.565625 0.092812 0.144375
14 0.120313 0.753125 0.092812 0.144375
11 0.240625 0.753125 0.092812 0.144375
16 0.360938 0.753125 0.092812 0.144375
15 0.481250 0.753125 0.092812 0.144375
2 0.601562 0.753125 0.092812 0.144375
16 0.721875 0.753125 0.092812 0.144375
19 0.842187 0.753125 0.092812 0.144375