12 0.101562 0.201563 0.085938 0.134063
25 0.226562 0.201563 0.085938 0.134063
3 0.351562 0.201563 0.085938 0.134063
6 0.476562 0.201563 0.085938 0.134063
3 0.601562 0.201563 0.085938 0.134063
23 0.726562 0.201563 0.085938 0.134063
2 0.851562 0.201563 0.085938 0.134063
5 0.101562 0.381250 0.085938 0.134063
20 0.226562 0.381250 0.085938 0.134063
20 0.351562 0.381250 0.085938 0.134063
9 0.476562 0.381250 0.085938 0.134063
20 0.601562 0.381250 0.085938 0.134063
25 0.726562 0.381250 0.085938 0.134063
14 0.851562 0.381250 0.085938 0.134063
16 0.101562 0.560937 0.085938 0.134063
0 0.226562 0.560937 0.085938 0.134063
18 0.351562 0.560937 0.085938 0.134063
14 0.476562 0.560937 0.085938 0.134063
12 0.601562 0.560937 0.085938 0.134063
19 0.726562 0.560937 0.085938 0.134063
5 0.851562 0.560937 0.085938 0.134063
4 0.101562 0.740625 0.085938 0.134063
15 0.226562 0.740625 0.085938 0.134063
0 0.351562 0.740625 0.085938 0.134063
22 0.476562 0.740625 0.085938 0.134063
20 0.601562 0.740625 0.085938 0.134063
21 0.726562 0.740625 0.085938 0.134063
3 0.851562 0.740625 0.085938 0.134063