17 0.137500 0.189062 0.089375 0.140937
19 0.271875 0.189062 0.089375 0.140937
3 0.406250 0.189062 0.089375 0.140937
4 0.540625 0.189062 0.089375 0.140937
23 0.675000 0.189062 0.089375 0.140937
2 0.809375 0.189062 0.089375 0.140937
15 0.137500 0.376563 0.089375 0.140937
1 0.271875 0.376563 0.089375 0.140937
3 0.406250 0.376563 0.089375 0.140937
4 0.540625 0.376563 0.089375 0.140937
18 0.675000 0.376563 0.089375 0.140937
5 0.809375 0.376563 0.089375 0.140937
5 0.137500 0.564063 0.089375 0.140937
15 0.271875 0.564063 0.089375 0.140937
4 0.406250 0.564063 0.089375 0.140937
10 0.540625 0.564063 0.089375 0.140937
18 0.675000 0.564063 0.089375 0.140937
11 0.809375 0.564063 0.089375 0.140937
7 0.137500 0.751563 0.089375 0.140937
18 0.271875 0.751563 0.089375 0.140937
22 0.406250 0.751563 0.089375 0.140937
0 0.540625 0.751563 0.089375 0.140937
24 0.675000 0.751563 0.089375 0.140937
5 0.809375 0.751563 0.089375 0.140937