5 0.171875 0.234375 0.103125 0.165000
23 0.321875 0.234375 0.103125 0.165000
15 0.471875 0.234375 0.103125 0.165000
19 0.621875 0.234375 0.103125 0.165000
8 0.771875 0.234375 0.103125 0.165000
23 0.171875 0.460938 0.103125 0.165000
1 0.321875 0.460938 0.103125 0.165000
22 0.471875 0.460938 0.103125 0.165000
4 0.621875 0.460938 0.103125 0.165000
6 0.771875 0.460938 0.103125 0.165000
13 0.171875 0.687500 0.103125 0.165000
12 0.321875 0.687500 0.103125 0.165000
7 0.471875 0.687500 0.103125 0.165000
13 0.621875 0.687500 0.103125 0.165000
12 0.771875 0.687500 0.103125 0.165000