20 0.139844 0.214062 0.087656 0.134063
20 0.253906 0.214062 0.087656 0.134063
13 0.367969 0.214062 0.087656 0.134063
20 0.482031 0.214062 0.087656 0.134063
1 0.596094 0.214062 0.087656 0.134063
11 0.710156 0.214062 0.087656 0.134063
14 0.824219 0.214062 0.087656 0.134063
3 0.139844 0.387500 0.087656 0.134063
2 0.253906 0.387500 0.087656 0.134063
5 0.367969 0.387500 0.087656 0.134063
14 0.482031 0.387500 0.087656 0.134063
16 0.596094 0.387500 0.087656 0.134063
25 0.710156 0.387500 0.087656 0.134063
3 0.824219 0.387500 0.087656 0.134063
2 0.139844 0.560937 0.087656 0.134063
17 0.253906 0.560937 0.087656 0.134063
9 0.367969 0.560937 0.087656 0.134063
13 0.482031 0.560937 0.087656 0.134063
14 0.596094 0.560937 0.087656 0.134063
0 0.710156 0.560937 0.087656 0.134063
14 0.824219 0.560937 0.087656 0.134063
6 0.139844 0.734375 0.087656 0.134063
16 0.253906 0.734375 0.087656 0.134063
5 0.367969 0.734375 0.087656 0.134063
7 0.482031 0.734375 0.087656 0.134063
11 0.596094 0.734375 0.087656 0.134063
25 0.710156 0.734375 0.087656 0.134063
10 0.824219 0.734375 0.087656 0.134063