2 0.173437 0.248438 0.099687 0.158125
15 0.321875 0.248438 0.099687 0.158125
7 0.470313 0.248438 0.099687 0.158125
8 0.618750 0.248438 0.099687 0.158125
9 0.767188 0.248438 0.099687 0.158125
9 0.173437 0.464062 0.099687 0.158125
9 0.321875 0.464062 0.099687 0.158125
5 0.470313 0.464062 0.099687 0.158125
4 0.618750 0.464062 0.099687 0.158125
12 0.767188 0.464062 0.099687 0.158125
7 0.173437 0.679688 0.099687 0.158125
13 0.321875 0.679688 0.099687 0.158125
16 0.470313 0.679688 0.099687 0.158125
22 0.618750 0.679688 0.099687 0.158125
6 0.767188 0.679688 0.099687 0.158125