6 0.141406 0.181250 0.097969 0.151250
19 0.275781 0.181250 0.097969 0.151250
0 0.410156 0.181250 0.097969 0.151250
17 0.544531 0.181250 0.097969 0.151250
11 0.678906 0.181250 0.097969 0.151250
14 0.813281 0.181250 0.097969 0.151250
11 0.141406 0.375000 0.097969 0.151250
9 0.275781 0.375000 0.097969 0.151250
6 0.410156 0.375000 0.097969 0.151250
9 0.544531 0.375000 0.097969 0.151250
24 0.678906 0.375000 0.097969 0.151250
20 0.813281 0.375000 0.097969 0.151250
16 0.141406 0.568750 0.097969 0.151250
25 0.275781 0.568750 0.097969 0.151250
6 0.410156 0.568750 0.097969 0.151250
25 0.544531 0.568750 0.097969 0.151250
0 0.678906 0.568750 0.097969 0.151250
2 0.813281 0.568750 0.097969 0.151250
11 0.141406 0.762500 0.097969 0.151250
19 0.275781 0.762500 0.097969 0.151250
17 0.410156 0.762500 0.097969 0.151250
8 0.544531 0.762500 0.097969 0.151250
22 0.678906 0.762500 0.097969 0.151250
14 0.813281 0.762500 0.097969 0.151250