21 0.122656 0.151562 0.077344 0.120313
14 0.225781 0.151562 0.077344 0.120313
0 0.328906 0.151562 0.077344 0.120313
1 0.432031 0.151562 0.077344 0.120313
19 0.535156 0.151562 0.077344 0.120313
2 0.638281 0.151562 0.077344 0.120313
0 0.741406 0.151562 0.077344 0.120313
2 0.844531 0.151562 0.077344 0.120313
12 0.122656 0.312500 0.077344 0.120313
15 0.225781 0.312500 0.077344 0.120313
10 0.328906 0.312500 0.077344 0.120313
15 0.432031 0.312500 0.077344 0.120313
24 0.535156 0.312500 0.077344 0.120313
22 0.638281 0.312500 0.077344 0.120313
2 0.741406 0.312500 0.077344 0.120313
17 0.844531 0.312500 0.077344 0.120313
16 0.122656 0.473438 0.077344 0.120313
17 0.225781 0.473438 0.077344 0.120313
23 0.328906 0.473438 0.077344 0.120313
18 0.432031 0.473438 0.077344 0.120313
13 0.535156 0.473438 0.077344 0.120313
20 0.638281 0.473438 0.077344 0.120313
16 0.741406 0.473438 0.077344 0.120313
12 0.844531 0.473438 0.077344 0.120313
10 0.122656 0.634375 0.077344 0.120313
23 0.225781 0.634375 0.077344 0.120313
21 0.328906 0.634375 0.077344 0.120313
25 0.432031 0.634375 0.077344 0.120313
8 0.535156 0.634375 0.077344 0.120313
16 0.638281 0.634375 0.077344 0.120313
14 0.741406 0.634375 0.077344 0.120313
15 0.844531 0.634375 0.077344 0.120313
10 0.122656 0.795312 0.077344 0.120313
24 0.225781 0.795312 0.077344 0.120313
21 0.328906 0.795312 0.077344 0.120313
8 0.432031 0.795312 0.077344 0.120313
25 0.535156 0.795312 0.077344 0.120313
11 0.638281 0.795312 0.077344 0.120313
10 0.741406 0.795312 0.077344 0.120313
5 0.844531 0.795312 0.077344 0.120313