23 0.082812 0.168750 0.072188 0.113437
6 0.182812 0.168750 0.072188 0.113437
6 0.282813 0.168750 0.072188 0.113437
10 0.382812 0.168750 0.072188 0.113437
22 0.482812 0.168750 0.072188 0.113437
3 0.582812 0.168750 0.072188 0.113437
7 0.682813 0.168750 0.072188 0.113437
0 0.782813 0.168750 0.072188 0.113437
24 0.882812 0.168750 0.072188 0.113437
6 0.082812 0.321875 0.072188 0.113437
11 0.182812 0.321875 0.072188 0.113437
22 0.282813 0.321875 0.072188 0.113437
6 0.382812 0.321875 0.072188 0.113437
8 0.482812 0.321875 0.072188 0.113437
1 0.582812 0.321875 0.072188 0.113437
1 0.682813 0.321875 0.072188 0.113437
5 0.782813 0.321875 0.072188 0.113437
11 0.882812 0.321875 0.072188 0.113437
2 0.082812 0.475000 0.072188 0.113437
25 0.182812 0.475000 0.072188 0.113437
9 0.282813 0.475000 0.072188 0.113437
10 0.382812 0.475000 0.072188 0.113437
23 0.482812 0.475000 0.072188 0.113437
17 0.582812 0.475000 0.072188 0.113437
3 0.682813 0.475000 0.072188 0.113437
8 0.782813 0.475000 0.072188 0.113437
9 0.882812 0.475000 0.072188 0.113437
22 0.082812 0.628125 0.072188 0.113437
21 0.182812 0.628125 0.072188 0.113437
23 0.282813 0.628125 0.072188 0.113437
12 0.382812 0.628125 0.072188 0.113437
25 0.482812 0.628125 0.072188 0.113437
4 0.582812 0.628125 0.072188 0.113437
10 0.682813 0.628125 0.072188 0.113437
13 0.782813 0.628125 0.072188 0.113437
10 0.882812 0.628125 0.072188 0.113437
13 0.082812 0.781250 0.072188 0.113437
11 0.182812 0.781250 0.072188 0.113437
19 0.282813 0.781250 0.072188 0.113437
23 0.382812 0.781250 0.072188 0.113437
19 0.482812 0.781250 0.072188 0.113437
13 0.582812 0.781250 0.072188 0.113437
2 0.682813 0.781250 0.072188 0.113437
12 0.782813 0.781250 0.072188 0.113437
8 0.882812 0.781250 0.072188 0.113437