4 0.154688 0.260937 0.096250 0.151250
4 0.284375 0.260937 0.096250 0.151250
20 0.414062 0.260937 0.096250 0.151250
2 0.543750 0.260937 0.096250 0.151250
4 0.673438 0.260937 0.096250 0.151250
18 0.803125 0.260937 0.096250 0.151250
11 0.154688 0.465625 0.096250 0.151250
6 0.284375 0.465625 0.096250 0.151250
16 0.414062 0.465625 0.096250 0.151250
25 0.543750 0.465625 0.096250 0.151250
8 0.673438 0.465625 0.096250 0.151250
14 0.803125 0.465625 0.096250 0.151250
22 0.154688 0.670312 0.096250 0.151250
8 0.284375 0.670312 0.096250 0.151250
7 0.414062 0.670312 0.096250 0.151250
19 0.543750 0.670312 0.096250 0.151250
13 0.673438 0.670312 0.096250 0.151250
1 0.803125 0.670312 0.096250 0.151250