23 0.167187 0.264062 0.103125 0.158125
2 0.318750 0.264062 0.103125 0.158125
1 0.470313 0.264062 0.103125 0.158125
3 0.621875 0.264062 0.103125 0.158125
25 0.773438 0.264062 0.103125 0.158125
16 0.167187 0.468750 0.103125 0.158125
21 0.318750 0.468750 0.103125 0.158125
9 0.470313 0.468750 0.103125 0.158125
6 0.621875 0.468750 0.103125 0.158125
12 0.773438 0.468750 0.103125 0.158125
24 0.167187 0.673438 0.103125 0.158125
12 0.318750 0.673438 0.103125 0.158125
15 0.470313 0.673438 0.103125 0.158125
23 0.621875 0.673438 0.103125 0.158125
19 0.773438 0.673438 0.103125 0.158125