0 0.089844 0.150000 0.073906 0.116875
8 0.200781 0.150000 0.073906 0.116875
9 0.311719 0.150000 0.073906 0.116875
20 0.422656 0.150000 0.073906 0.116875
7 0.533594 0.150000 0.073906 0.116875
23 0.644531 0.150000 0.073906 0.116875
19 0.755469 0.150000 0.073906 0.116875
17 0.866406 0.150000 0.073906 0.116875
2 0.089844 0.310937 0.073906 0.116875
8 0.200781 0.310937 0.073906 0.116875
11 0.311719 0.310937 0.073906 0.116875
13 0.422656 0.310937 0.073906 0.116875
10 0.533594 0.310937 0.073906 0.116875
10 0.644531 0.310937 0.073906 0.116875
17 0.755469 0.310937 0.073906 0.116875
2 0.866406 0.310937 0.073906 0.116875
2 0.089844 0.471875 0.073906 0.116875
18 0.200781 0.471875 0.073906 0.116875
13 0.311719 0.471875 0.073906 0.116875
3 0.422656 0.471875 0.073906 0.116875
13 0.533594 0.471875 0.073906 0.116875
11 0.644531 0.471875 0.073906 0.116875
17 0.755469 0.471875 0.073906 0.116875
0 0.866406 0.471875 0.073906 0.116875
15 0.089844 0.632812 0.073906 0.116875
16 0.200781 0.632812 0.073906 0.116875
17 0.311719 0.632812 0.073906 0.116875
11 0.422656 0.632812 0.073906 0.116875
1 0.533594 0.632812 0.073906 0.116875
25 0.644531 0.632812 0.073906 0.116875
4 0.755469 0.632812 0.073906 0.116875
24 0.866406 0.632812 0.073906 0.116875
15 0.089844 0.793750 0.073906 0.116875
10 0.200781 0.793750 0.073906 0.116875
13 0.311719 0.793750 0.073906 0.116875
10 0.422656 0.793750 0.073906 0.116875
7 0.533594 0.793750 0.073906 0.116875
25 0.644531 0.793750 0.073906 0.116875
3 0.755469 0.793750 0.073906 0.116875
2 0.866406 0.793750 0.073906 0.116875