19 0.171094 0.256250 0.094531 0.151250
9 0.319531 0.256250 0.094531 0.151250
9 0.467969 0.256250 0.094531 0.151250
13 0.616406 0.256250 0.094531 0.151250
18 0.764844 0.256250 0.094531 0.151250
12 0.171094 0.464062 0.094531 0.151250
20 0.319531 0.464062 0.094531 0.151250
7 0.467969 0.464062 0.094531 0.151250
17 0.616406 0.464062 0.094531 0.151250
13 0.764844 0.464062 0.094531 0.151250
5 0.171094 0.671875 0.094531 0.151250
15 0.319531 0.671875 0.094531 0.151250
17 0.467969 0.671875 0.094531 0.151250
10 0.616406 0.671875 0.094531 0.151250
23 0.764844 0.671875 0.094531 0.151250