13 0.137500 0.182812 0.089375 0.140937
15 0.271875 0.182812 0.089375 0.140937
20 0.406250 0.182812 0.089375 0.140937
11 0.540625 0.182812 0.089375 0.140937
17 0.675000 0.182812 0.089375 0.140937
19 0.809375 0.182812 0.089375 0.140937
17 0.137500 0.373437 0.089375 0.140937
17 0.271875 0.373437 0.089375 0.140937
19 0.406250 0.373437 0.089375 0.140937
10 0.540625 0.373437 0.089375 0.140937
15 0.675000 0.373437 0.089375 0.140937
8 0.809375 0.373437 0.089375 0.140937
21 0.137500 0.564063 0.089375 0.140937
12 0.271875 0.564063 0.089375 0.140937
12 0.406250 0.564063 0.089375 0.140937
0 0.540625 0.564063 0.089375 0.140937
23 0.675000 0.564063 0.089375 0.140937
7 0.809375 0.564063 0.089375 0.140937
12 0.137500 0.754687 0.089375 0.140937
20 0.271875 0.754687 0.089375 0.140937
18 0.406250 0.754687 0.089375 0.140937
0 0.540625 0.754687 0.089375 0.140937
17 0.675000 0.754687 0.089375 0.140937
15 0.809375 0.754687 0.089375 0.140937