5 0.091406 0.159375 0.077344 0.120313
0 0.202344 0.159375 0.077344 0.120313
12 0.313281 0.159375 0.077344 0.120313
20 0.424219 0.159375 0.077344 0.120313
20 0.535156 0.159375 0.077344 0.120313
21 0.646094 0.159375 0.077344 0.120313
16 0.757031 0.159375 0.077344 0.120313
17 0.867969 0.159375 0.077344 0.120313
0 0.091406 0.317188 0.077344 0.120313
16 0.202344 0.317188 0.077344 0.120313
24 0.313281 0.317188 0.077344 0.120313
3 0.424219 0.317188 0.077344 0.120313
7 0.535156 0.317188 0.077344 0.120313
23 0.646094 0.317188 0.077344 0.120313
3 0.757031 0.317188 0.077344 0.120313
0 0.867969 0.317188 0.077344 0.120313
7 0.091406 0.475000 0.077344 0.120313
11 0.202344 0.475000 0.077344 0.120313
2 0.313281 0.475000 0.077344 0.120313
21 0.424219 0.475000 0.077344 0.120313
23 0.535156 0.475000 0.077344 0.120313
12 0.646094 0.475000 0.077344 0.120313
0 0.757031 0.475000 0.077344 0.120313
20 0.867969 0.475000 0.077344 0.120313
17 0.091406 0.632812 0.077344 0.120313
3 0.202344 0.632812 0.077344 0.120313
17 0.313281 0.632812 0.077344 0.120313
16 0.424219 0.632812 0.077344 0.120313
12 0.535156 0.632812 0.077344 0.120313
7 0.646094 0.632812 0.077344 0.120313
24 0.757031 0.632812 0.077344 0.120313
4 0.867969 0.632812 0.077344 0.120313
3 0.091406 0.790625 0.077344 0.120313
5 0.202344 0.790625 0.077344 0.120313
14 0.313281 0.790625 0.077344 0.120313
4 0.424219 0.790625 0.077344 0.120313
16 0.535156 0.790625 0.077344 0.120313
10 0.646094 0.790625 0.077344 0.120313
5 0.757031 0.790625 0.077344 0.120313
17 0.867969 0.790625 0.077344 0.120313