1 0.103125 0.198437 0.079063 0.127188
15 0.226562 0.198437 0.079063 0.127188
10 0.350000 0.198437 0.079063 0.127188
3 0.473438 0.198437 0.079063 0.127188
21 0.596875 0.198437 0.079063 0.127188
20 0.720313 0.198437 0.079063 0.127188
23 0.843750 0.198437 0.079063 0.127188
18 0.103125 0.378125 0.079063 0.127188
11 0.226562 0.378125 0.079063 0.127188
20 0.350000 0.378125 0.079063 0.127188
8 0.473438 0.378125 0.079063 0.127188
9 0.596875 0.378125 0.079063 0.127188
21 0.720313 0.378125 0.079063 0.127188
7 0.843750 0.378125 0.079063 0.127188
19 0.103125 0.557813 0.079063 0.127188
25 0.226562 0.557813 0.079063 0.127188
25 0.350000 0.557813 0.079063 0.127188
24 0.473438 0.557813 0.079063 0.127188
21 0.596875 0.557813 0.079063 0.127188
16 0.720313 0.557813 0.079063 0.127188
24 0.843750 0.557813 0.079063 0.127188
21 0.103125 0.737500 0.079063 0.127188
21 0.226562 0.737500 0.079063 0.127188
17 0.350000 0.737500 0.079063 0.127188
24 0.473438 0.737500 0.079063 0.127188
22 0.596875 0.737500 0.079063 0.127188
22 0.720313 0.737500 0.079063 0.127188
21 0.843750 0.737500 0.079063 0.127188