8 0.142969 0.160938 0.080781 0.123750
25 0.255469 0.160938 0.080781 0.123750
11 0.367969 0.160938 0.080781 0.123750
4 0.480469 0.160938 0.080781 0.123750
18 0.592969 0.160938 0.080781 0.123750
23 0.705469 0.160938 0.080781 0.123750
18 0.817969 0.160938 0.080781 0.123750
14 0.142969 0.318750 0.080781 0.123750
12 0.255469 0.318750 0.080781 0.123750
12 0.367969 0.318750 0.080781 0.123750
21 0.480469 0.318750 0.080781 0.123750
22 0.592969 0.318750 0.080781 0.123750
8 0.705469 0.318750 0.080781 0.123750
20 0.817969 0.318750 0.080781 0.123750
23 0.142969 0.476562 0.080781 0.123750
19 0.255469 0.476562 0.080781 0.123750
22 0.367969 0.476562 0.080781 0.123750
12 0.480469 0.476562 0.080781 0.123750
10 0.592969 0.476562 0.080781 0.123750
21 0.705469 0.476562 0.080781 0.123750
2 0.817969 0.476562 0.080781 0.123750
15 0.142969 0.634375 0.080781 0.123750
13 0.255469 0.634375 0.080781 0.123750
8 0.367969 0.634375 0.080781 0.123750
19 0.480469 0.634375 0.080781 0.123750
0 0.592969 0.634375 0.080781 0.123750
22 0.705469 0.634375 0.080781 0.123750
10 0.817969 0.634375 0.080781 0.123750
13 0.142969 0.792188 0.080781 0.123750
1 0.255469 0.792188 0.080781 0.123750
6 0.367969 0.792188 0.080781 0.123750
11 0.480469 0.792188 0.080781 0.123750
12 0.592969 0.792188 0.080781 0.123750
24 0.705469 0.792188 0.080781 0.123750
12 0.817969 0.792188 0.080781 0.123750