11 0.178125 0.253125 0.099687 0.158125
16 0.325000 0.253125 0.099687 0.158125
0 0.471875 0.253125 0.099687 0.158125
3 0.618750 0.253125 0.099687 0.158125
12 0.765625 0.253125 0.099687 0.158125
11 0.178125 0.465625 0.099687 0.158125
15 0.325000 0.465625 0.099687 0.158125
8 0.471875 0.465625 0.099687 0.158125
14 0.618750 0.465625 0.099687 0.158125
15 0.765625 0.465625 0.099687 0.158125
19 0.178125 0.678125 0.099687 0.158125
18 0.325000 0.678125 0.099687 0.158125
18 0.471875 0.678125 0.099687 0.158125
24 0.618750 0.678125 0.099687 0.158125
3 0.765625 0.678125 0.099687 0.158125