17 0.120313 0.190625 0.092812 0.144375
12 0.240625 0.190625 0.092812 0.144375
6 0.360938 0.190625 0.092812 0.144375
5 0.481250 0.190625 0.092812 0.144375
6 0.601562 0.190625 0.092812 0.144375
23 0.721875 0.190625 0.092812 0.144375
17 0.842187 0.190625 0.092812 0.144375
9 0.120313 0.378125 0.092812 0.144375
19 0.240625 0.378125 0.092812 0.144375
15 0.360938 0.378125 0.092812 0.144375
10 0.481250 0.378125 0.092812 0.144375
7 0.601562 0.378125 0.092812 0.144375
10 0.721875 0.378125 0.092812 0.144375
5 0.842187 0.378125 0.092812 0.144375
23 0.120313 0.565625 0.092812 0.144375
5 0.240625 0.565625 0.092812 0.144375
4 0.360938 0.565625 0.092812 0.144375
7 0.481250 0.565625 0.092812 0.144375
9 0.601562 0.565625 0.092812 0.144375
12 0.721875 0.565625 0.092812 0.144375
11 0.842187 0.565625 0.092812 0.144375
19 0.120313 0.753125 0.092812 0.144375
17 0.240625 0.753125 0.092812 0.144375
1 0.360938 0.753125 0.092812 0.144375
16 0.481250 0.753125 0.092812 0.144375
9 0.601562 0.753125 0.092812 0.144375
3 0.721875 0.753125 0.092812 0.144375
25 0.842187 0.753125 0.092812 0.144375