14 0.125000 0.190625 0.092812 0.144375
22 0.264062 0.190625 0.092812 0.144375
10 0.403125 0.190625 0.092812 0.144375
9 0.542188 0.190625 0.092812 0.144375
20 0.681250 0.190625 0.092812 0.144375
1 0.820312 0.190625 0.092812 0.144375
22 0.125000 0.378125 0.092812 0.144375
23 0.264062 0.378125 0.092812 0.144375
17 0.403125 0.378125 0.092812 0.144375
18 0.542188 0.378125 0.092812 0.144375
23 0.681250 0.378125 0.092812 0.144375
21 0.820312 0.378125 0.092812 0.144375
12 0.125000 0.565625 0.092812 0.144375
16 0.264062 0.565625 0.092812 0.144375
10 0.403125 0.565625 0.092812 0.144375
11 0.542188 0.565625 0.092812 0.144375
3 0.681250 0.565625 0.092812 0.144375
15 0.820312 0.565625 0.092812 0.144375
7 0.125000 0.753125 0.092812 0.144375
8 0.264062 0.753125 0.092812 0.144375
22 0.403125 0.753125 0.092812 0.144375
19 0.542188 0.753125 0.092812 0.144375
3 0.681250 0.753125 0.092812 0.144375
8 0.820312 0.753125 0.092812 0.144375