21 0.144531 0.221875 0.084219 0.130625
25 0.257031 0.221875 0.084219 0.130625
0 0.369531 0.221875 0.084219 0.130625
23 0.482031 0.221875 0.084219 0.130625
25 0.594531 0.221875 0.084219 0.130625
9 0.707031 0.221875 0.084219 0.130625
21 0.819531 0.221875 0.084219 0.130625
7 0.144531 0.390625 0.084219 0.130625
5 0.257031 0.390625 0.084219 0.130625
12 0.369531 0.390625 0.084219 0.130625
8 0.482031 0.390625 0.084219 0.130625
6 0.594531 0.390625 0.084219 0.130625
1 0.707031 0.390625 0.084219 0.130625
23 0.819531 0.390625 0.084219 0.130625
9 0.144531 0.559375 0.084219 0.130625
15 0.257031 0.559375 0.084219 0.130625
24 0.369531 0.559375 0.084219 0.130625
4 0.482031 0.559375 0.084219 0.130625
22 0.594531 0.559375 0.084219 0.130625
16 0.707031 0.559375 0.084219 0.130625
17 0.819531 0.559375 0.084219 0.130625
12 0.144531 0.728125 0.084219 0.130625
9 0.257031 0.728125 0.084219 0.130625
4 0.369531 0.728125 0.084219 0.130625
25 0.482031 0.728125 0.084219 0.130625
25 0.594531 0.728125 0.084219 0.130625
0 0.707031 0.728125 0.084219 0.130625
21 0.819531 0.728125 0.084219 0.130625