18 0.110937 0.171875 0.079063 0.120313
14 0.217188 0.171875 0.079063 0.120313
21 0.323437 0.171875 0.079063 0.120313
17 0.429688 0.171875 0.079063 0.120313
11 0.535937 0.171875 0.079063 0.120313
6 0.642188 0.171875 0.079063 0.120313
24 0.748437 0.171875 0.079063 0.120313
15 0.854688 0.171875 0.079063 0.120313
19 0.110937 0.325000 0.079063 0.120313
20 0.217188 0.325000 0.079063 0.120313
1 0.323437 0.325000 0.079063 0.120313
0 0.429688 0.325000 0.079063 0.120313
2 0.535937 0.325000 0.079063 0.120313
15 0.642188 0.325000 0.079063 0.120313
3 0.748437 0.325000 0.079063 0.120313
3 0.854688 0.325000 0.079063 0.120313
10 0.110937 0.478125 0.079063 0.120313
20 0.217188 0.478125 0.079063 0.120313
22 0.323437 0.478125 0.079063 0.120313
13 0.429688 0.478125 0.079063 0.120313
0 0.535937 0.478125 0.079063 0.120313
9 0.642188 0.478125 0.079063 0.120313
9 0.748437 0.478125 0.079063 0.120313
22 0.854688 0.478125 0.079063 0.120313
3 0.110937 0.631250 0.079063 0.120313
4 0.217188 0.631250 0.079063 0.120313
17 0.323437 0.631250 0.079063 0.120313
15 0.429688 0.631250 0.079063 0.120313
8 0.535937 0.631250 0.079063 0.120313
4 0.642188 0.631250 0.079063 0.120313
15 0.748437 0.631250 0.079063 0.120313
2 0.854688 0.631250 0.079063 0.120313
7 0.110937 0.784375 0.079063 0.120313
24 0.217188 0.784375 0.079063 0.120313
10 0.323437 0.784375 0.079063 0.120313
15 0.429688 0.784375 0.079063 0.120313
18 0.535937 0.784375 0.079063 0.120313
23 0.642188 0.784375 0.079063 0.120313
2 0.748437 0.784375 0.079063 0.120313
1 0.854688 0.784375 0.079063 0.120313