15 0.148438 0.221875 0.113437 0.178750
25 0.309375 0.221875 0.113437 0.178750
9 0.470313 0.221875 0.113437 0.178750
8 0.631250 0.221875 0.113437 0.178750
13 0.792188 0.221875 0.113437 0.178750
13 0.148438 0.460938 0.113437 0.178750
20 0.309375 0.460938 0.113437 0.178750
5 0.470313 0.460938 0.113437 0.178750
9 0.631250 0.460938 0.113437 0.178750
19 0.792188 0.460938 0.113437 0.178750
10 0.148438 0.700000 0.113437 0.178750
16 0.309375 0.700000 0.113437 0.178750
17 0.470313 0.700000 0.113437 0.178750
9 0.631250 0.700000 0.113437 0.178750
1 0.792188 0.700000 0.113437 0.178750