6 0.128906 0.178125 0.091094 0.144375
11 0.266406 0.178125 0.091094 0.144375
20 0.403906 0.178125 0.091094 0.144375
12 0.541406 0.178125 0.091094 0.144375
5 0.678906 0.178125 0.091094 0.144375
22 0.816406 0.178125 0.091094 0.144375
18 0.128906 0.371875 0.091094 0.144375
6 0.266406 0.371875 0.091094 0.144375
19 0.403906 0.371875 0.091094 0.144375
7 0.541406 0.371875 0.091094 0.144375
7 0.678906 0.371875 0.091094 0.144375
18 0.816406 0.371875 0.091094 0.144375
20 0.128906 0.565625 0.091094 0.144375
25 0.266406 0.565625 0.091094 0.144375
23 0.403906 0.565625 0.091094 0.144375
7 0.541406 0.565625 0.091094 0.144375
1 0.678906 0.565625 0.091094 0.144375
7 0.816406 0.565625 0.091094 0.144375
17 0.128906 0.759375 0.091094 0.144375
7 0.266406 0.759375 0.091094 0.144375
15 0.403906 0.759375 0.091094 0.144375
13 0.541406 0.759375 0.091094 0.144375
11 0.678906 0.759375 0.091094 0.144375
15 0.816406 0.759375 0.091094 0.144375