5 0.134375 0.140625 0.075625 0.120313
2 0.248438 0.140625 0.075625 0.120313
20 0.362500 0.140625 0.075625 0.120313
25 0.476562 0.140625 0.075625 0.120313
12 0.590625 0.140625 0.075625 0.120313
20 0.704688 0.140625 0.075625 0.120313
0 0.818750 0.140625 0.075625 0.120313
15 0.134375 0.306250 0.075625 0.120313
9 0.248438 0.306250 0.075625 0.120313
18 0.362500 0.306250 0.075625 0.120313
13 0.476562 0.306250 0.075625 0.120313
25 0.590625 0.306250 0.075625 0.120313
16 0.704688 0.306250 0.075625 0.120313
25 0.818750 0.306250 0.075625 0.120313
17 0.134375 0.471875 0.075625 0.120313
23 0.248438 0.471875 0.075625 0.120313
20 0.362500 0.471875 0.075625 0.120313
16 0.476562 0.471875 0.075625 0.120313
24 0.590625 0.471875 0.075625 0.120313
6 0.704688 0.471875 0.075625 0.120313
12 0.818750 0.471875 0.075625 0.120313
24 0.134375 0.637500 0.075625 0.120313
5 0.248438 0.637500 0.075625 0.120313
7 0.362500 0.637500 0.075625 0.120313
19 0.476562 0.637500 0.075625 0.120313
19 0.590625 0.637500 0.075625 0.120313
19 0.704688 0.637500 0.075625 0.120313
3 0.818750 0.637500 0.075625 0.120313
11 0.134375 0.803125 0.075625 0.120313
6 0.248438 0.803125 0.075625 0.120313
19 0.362500 0.803125 0.075625 0.120313
9 0.476562 0.803125 0.075625 0.120313
5 0.590625 0.803125 0.075625 0.120313
11 0.704688 0.803125 0.075625 0.120313
24 0.818750 0.803125 0.075625 0.120313