25 0.097656 0.215625 0.077344 0.123750
1 0.222656 0.215625 0.077344 0.123750
7 0.347656 0.215625 0.077344 0.123750
1 0.472656 0.215625 0.077344 0.123750
16 0.597656 0.215625 0.077344 0.123750
20 0.722656 0.215625 0.077344 0.123750
4 0.847656 0.215625 0.077344 0.123750
12 0.097656 0.385937 0.077344 0.123750
14 0.222656 0.385937 0.077344 0.123750
1 0.347656 0.385937 0.077344 0.123750
16 0.472656 0.385937 0.077344 0.123750
8 0.597656 0.385937 0.077344 0.123750
21 0.722656 0.385937 0.077344 0.123750
24 0.847656 0.385937 0.077344 0.123750
15 0.097656 0.556250 0.077344 0.123750
7 0.222656 0.556250 0.077344 0.123750
23 0.347656 0.556250 0.077344 0.123750
13 0.472656 0.556250 0.077344 0.123750
18 0.597656 0.556250 0.077344 0.123750
1 0.722656 0.556250 0.077344 0.123750
20 0.847656 0.556250 0.077344 0.123750
12 0.097656 0.726562 0.077344 0.123750
11 0.222656 0.726562 0.077344 0.123750
6 0.347656 0.726562 0.077344 0.123750
20 0.472656 0.726562 0.077344 0.123750
25 0.597656 0.726562 0.077344 0.123750
13 0.722656 0.726562 0.077344 0.123750
11 0.847656 0.726562 0.077344 0.123750