13 0.063281 0.110937 0.046406 0.072188
20 0.133594 0.110937 0.046406 0.072188
12 0.203906 0.110937 0.046406 0.072188
6 0.274219 0.110937 0.046406 0.072188
19 0.344531 0.110937 0.046406 0.072188
7 0.414844 0.110937 0.046406 0.072188
13 0.485156 0.110937 0.046406 0.072188
8 0.555469 0.110937 0.046406 0.072188
15 0.625781 0.110937 0.046406 0.072188
21 0.696094 0.110937 0.046406 0.072188
17 0.766406 0.110937 0.046406 0.072188
2 0.836719 0.110937 0.046406 0.072188
3 0.907031 0.110937 0.046406 0.072188
3 0.063281 0.204687 0.046406 0.072188
0 0.133594 0.204687 0.046406 0.072188
20 0.203906 0.204687 0.046406 0.072188
1 0.274219 0.204687 0.046406 0.072188
10 0.344531 0.204687 0.046406 0.072188
23 0.414844 0.204687 0.046406 0.072188
3 0.485156 0.204687 0.046406 0.072188
23 0.555469 0.204687 0.046406 0.072188
2 0.625781 0.204687 0.046406 0.072188
12 0.696094 0.204687 0.046406 0.072188
15 0.766406 0.204687 0.046406 0.072188
14 0.836719 0.204687 0.046406 0.072188
22 0.907031 0.204687 0.046406 0.072188
2 0.063281 0.298438 0.046406 0.072188
22 0.133594 0.298438 0.046406 0.072188
0 0.203906 0.298438 0.046406 0.072188
11 0.274219 0.298438 0.046406 0.072188
15 0.344531 0.298438 0.046406 0.072188
10 0.414844 0.298438 0.046406 0.072188
5 0.485156 0.298438 0.046406 0.072188
10 0.555469 0.298438 0.046406 0.072188
18 0.625781 0.298438 0.046406 0.072188
1 0.696094 0.298438 0.046406 0.072188
8 0.766406 0.298438 0.046406 0.072188
25 0.836719 0.298438 0.046406 0.072188
0 0.907031 0.298438 0.046406 0.072188
24 0.063281 0.392188 0.046406 0.072188
14 0.133594 0.392188 0.046406 0.072188
12 0.203906 0.392188 0.046406 0.072188
23 0.274219 0.392188 0.046406 0.072188
4 0.344531 0.392188 0.046406 0.072188
14 0.414844 0.392188 0.046406 0.072188
16 0.485156 0.392188 0.046406 0.072188
8 0.555469 0.392188 0.046406 0.072188
9 0.625781 0.392188 0.046406 0.072188
20 0.696094 0.392188 0.046406 0.072188
18 0.766406 0.392188 0.046406 0.072188
2 0.836719 0.392188 0.046406 0.072188
18 0.907031 0.392188 0.046406 0.072188
2 0.063281 0.485938 0.046406 0.072188
12 0.133594 0.485938 0.046406 0.072188
15 0.203906 0.485938 0.046406 0.072188
24 0.274219 0.485938 0.046406 0.072188
2 0.344531 0.485938 0.046406 0.072188
13 0.414844 0.485938 0.046406 0.072188
7 0.485156 0.485938 0.046406 0.072188
20 0.555469 0.485938 0.046406 0.072188
4 0.625781 0.485938 0.046406 0.072188
17 0.696094 0.485938 0.046406 0.072188
6 0.766406 0.485938 0.046406 0.072188
15 0.836719 0.485938 0.046406 0.072188
7 0.907031 0.485938 0.046406 0.072188
17 0.063281 0.579688 0.046406 0.072188
24 0.133594 0.579688 0.046406 0.072188
21 0.203906 0.579688 0.046406 0.072188
17 0.274219 0.579688 0.046406 0.072188
19 0.344531 0.579688 0.046406 0.072188
5 0.414844 0.579688 0.046406 0.072188
18 0.485156 0.579688 0.046406 0.072188
25 0.555469 0.579688 0.046406 0.072188
25 0.625781 0.579688 0.046406 0.072188
20 0.696094 0.579688 0.046406 0.072188
12 0.766406 0.579688 0.046406 0.072188
5 0.836719 0.579688 0.046406 0.072188
0 0.907031 0.579688 0.046406 0.072188
1 0.063281 0.673438 0.046406 0.072188
6 0.133594 0.673438 0.046406 0.072188
21 0.203906 0.673438 0.046406 0.072188
0 0.274219 0.673438 0.046406 0.072188
20 0.344531 0.673438 0.046406 0.072188
5 0.414844 0.673438 0.046406 0.072188
4 0.485156 0.673438 0.046406 0.072188
15 0.555469 0.673438 0.046406 0.072188
19 0.625781 0.673438 0.046406 0.072188
21 0.696094 0.673438 0.046406 0.072188
3 0.766406 0.673438 0.046406 0.072188
1 0.836719 0.673438 0.046406 0.072188
16 0.907031 0.673438 0.046406 0.072188
5 0.063281 0.767188 0.046406 0.072188
16 0.133594 0.767188 0.046406 0.072188
15 0.203906 0.767188 0.046406 0.072188
24 0.274219 0.767188 0.046406 0.072188
2 0.344531 0.767188 0.046406 0.072188
9 0.414844 0.767188 0.046406 0.072188
6 0.485156 0.767188 0.046406 0.072188
9 0.555469 0.767188 0.046406 0.072188
17 0.625781 0.767188 0.046406 0.072188
10 0.696094 0.767188 0.046406 0.072188
8 0.766406 0.767188 0.046406 0.072188
3 0.836719 0.767188 0.046406 0.072188
3 0.907031 0.767188 0.046406 0.072188
16 0.063281 0.860938 0.046406 0.072188
23 0.133594 0.860938 0.046406 0.072188
10 0.203906 0.860938 0.046406 0.072188
19 0.274219 0.860938 0.046406 0.072188
0 0.344531 0.860938 0.046406 0.072188
0 0.414844 0.860938 0.046406 0.072188
1 0.485156 0.860938 0.046406 0.072188
10 0.555469 0.860938 0.046406 0.072188
21 0.625781 0.860938 0.046406 0.072188
12 0.696094 0.860938 0.046406 0.072188
13 0.766406 0.860938 0.046406 0.072188
12 0.836719 0.860938 0.046406 0.072188
1 0.907031 0.860938 0.046406 0.072188