18 0.148438 0.220312 0.113437 0.178750
14 0.309375 0.220312 0.113437 0.178750
8 0.470313 0.220312 0.113437 0.178750
17 0.631250 0.220312 0.113437 0.178750
13 0.792188 0.220312 0.113437 0.178750
18 0.148438 0.460938 0.113437 0.178750
22 0.309375 0.460938 0.113437 0.178750
3 0.470313 0.460938 0.113437 0.178750
19 0.631250 0.460938 0.113437 0.178750
2 0.792188 0.460938 0.113437 0.178750
2 0.148438 0.701562 0.113437 0.178750
22 0.309375 0.701562 0.113437 0.178750
18 0.470313 0.701562 0.113437 0.178750
15 0.631250 0.701562 0.113437 0.178750
23 0.792188 0.701562 0.113437 0.178750