17 0.086719 0.189062 0.067031 0.106563
21 0.185156 0.189062 0.067031 0.106563
3 0.283594 0.189062 0.067031 0.106563
21 0.382031 0.189062 0.067031 0.106563
25 0.480469 0.189062 0.067031 0.106563
19 0.578906 0.189062 0.067031 0.106563
3 0.677344 0.189062 0.067031 0.106563
9 0.775781 0.189062 0.067031 0.106563
24 0.874219 0.189062 0.067031 0.106563
6 0.086719 0.332813 0.067031 0.106563
17 0.185156 0.332813 0.067031 0.106563
2 0.283594 0.332813 0.067031 0.106563
13 0.382031 0.332813 0.067031 0.106563
1 0.480469 0.332813 0.067031 0.106563
4 0.578906 0.332813 0.067031 0.106563
10 0.677344 0.332813 0.067031 0.106563
6 0.775781 0.332813 0.067031 0.106563
20 0.874219 0.332813 0.067031 0.106563
5 0.086719 0.476562 0.067031 0.106563
1 0.185156 0.476562 0.067031 0.106563
0 0.283594 0.476562 0.067031 0.106563
19 0.382031 0.476562 0.067031 0.106563
9 0.480469 0.476562 0.067031 0.106563
6 0.578906 0.476562 0.067031 0.106563
24 0.677344 0.476562 0.067031 0.106563
12 0.775781 0.476562 0.067031 0.106563
24 0.874219 0.476562 0.067031 0.106563
13 0.086719 0.620313 0.067031 0.106563
19 0.185156 0.620313 0.067031 0.106563
4 0.283594 0.620313 0.067031 0.106563
7 0.382031 0.620313 0.067031 0.106563
19 0.480469 0.620313 0.067031 0.106563
7 0.578906 0.620313 0.067031 0.106563
9 0.677344 0.620313 0.067031 0.106563
24 0.775781 0.620313 0.067031 0.106563
23 0.874219 0.620313 0.067031 0.106563
25 0.086719 0.764062 0.067031 0.106563
11 0.185156 0.764062 0.067031 0.106563
7 0.283594 0.764062 0.067031 0.106563
16 0.382031 0.764062 0.067031 0.106563
21 0.480469 0.764062 0.067031 0.106563
10 0.578906 0.764062 0.067031 0.106563
1 0.677344 0.764062 0.067031 0.106563
3 0.775781 0.764062 0.067031 0.106563
12 0.874219 0.764062 0.067031 0.106563