7 0.180469 0.260937 0.097969 0.154688
15 0.325781 0.260937 0.097969 0.154688
4 0.471094 0.260937 0.097969 0.154688
21 0.616406 0.260937 0.097969 0.154688
23 0.761719 0.260937 0.097969 0.154688
14 0.180469 0.467187 0.097969 0.154688
17 0.325781 0.467187 0.097969 0.154688
18 0.471094 0.467187 0.097969 0.154688
0 0.616406 0.467187 0.097969 0.154688
6 0.761719 0.467187 0.097969 0.154688
10 0.180469 0.673438 0.097969 0.154688
18 0.325781 0.673438 0.097969 0.154688
12 0.471094 0.673438 0.097969 0.154688
14 0.616406 0.673438 0.097969 0.154688
25 0.761719 0.673438 0.097969 0.154688