11 0.100781 0.198437 0.084219 0.134063
4 0.225781 0.198437 0.084219 0.134063
9 0.350781 0.198437 0.084219 0.134063
4 0.475781 0.198437 0.084219 0.134063
11 0.600781 0.198437 0.084219 0.134063
13 0.725781 0.198437 0.084219 0.134063
2 0.850781 0.198437 0.084219 0.134063
4 0.100781 0.379688 0.084219 0.134063
25 0.225781 0.379688 0.084219 0.134063
4 0.350781 0.379688 0.084219 0.134063
1 0.475781 0.379688 0.084219 0.134063
6 0.600781 0.379688 0.084219 0.134063
4 0.725781 0.379688 0.084219 0.134063
14 0.850781 0.379688 0.084219 0.134063
8 0.100781 0.560937 0.084219 0.134063
7 0.225781 0.560937 0.084219 0.134063
1 0.350781 0.560937 0.084219 0.134063
12 0.475781 0.560937 0.084219 0.134063
2 0.600781 0.560937 0.084219 0.134063
19 0.725781 0.560937 0.084219 0.134063
21 0.850781 0.560937 0.084219 0.134063
24 0.100781 0.742188 0.084219 0.134063
17 0.225781 0.742188 0.084219 0.134063
19 0.350781 0.742188 0.084219 0.134063
9 0.475781 0.742188 0.084219 0.134063
21 0.600781 0.742188 0.084219 0.134063
1 0.725781 0.742188 0.084219 0.134063
11 0.850781 0.742188 0.084219 0.134063