7 0.128906 0.192188 0.091094 0.140937
11 0.266406 0.192188 0.091094 0.140937
2 0.403906 0.192188 0.091094 0.140937
24 0.541406 0.192188 0.091094 0.140937
24 0.678906 0.192188 0.091094 0.140937
25 0.816406 0.192188 0.091094 0.140937
3 0.128906 0.378125 0.091094 0.140937
11 0.266406 0.378125 0.091094 0.140937
10 0.403906 0.378125 0.091094 0.140937
24 0.541406 0.378125 0.091094 0.140937
17 0.678906 0.378125 0.091094 0.140937
12 0.816406 0.378125 0.091094 0.140937
16 0.128906 0.564063 0.091094 0.140937
6 0.266406 0.564063 0.091094 0.140937
20 0.403906 0.564063 0.091094 0.140937
0 0.541406 0.564063 0.091094 0.140937
0 0.678906 0.564063 0.091094 0.140937
6 0.816406 0.564063 0.091094 0.140937
12 0.128906 0.750000 0.091094 0.140937
8 0.266406 0.750000 0.091094 0.140937
14 0.403906 0.750000 0.091094 0.140937
6 0.541406 0.750000 0.091094 0.140937
2 0.678906 0.750000 0.091094 0.140937
0 0.816406 0.750000 0.091094 0.140937