2 0.122656 0.175000 0.063594 0.103125
5 0.224219 0.175000 0.063594 0.103125
13 0.325781 0.175000 0.063594 0.103125
21 0.427344 0.175000 0.063594 0.103125
8 0.528906 0.175000 0.063594 0.103125
17 0.630469 0.175000 0.063594 0.103125
20 0.732031 0.175000 0.063594 0.103125
13 0.833594 0.175000 0.063594 0.103125
6 0.122656 0.323437 0.063594 0.103125
3 0.224219 0.323437 0.063594 0.103125
1 0.325781 0.323437 0.063594 0.103125
20 0.427344 0.323437 0.063594 0.103125
19 0.528906 0.323437 0.063594 0.103125
16 0.630469 0.323437 0.063594 0.103125
22 0.732031 0.323437 0.063594 0.103125
9 0.833594 0.323437 0.063594 0.103125
24 0.122656 0.471875 0.063594 0.103125
5 0.224219 0.471875 0.063594 0.103125
13 0.325781 0.471875 0.063594 0.103125
21 0.427344 0.471875 0.063594 0.103125
23 0.528906 0.471875 0.063594 0.103125
5 0.630469 0.471875 0.063594 0.103125
13 0.732031 0.471875 0.063594 0.103125
16 0.833594 0.471875 0.063594 0.103125
22 0.122656 0.620313 0.063594 0.103125
21 0.224219 0.620313 0.063594 0.103125
9 0.325781 0.620313 0.063594 0.103125
2 0.427344 0.620313 0.063594 0.103125
16 0.528906 0.620313 0.063594 0.103125
9 0.630469 0.620313 0.063594 0.103125
3 0.732031 0.620313 0.063594 0.103125
23 0.833594 0.620313 0.063594 0.103125
5 0.122656 0.768750 0.063594 0.103125
15 0.224219 0.768750 0.063594 0.103125
20 0.325781 0.768750 0.063594 0.103125
23 0.427344 0.768750 0.063594 0.103125
25 0.528906 0.768750 0.063594 0.103125
15 0.630469 0.768750 0.063594 0.103125
17 0.732031 0.768750 0.063594 0.103125
7 0.833594 0.768750 0.063594 0.103125