21 0.069531 0.118750 0.056719 0.089375
7 0.152344 0.118750 0.056719 0.089375
21 0.235156 0.118750 0.056719 0.089375
1 0.317969 0.118750 0.056719 0.089375
17 0.400781 0.118750 0.056719 0.089375
23 0.483594 0.118750 0.056719 0.089375
16 0.566406 0.118750 0.056719 0.089375
7 0.649219 0.118750 0.056719 0.089375
19 0.732031 0.118750 0.056719 0.089375
25 0.814844 0.118750 0.056719 0.089375
7 0.897656 0.118750 0.056719 0.089375
8 0.069531 0.239063 0.056719 0.089375
2 0.152344 0.239063 0.056719 0.089375
7 0.235156 0.239063 0.056719 0.089375
10 0.317969 0.239063 0.056719 0.089375
19 0.400781 0.239063 0.056719 0.089375
16 0.483594 0.239063 0.056719 0.089375
25 0.566406 0.239063 0.056719 0.089375
5 0.649219 0.239063 0.056719 0.089375
7 0.732031 0.239063 0.056719 0.089375
1 0.814844 0.239063 0.056719 0.089375
15 0.897656 0.239063 0.056719 0.089375
10 0.069531 0.359375 0.056719 0.089375
20 0.152344 0.359375 0.056719 0.089375
22 0.235156 0.359375 0.056719 0.089375
4 0.317969 0.359375 0.056719 0.089375
3 0.400781 0.359375 0.056719 0.089375
12 0.483594 0.359375 0.056719 0.089375
7 0.566406 0.359375 0.056719 0.089375
8 0.649219 0.359375 0.056719 0.089375
0 0.732031 0.359375 0.056719 0.089375
12 0.814844 0.359375 0.056719 0.089375
12 0.897656 0.359375 0.056719 0.089375
20 0.069531 0.479687 0.056719 0.089375
24 0.152344 0.479687 0.056719 0.089375
5 0.235156 0.479687 0.056719 0.089375
19 0.317969 0.479687 0.056719 0.089375
1 0.400781 0.479687 0.056719 0.089375
22 0.483594 0.479687 0.056719 0.089375
23 0.566406 0.479687 0.056719 0.089375
18 0.649219 0.479687 0.056719 0.089375
2 0.732031 0.479687 0.056719 0.089375
19 0.814844 0.479687 0.056719 0.089375
9 0.897656 0.479687 0.056719 0.089375
17 0.069531 0.600000 0.056719 0.089375
11 0.152344 0.600000 0.056719 0.089375
14 0.235156 0.600000 0.056719 0.089375
6 0.317969 0.600000 0.056719 0.089375
10 0.400781 0.600000 0.056719 0.089375
2 0.483594 0.600000 0.056719 0.089375
11 0.566406 0.600000 0.056719 0.089375
9 0.649219 0.600000 0.056719 0.089375
14 0.732031 0.600000 0.056719 0.089375
24 0.814844 0.600000 0.056719 0.089375
4 0.897656 0.600000 0.056719 0.089375
8 0.069531 0.720313 0.056719 0.089375
15 0.152344 0.720313 0.056719 0.089375
25 0.235156 0.720313 0.056719 0.089375
13 0.317969 0.720313 0.056719 0.089375
13 0.400781 0.720313 0.056719 0.089375
8 0.483594 0.720313 0.056719 0.089375
17 0.566406 0.720313 0.056719 0.089375
10 0.649219 0.720313 0.056719 0.089375
4 0.732031 0.720313 0.056719 0.089375
14 0.814844 0.720313 0.056719 0.089375
25 0.897656 0.720313 0.056719 0.089375
8 0.069531 0.840625 0.056719 0.089375
24 0.152344 0.840625 0.056719 0.089375
2 0.235156 0.840625 0.056719 0.089375
0 0.317969 0.840625 0.056719 0.089375
5 0.400781 0.840625 0.056719 0.089375
12 0.483594 0.840625 0.056719 0.089375
24 0.566406 0.840625 0.056719 0.089375
22 0.649219 0.840625 0.056719 0.089375
9 0.732031 0.840625 0.056719 0.089375
8 0.814844 0.840625 0.056719 0.089375
20 0.897656 0.840625 0.056719 0.089375