21 0.121094 0.154688 0.073906 0.116875
8 0.224219 0.154688 0.073906 0.116875
23 0.327344 0.154688 0.073906 0.116875
2 0.430469 0.154688 0.073906 0.116875
8 0.533594 0.154688 0.073906 0.116875
18 0.636719 0.154688 0.073906 0.116875
8 0.739844 0.154688 0.073906 0.116875
8 0.842969 0.154688 0.073906 0.116875
19 0.121094 0.314063 0.073906 0.116875
14 0.224219 0.314063 0.073906 0.116875
10 0.327344 0.314063 0.073906 0.116875
1 0.430469 0.314063 0.073906 0.116875
21 0.533594 0.314063 0.073906 0.116875
19 0.636719 0.314063 0.073906 0.116875
20 0.739844 0.314063 0.073906 0.116875
0 0.842969 0.314063 0.073906 0.116875
13 0.121094 0.473438 0.073906 0.116875
2 0.224219 0.473438 0.073906 0.116875
13 0.327344 0.473438 0.073906 0.116875
6 0.430469 0.473438 0.073906 0.116875
24 0.533594 0.473438 0.073906 0.116875
2 0.636719 0.473438 0.073906 0.116875
5 0.739844 0.473438 0.073906 0.116875
20 0.842969 0.473438 0.073906 0.116875
17 0.121094 0.632812 0.073906 0.116875
25 0.224219 0.632812 0.073906 0.116875
24 0.327344 0.632812 0.073906 0.116875
19 0.430469 0.632812 0.073906 0.116875
3 0.533594 0.632812 0.073906 0.116875
7 0.636719 0.632812 0.073906 0.116875
23 0.739844 0.632812 0.073906 0.116875
2 0.842969 0.632812 0.073906 0.116875
1 0.121094 0.792188 0.073906 0.116875
25 0.224219 0.792188 0.073906 0.116875
25 0.327344 0.792188 0.073906 0.116875
11 0.430469 0.792188 0.073906 0.116875
7 0.533594 0.792188 0.073906 0.116875
25 0.636719 0.792188 0.073906 0.116875
18 0.739844 0.792188 0.073906 0.116875
13 0.842969 0.792188 0.073906 0.116875