10 0.182812 0.254688 0.103125 0.161562
13 0.328125 0.254688 0.103125 0.161562
2 0.473438 0.254688 0.103125 0.161562
16 0.618750 0.254688 0.103125 0.161562
4 0.764062 0.254688 0.103125 0.161562
8 0.182812 0.467187 0.103125 0.161562
17 0.328125 0.467187 0.103125 0.161562
18 0.473438 0.467187 0.103125 0.161562
9 0.618750 0.467187 0.103125 0.161562
7 0.764062 0.467187 0.103125 0.161562
21 0.182812 0.679688 0.103125 0.161562
25 0.328125 0.679688 0.103125 0.161562
3 0.473438 0.679688 0.103125 0.161562
25 0.618750 0.679688 0.103125 0.161562
11 0.764062 0.679688 0.103125 0.161562