8 0.046094 0.082812 0.032656 0.051562
8 0.092969 0.082812 0.032656 0.051562
4 0.139844 0.082812 0.032656 0.051562
6 0.186719 0.082812 0.032656 0.051562
5 0.233594 0.082812 0.032656 0.051562
9 0.280469 0.082812 0.032656 0.051562
13 0.327344 0.082812 0.032656 0.051562
12 0.374219 0.082812 0.032656 0.051562
7 0.421094 0.082812 0.032656 0.051562
0 0.467969 0.082812 0.032656 0.051562
8 0.514844 0.082812 0.032656 0.051562
20 0.561719 0.082812 0.032656 0.051562
21 0.608594 0.082812 0.032656 0.051562
19 0.655469 0.082812 0.032656 0.051562
0 0.702344 0.082812 0.032656 0.051562
15 0.749219 0.082812 0.032656 0.051562
0 0.796094 0.082812 0.032656 0.051562
8 0.842969 0.082812 0.032656 0.051562
21 0.889844 0.082812 0.032656 0.051562
2 0.936719 0.082812 0.032656 0.051562
11 0.046094 0.156250 0.032656 0.051562
17 0.092969 0.156250 0.032656 0.051562
2 0.139844 0.156250 0.032656 0.051562
14 0.186719 0.156250 0.032656 0.051562
24 0.233594 0.156250 0.032656 0.051562
7 0.280469 0.156250 0.032656 0.051562
1 0.327344 0.156250 0.032656 0.051562
22 0.374219 0.156250 0.032656 0.051562
24 0.421094 0.156250 0.032656 0.051562
9 0.467969 0.156250 0.032656 0.051562
3 0.514844 0.156250 0.032656 0.051562
15 0.561719 0.156250 0.032656 0.051562
23 0.608594 0.156250 0.032656 0.051562
14 0.655469 0.156250 0.032656 0.051562
24 0.702344 0.156250 0.032656 0.051562
11 0.749219 0.156250 0.032656 0.051562
20 0.796094 0.156250 0.032656 0.051562
17 0.842969 0.156250 0.032656 0.051562
24 0.889844 0.156250 0.032656 0.051562
22 0.936719 0.156250 0.032656 0.051562
18 0.046094 0.229687 0.032656 0.051562
5 0.092969 0.229687 0.032656 0.051562
25 0.139844 0.229687 0.032656 0.051562
22 0.186719 0.229687 0.032656 0.051562
1 0.233594 0.229687 0.032656 0.051562
25 0.280469 0.229687 0.032656 0.051562
17 0.327344 0.229687 0.032656 0.051562
0 0.374219 0.229687 0.032656 0.051562
12 0.421094 0.229687 0.032656 0.051562
3 0.467969 0.229687 0.032656 0.051562
3 0.514844 0.229687 0.032656 0.051562
14 0.561719 0.229687 0.032656 0.051562
3 0.608594 0.229687 0.032656 0.051562
16 0.655469 0.229687 0.032656 0.051562
7 0.702344 0.229687 0.032656 0.051562
21 0.749219 0.229687 0.032656 0.051562
16 0.796094 0.229687 0.032656 0.051562
4 0.842969 0.229687 0.032656 0.051562
11 0.889844 0.229687 0.032656 0.051562
16 0.936719 0.229687 0.032656 0.051562
2 0.046094 0.303125 0.032656 0.051562
16 0.092969 0.303125 0.032656 0.051562
21 0.139844 0.303125 0.032656 0.051562
16 0.186719 0.303125 0.032656 0.051562
3 0.233594 0.303125 0.032656 0.051562
8 0.280469 0.303125 0.032656 0.051562
2 0.327344 0.303125 0.032656 0.051562
20 0.374219 0.303125 0.032656 0.051562
5 0.421094 0.303125 0.032656 0.051562
22 0.467969 0.303125 0.032656 0.051562
19 0.514844 0.303125 0.032656 0.051562
23 0.561719 0.303125 0.032656 0.051562
4 0.608594 0.303125 0.032656 0.051562
7 0.655469 0.303125 0.032656 0.051562
1 0.702344 0.303125 0.032656 0.051562
23 0.749219 0.303125 0.032656 0.051562
13 0.796094 0.303125 0.032656 0.051562
21 0.842969 0.303125 0.032656 0.051562
0 0.889844 0.303125 0.032656 0.051562
24 0.936719 0.303125 0.032656 0.051562
14 0.046094 0.376563 0.032656 0.051562
20 0.092969 0.376563 0.032656 0.051562
10 0.139844 0.376563 0.032656 0.051562
12 0.186719 0.376563 0.032656 0.051562
16 0.233594 0.376563 0.032656 0.051562
17 0.280469 0.376563 0.032656 0.051562
8 0.327344 0.376563 0.032656 0.051562
7 0.374219 0.376563 0.032656 0.051562
16 0.421094 0.376563 0.032656 0.051562
8 0.467969 0.376563 0.032656 0.051562
15 0.514844 0.376563 0.032656 0.051562
22 0.561719 0.376563 0.032656 0.051562
3 0.608594 0.376563 0.032656 0.051562
10 0.655469 0.376563 0.032656 0.051562
1 0.702344 0.376563 0.032656 0.051562
11 0.749219 0.376563 0.032656 0.051562
4 0.796094 0.376563 0.032656 0.051562
21 0.842969 0.376563 0.032656 0.051562
16 0.889844 0.376563 0.032656 0.051562
15 0.936719 0.376563 0.032656 0.051562
6 0.046094 0.450000 0.032656 0.051562
3 0.092969 0.450000 0.032656 0.051562
23 0.139844 0.450000 0.032656 0.051562
11 0.186719 0.450000 0.032656 0.051562
4 0.233594 0.450000 0.032656 0.051562
20 0.280469 0.450000 0.032656 0.051562
17 0.327344 0.450000 0.032656 0.051562
5 0.374219 0.450000 0.032656 0.051562
19 0.421094 0.450000 0.032656 0.051562
6 0.467969 0.450000 0.032656 0.051562
11 0.514844 0.450000 0.032656 0.051562
15 0.561719 0.450000 0.032656 0.051562
18 0.608594 0.450000 0.032656 0.051562
18 0.655469 0.450000 0.032656 0.051562
11 0.702344 0.450000 0.032656 0.051562
0 0.749219 0.450000 0.032656 0.051562
12 0.796094 0.450000 0.032656 0.051562
8 0.842969 0.450000 0.032656 0.051562
16 0.889844 0.450000 0.032656 0.051562
2 0.936719 0.450000 0.032656 0.051562
13 0.046094 0.523438 0.032656 0.051562
16 0.092969 0.523438 0.032656 0.051562
2 0.139844 0.523438 0.032656 0.051562
10 0.186719 0.523438 0.032656 0.051562
13 0.233594 0.523438 0.032656 0.051562
4 0.280469 0.523438 0.032656 0.051562
22 0.327344 0.523438 0.032656 0.051562
15 0.374219 0.523438 0.032656 0.051562
12 0.421094 0.523438 0.032656 0.051562
18 0.467969 0.523438 0.032656 0.051562
11 0.514844 0.523438 0.032656 0.051562
5 0.561719 0.523438 0.032656 0.051562
16 0.608594 0.523438 0.032656 0.051562
8 0.655469 0.523438 0.032656 0.051562
21 0.702344 0.523438 0.032656 0.051562
22 0.749219 0.523438 0.032656 0.051562
7 0.796094 0.523438 0.032656 0.051562
9 0.842969 0.523438 0.032656 0.051562
24 0.889844 0.523438 0.032656 0.051562
6 0.936719 0.523438 0.032656 0.051562
10 0.046094 0.596875 0.032656 0.051562
21 0.092969 0.596875 0.032656 0.051562
11 0.139844 0.596875 0.032656 0.051562
20 0.186719 0.596875 0.032656 0.051562
5 0.233594 0.596875 0.032656 0.051562
9 0.280469 0.596875 0.032656 0.051562
22 0.327344 0.596875 0.032656 0.051562
1 0.374219 0.596875 0.032656 0.051562
0 0.421094 0.596875 0.032656 0.051562
25 0.467969 0.596875 0.032656 0.051562
21 0.514844 0.596875 0.032656 0.051562
18 0.561719 0.596875 0.032656 0.051562
19 0.608594 0.596875 0.032656 0.051562
10 0.655469 0.596875 0.032656 0.051562
0 0.702344 0.596875 0.032656 0.051562
21 0.749219 0.596875 0.032656 0.051562
15 0.796094 0.596875 0.032656 0.051562
2 0.842969 0.596875 0.032656 0.051562
17 0.889844 0.596875 0.032656 0.051562
21 0.936719 0.596875 0.032656 0.051562
1 0.046094 0.670312 0.032656 0.051562
4 0.092969 0.670312 0.032656 0.051562
23 0.139844 0.670312 0.032656 0.051562
2 0.186719 0.670312 0.032656 0.051562
2 0.233594 0.670312 0.032656 0.051562
9 0.280469 0.670312 0.032656 0.051562
19 0.327344 0.670312 0.032656 0.051562
25 0.374219 0.670312 0.032656 0.051562
1 0.421094 0.670312 0.032656 0.051562
9 0.467969 0.670312 0.032656 0.051562
8 0.514844 0.670312 0.032656 0.051562
11 0.561719 0.670312 0.032656 0.051562
16 0.608594 0.670312 0.032656 0.051562
8 0.655469 0.670312 0.032656 0.051562
1 0.702344 0.670312 0.032656 0.051562
8 0.749219 0.670312 0.032656 0.051562
12 0.796094 0.670312 0.032656 0.051562
25 0.842969 0.670312 0.032656 0.051562
2 0.889844 0.670312 0.032656 0.051562
0 0.936719 0.670312 0.032656 0.051562
23 0.046094 0.743750 0.032656 0.051562
12 0.092969 0.743750 0.032656 0.051562
18 0.139844 0.743750 0.032656 0.051562
22 0.186719 0.743750 0.032656 0.051562
2 0.233594 0.743750 0.032656 0.051562
22 0.280469 0.743750 0.032656 0.051562
17 0.327344 0.743750 0.032656 0.051562
15 0.374219 0.743750 0.032656 0.051562
13 0.421094 0.743750 0.032656 0.051562
10 0.467969 0.743750 0.032656 0.051562
9 0.514844 0.743750 0.032656 0.051562
6 0.561719 0.743750 0.032656 0.051562
8 0.608594 0.743750 0.032656 0.051562
12 0.655469 0.743750 0.032656 0.051562
4 0.702344 0.743750 0.032656 0.051562
25 0.749219 0.743750 0.032656 0.051562
2 0.796094 0.743750 0.032656 0.051562
14 0.842969 0.743750 0.032656 0.051562
7 0.889844 0.743750 0.032656 0.051562
11 0.936719 0.743750 0.032656 0.051562
9 0.046094 0.817187 0.032656 0.051562
4 0.092969 0.817187 0.032656 0.051562
11 0.139844 0.817187 0.032656 0.051562
16 0.186719 0.817187 0.032656 0.051562
0 0.233594 0.817187 0.032656 0.051562
21 0.280469 0.817187 0.032656 0.051562
7 0.327344 0.817187 0.032656 0.051562
9 0.374219 0.817187 0.032656 0.051562
19 0.421094 0.817187 0.032656 0.051562
25 0.467969 0.817187 0.032656 0.051562
18 0.514844 0.817187 0.032656 0.051562
22 0.561719 0.817187 0.032656 0.051562
2 0.608594 0.817187 0.032656 0.051562
15 0.655469 0.817187 0.032656 0.051562
6 0.702344 0.817187 0.032656 0.051562
19 0.749219 0.817187 0.032656 0.051562
4 0.796094 0.817187 0.032656 0.051562
6 0.842969 0.817187 0.032656 0.051562
9 0.889844 0.817187 0.032656 0.051562
4 0.936719 0.817187 0.032656 0.051562
13 0.046094 0.890625 0.032656 0.051562
8 0.092969 0.890625 0.032656 0.051562
12 0.139844 0.890625 0.032656 0.051562
20 0.186719 0.890625 0.032656 0.051562
12 0.233594 0.890625 0.032656 0.051562
7 0.280469 0.890625 0.032656 0.051562
3 0.327344 0.890625 0.032656 0.051562
0 0.374219 0.890625 0.032656 0.051562
15 0.421094 0.890625 0.032656 0.051562
9 0.467969 0.890625 0.032656 0.051562
15 0.514844 0.890625 0.032656 0.051562
4 0.561719 0.890625 0.032656 0.051562
21 0.608594 0.890625 0.032656 0.051562
14 0.655469 0.890625 0.032656 0.051562
5 0.702344 0.890625 0.032656 0.051562
15 0.749219 0.890625 0.032656 0.051562
23 0.796094 0.890625 0.032656 0.051562
18 0.842969 0.890625 0.032656 0.051562
21 0.889844 0.890625 0.032656 0.051562
1 0.936719 0.890625 0.032656 0.051562