22 0.165625 0.248438 0.099687 0.158125
17 0.317188 0.248438 0.099687 0.158125
1 0.468750 0.248438 0.099687 0.158125
2 0.620313 0.248438 0.099687 0.158125
11 0.771875 0.248438 0.099687 0.158125
3 0.165625 0.464062 0.099687 0.158125
20 0.317188 0.464062 0.099687 0.158125
9 0.468750 0.464062 0.099687 0.158125
11 0.620313 0.464062 0.099687 0.158125
6 0.771875 0.464062 0.099687 0.158125
0 0.165625 0.679688 0.099687 0.158125
11 0.317188 0.679688 0.099687 0.158125
4 0.468750 0.679688 0.099687 0.158125
23 0.620313 0.679688 0.099687 0.158125
18 0.771875 0.679688 0.099687 0.158125