16 0.135156 0.243750 0.108281 0.168437
17 0.300781 0.243750 0.108281 0.168437
10 0.466406 0.243750 0.108281 0.168437
15 0.632031 0.243750 0.108281 0.168437
17 0.797656 0.243750 0.108281 0.168437
18 0.135156 0.465625 0.108281 0.168437
2 0.300781 0.465625 0.108281 0.168437
5 0.466406 0.465625 0.108281 0.168437
16 0.632031 0.465625 0.108281 0.168437
25 0.797656 0.465625 0.108281 0.168437
22 0.135156 0.687500 0.108281 0.168437
0 0.300781 0.687500 0.108281 0.168437
9 0.466406 0.687500 0.108281 0.168437
17 0.632031 0.687500 0.108281 0.168437
19 0.797656 0.687500 0.108281 0.168437