6 0.144531 0.228125 0.111719 0.175313
1 0.307031 0.228125 0.111719 0.175313
23 0.469531 0.228125 0.111719 0.175313
19 0.632031 0.228125 0.111719 0.175313
23 0.794531 0.228125 0.111719 0.175313
20 0.144531 0.462500 0.111719 0.175313
7 0.307031 0.462500 0.111719 0.175313
16 0.469531 0.462500 0.111719 0.175313
0 0.632031 0.462500 0.111719 0.175313
12 0.794531 0.462500 0.111719 0.175313
11 0.144531 0.696875 0.111719 0.175313
17 0.307031 0.696875 0.111719 0.175313
19 0.469531 0.696875 0.111719 0.175313
17 0.632031 0.696875 0.111719 0.175313
4 0.794531 0.696875 0.111719 0.175313