0 0.097656 0.218750 0.077344 0.123750
9 0.222656 0.218750 0.077344 0.123750
0 0.347656 0.218750 0.077344 0.123750
0 0.472656 0.218750 0.077344 0.123750
5 0.597656 0.218750 0.077344 0.123750
14 0.722656 0.218750 0.077344 0.123750
1 0.847656 0.218750 0.077344 0.123750
23 0.097656 0.387500 0.077344 0.123750
24 0.222656 0.387500 0.077344 0.123750
11 0.347656 0.387500 0.077344 0.123750
4 0.472656 0.387500 0.077344 0.123750
8 0.597656 0.387500 0.077344 0.123750
0 0.722656 0.387500 0.077344 0.123750
23 0.847656 0.387500 0.077344 0.123750
12 0.097656 0.556250 0.077344 0.123750
22 0.222656 0.556250 0.077344 0.123750
13 0.347656 0.556250 0.077344 0.123750
21 0.472656 0.556250 0.077344 0.123750
6 0.597656 0.556250 0.077344 0.123750
10 0.722656 0.556250 0.077344 0.123750
6 0.847656 0.556250 0.077344 0.123750
15 0.097656 0.725000 0.077344 0.123750
5 0.222656 0.725000 0.077344 0.123750
24 0.347656 0.725000 0.077344 0.123750
1 0.472656 0.725000 0.077344 0.123750
15 0.597656 0.725000 0.077344 0.123750
17 0.722656 0.725000 0.077344 0.123750
23 0.847656 0.725000 0.077344 0.123750