8 0.135156 0.215625 0.077344 0.123750
14 0.249219 0.215625 0.077344 0.123750
3 0.363281 0.215625 0.077344 0.123750
8 0.477344 0.215625 0.077344 0.123750
3 0.591406 0.215625 0.077344 0.123750
22 0.705469 0.215625 0.077344 0.123750
19 0.819531 0.215625 0.077344 0.123750
20 0.135156 0.385937 0.077344 0.123750
17 0.249219 0.385937 0.077344 0.123750
12 0.363281 0.385937 0.077344 0.123750
8 0.477344 0.385937 0.077344 0.123750
2 0.591406 0.385937 0.077344 0.123750
12 0.705469 0.385937 0.077344 0.123750
0 0.819531 0.385937 0.077344 0.123750
3 0.135156 0.556250 0.077344 0.123750
4 0.249219 0.556250 0.077344 0.123750
20 0.363281 0.556250 0.077344 0.123750
14 0.477344 0.556250 0.077344 0.123750
9 0.591406 0.556250 0.077344 0.123750
14 0.705469 0.556250 0.077344 0.123750
25 0.819531 0.556250 0.077344 0.123750
9 0.135156 0.726562 0.077344 0.123750
23 0.249219 0.726562 0.077344 0.123750
19 0.363281 0.726562 0.077344 0.123750
5 0.477344 0.726562 0.077344 0.123750
11 0.591406 0.726562 0.077344 0.123750
18 0.705469 0.726562 0.077344 0.123750
15 0.819531 0.726562 0.077344 0.123750