22 0.165625 0.262500 0.089375 0.144375
21 0.315625 0.262500 0.089375 0.144375
13 0.465625 0.262500 0.089375 0.144375
17 0.615625 0.262500 0.089375 0.144375
10 0.765625 0.262500 0.089375 0.144375
12 0.165625 0.464062 0.089375 0.144375
4 0.315625 0.464062 0.089375 0.144375
16 0.465625 0.464062 0.089375 0.144375
16 0.615625 0.464062 0.089375 0.144375
19 0.765625 0.464062 0.089375 0.144375
9 0.165625 0.665625 0.089375 0.144375
18 0.315625 0.665625 0.089375 0.144375
13 0.465625 0.665625 0.089375 0.144375
16 0.615625 0.665625 0.089375 0.144375
8 0.765625 0.665625 0.089375 0.144375