18 0.080469 0.115625 0.060156 0.092812
25 0.161719 0.115625 0.060156 0.092812
5 0.242969 0.115625 0.060156 0.092812
2 0.324219 0.115625 0.060156 0.092812
19 0.405469 0.115625 0.060156 0.092812
1 0.486719 0.115625 0.060156 0.092812
12 0.567969 0.115625 0.060156 0.092812
22 0.649219 0.115625 0.060156 0.092812
12 0.730469 0.115625 0.060156 0.092812
13 0.811719 0.115625 0.060156 0.092812
0 0.892969 0.115625 0.060156 0.092812
14 0.080469 0.237500 0.060156 0.092812
22 0.161719 0.237500 0.060156 0.092812
21 0.242969 0.237500 0.060156 0.092812
19 0.324219 0.237500 0.060156 0.092812
15 0.405469 0.237500 0.060156 0.092812
1 0.486719 0.237500 0.060156 0.092812
6 0.567969 0.237500 0.060156 0.092812
25 0.649219 0.237500 0.060156 0.092812
16 0.730469 0.237500 0.060156 0.092812
25 0.811719 0.237500 0.060156 0.092812
17 0.892969 0.237500 0.060156 0.092812
11 0.080469 0.359375 0.060156 0.092812
4 0.161719 0.359375 0.060156 0.092812
24 0.242969 0.359375 0.060156 0.092812
18 0.324219 0.359375 0.060156 0.092812
20 0.405469 0.359375 0.060156 0.092812
1 0.486719 0.359375 0.060156 0.092812
7 0.567969 0.359375 0.060156 0.092812
10 0.649219 0.359375 0.060156 0.092812
13 0.730469 0.359375 0.060156 0.092812
0 0.811719 0.359375 0.060156 0.092812
21 0.892969 0.359375 0.060156 0.092812
10 0.080469 0.481250 0.060156 0.092812
24 0.161719 0.481250 0.060156 0.092812
17 0.242969 0.481250 0.060156 0.092812
5 0.324219 0.481250 0.060156 0.092812
8 0.405469 0.481250 0.060156 0.092812
24 0.486719 0.481250 0.060156 0.092812
6 0.567969 0.481250 0.060156 0.092812
13 0.649219 0.481250 0.060156 0.092812
0 0.730469 0.481250 0.060156 0.092812
15 0.811719 0.481250 0.060156 0.092812
5 0.892969 0.481250 0.060156 0.092812
17 0.080469 0.603125 0.060156 0.092812
16 0.161719 0.603125 0.060156 0.092812
9 0.242969 0.603125 0.060156 0.092812
2 0.324219 0.603125 0.060156 0.092812
22 0.405469 0.603125 0.060156 0.092812
10 0.486719 0.603125 0.060156 0.092812
2 0.567969 0.603125 0.060156 0.092812
17 0.649219 0.603125 0.060156 0.092812
5 0.730469 0.603125 0.060156 0.092812
9 0.811719 0.603125 0.060156 0.092812
14 0.892969 0.603125 0.060156 0.092812
18 0.080469 0.725000 0.060156 0.092812
4 0.161719 0.725000 0.060156 0.092812
18 0.242969 0.725000 0.060156 0.092812
7 0.324219 0.725000 0.060156 0.092812
0 0.405469 0.725000 0.060156 0.092812
4 0.486719 0.725000 0.060156 0.092812
0 0.567969 0.725000 0.060156 0.092812
21 0.649219 0.725000 0.060156 0.092812
16 0.730469 0.725000 0.060156 0.092812
16 0.811719 0.725000 0.060156 0.092812
24 0.892969 0.725000 0.060156 0.092812
2 0.080469 0.846875 0.060156 0.092812
3 0.161719 0.846875 0.060156 0.092812
20 0.242969 0.846875 0.060156 0.092812
1 0.324219 0.846875 0.060156 0.092812
10 0.405469 0.846875 0.060156 0.092812
17 0.486719 0.846875 0.060156 0.092812
7 0.567969 0.846875 0.060156 0.092812
8 0.649219 0.846875 0.060156 0.092812
10 0.730469 0.846875 0.060156 0.092812
19 0.811719 0.846875 0.060156 0.092812
17 0.892969 0.846875 0.060156 0.092812