12 0.111719 0.153125 0.080781 0.123750
3 0.217969 0.153125 0.080781 0.123750
25 0.324219 0.153125 0.080781 0.123750
13 0.430469 0.153125 0.080781 0.123750
18 0.536719 0.153125 0.080781 0.123750
2 0.642969 0.153125 0.080781 0.123750
20 0.749219 0.153125 0.080781 0.123750
24 0.855469 0.153125 0.080781 0.123750
0 0.111719 0.314063 0.080781 0.123750
13 0.217969 0.314063 0.080781 0.123750
0 0.324219 0.314063 0.080781 0.123750
5 0.430469 0.314063 0.080781 0.123750
12 0.536719 0.314063 0.080781 0.123750
4 0.642969 0.314063 0.080781 0.123750
21 0.749219 0.314063 0.080781 0.123750
21 0.855469 0.314063 0.080781 0.123750
13 0.111719 0.475000 0.080781 0.123750
5 0.217969 0.475000 0.080781 0.123750
2 0.324219 0.475000 0.080781 0.123750
25 0.430469 0.475000 0.080781 0.123750
10 0.536719 0.475000 0.080781 0.123750
8 0.642969 0.475000 0.080781 0.123750
6 0.749219 0.475000 0.080781 0.123750
20 0.855469 0.475000 0.080781 0.123750
13 0.111719 0.635938 0.080781 0.123750
0 0.217969 0.635938 0.080781 0.123750
19 0.324219 0.635938 0.080781 0.123750
14 0.430469 0.635938 0.080781 0.123750
21 0.536719 0.635938 0.080781 0.123750
12 0.642969 0.635938 0.080781 0.123750
7 0.749219 0.635938 0.080781 0.123750
8 0.855469 0.635938 0.080781 0.123750
4 0.111719 0.796875 0.080781 0.123750
15 0.217969 0.796875 0.080781 0.123750
22 0.324219 0.796875 0.080781 0.123750
8 0.430469 0.796875 0.080781 0.123750
13 0.536719 0.796875 0.080781 0.123750
23 0.642969 0.796875 0.080781 0.123750
19 0.749219 0.796875 0.080781 0.123750
7 0.855469 0.796875 0.080781 0.123750