10 0.086719 0.181250 0.067031 0.106563
23 0.185156 0.181250 0.067031 0.106563
16 0.283594 0.181250 0.067031 0.106563
13 0.382031 0.181250 0.067031 0.106563
2 0.480469 0.181250 0.067031 0.106563
2 0.578906 0.181250 0.067031 0.106563
6 0.677344 0.181250 0.067031 0.106563
15 0.775781 0.181250 0.067031 0.106563
13 0.874219 0.181250 0.067031 0.106563
7 0.086719 0.328125 0.067031 0.106563
25 0.185156 0.328125 0.067031 0.106563
14 0.283594 0.328125 0.067031 0.106563
6 0.382031 0.328125 0.067031 0.106563
16 0.480469 0.328125 0.067031 0.106563
12 0.578906 0.328125 0.067031 0.106563
25 0.677344 0.328125 0.067031 0.106563
2 0.775781 0.328125 0.067031 0.106563
12 0.874219 0.328125 0.067031 0.106563
25 0.086719 0.475000 0.067031 0.106563
25 0.185156 0.475000 0.067031 0.106563
1 0.283594 0.475000 0.067031 0.106563
23 0.382031 0.475000 0.067031 0.106563
4 0.480469 0.475000 0.067031 0.106563
7 0.578906 0.475000 0.067031 0.106563
24 0.677344 0.475000 0.067031 0.106563
10 0.775781 0.475000 0.067031 0.106563
14 0.874219 0.475000 0.067031 0.106563
22 0.086719 0.621875 0.067031 0.106563
25 0.185156 0.621875 0.067031 0.106563
0 0.283594 0.621875 0.067031 0.106563
12 0.382031 0.621875 0.067031 0.106563
13 0.480469 0.621875 0.067031 0.106563
18 0.578906 0.621875 0.067031 0.106563
2 0.677344 0.621875 0.067031 0.106563
13 0.775781 0.621875 0.067031 0.106563
19 0.874219 0.621875 0.067031 0.106563
21 0.086719 0.768750 0.067031 0.106563
22 0.185156 0.768750 0.067031 0.106563
5 0.283594 0.768750 0.067031 0.106563
0 0.382031 0.768750 0.067031 0.106563
2 0.480469 0.768750 0.067031 0.106563
5 0.578906 0.768750 0.067031 0.106563
9 0.677344 0.768750 0.067031 0.106563
14 0.775781 0.768750 0.067031 0.106563
16 0.874219 0.768750 0.067031 0.106563