11 0.113281 0.217188 0.087656 0.134063
3 0.235156 0.217188 0.087656 0.134063
24 0.357031 0.217188 0.087656 0.134063
17 0.478906 0.217188 0.087656 0.134063
6 0.600781 0.217188 0.087656 0.134063
20 0.722656 0.217188 0.087656 0.134063
5 0.844531 0.217188 0.087656 0.134063
13 0.113281 0.389062 0.087656 0.134063
6 0.235156 0.389062 0.087656 0.134063
7 0.357031 0.389062 0.087656 0.134063
6 0.478906 0.389062 0.087656 0.134063
19 0.600781 0.389062 0.087656 0.134063
14 0.722656 0.389062 0.087656 0.134063
6 0.844531 0.389062 0.087656 0.134063
8 0.113281 0.560937 0.087656 0.134063
12 0.235156 0.560937 0.087656 0.134063
13 0.357031 0.560937 0.087656 0.134063
13 0.478906 0.560937 0.087656 0.134063
24 0.600781 0.560937 0.087656 0.134063
17 0.722656 0.560937 0.087656 0.134063
8 0.844531 0.560937 0.087656 0.134063
9 0.113281 0.732812 0.087656 0.134063
16 0.235156 0.732812 0.087656 0.134063
8 0.357031 0.732812 0.087656 0.134063
11 0.478906 0.732812 0.087656 0.134063
3 0.600781 0.732812 0.087656 0.134063
19 0.722656 0.732812 0.087656 0.134063
9 0.844531 0.732812 0.087656 0.134063