24 0.062500 0.125000 0.048125 0.079063
5 0.139063 0.125000 0.048125 0.079063
19 0.215625 0.125000 0.048125 0.079063
1 0.292187 0.125000 0.048125 0.079063
25 0.368750 0.125000 0.048125 0.079063
14 0.445312 0.125000 0.048125 0.079063
20 0.521875 0.125000 0.048125 0.079063
19 0.598437 0.125000 0.048125 0.079063
6 0.675000 0.125000 0.048125 0.079063
21 0.751563 0.125000 0.048125 0.079063
9 0.828125 0.125000 0.048125 0.079063
21 0.904687 0.125000 0.048125 0.079063
24 0.062500 0.242188 0.048125 0.079063
0 0.139063 0.242188 0.048125 0.079063
6 0.215625 0.242188 0.048125 0.079063
0 0.292187 0.242188 0.048125 0.079063
20 0.368750 0.242188 0.048125 0.079063
23 0.445312 0.242188 0.048125 0.079063
6 0.521875 0.242188 0.048125 0.079063
8 0.598437 0.242188 0.048125 0.079063
23 0.675000 0.242188 0.048125 0.079063
6 0.751563 0.242188 0.048125 0.079063
10 0.828125 0.242188 0.048125 0.079063
5 0.904687 0.242188 0.048125 0.079063
25 0.062500 0.359375 0.048125 0.079063
7 0.139063 0.359375 0.048125 0.079063
15 0.215625 0.359375 0.048125 0.079063
21 0.292187 0.359375 0.048125 0.079063
8 0.368750 0.359375 0.048125 0.079063
20 0.445312 0.359375 0.048125 0.079063
5 0.521875 0.359375 0.048125 0.079063
16 0.598437 0.359375 0.048125 0.079063
6 0.675000 0.359375 0.048125 0.079063
5 0.751563 0.359375 0.048125 0.079063
8 0.828125 0.359375 0.048125 0.079063
20 0.904687 0.359375 0.048125 0.079063
4 0.062500 0.476562 0.048125 0.079063
1 0.139063 0.476562 0.048125 0.079063
18 0.215625 0.476562 0.048125 0.079063
6 0.292187 0.476562 0.048125 0.079063
2 0.368750 0.476562 0.048125 0.079063
15 0.445312 0.476562 0.048125 0.079063
3 0.521875 0.476562 0.048125 0.079063
19 0.598437 0.476562 0.048125 0.079063
12 0.675000 0.476562 0.048125 0.079063
3 0.751563 0.476562 0.048125 0.079063
22 0.828125 0.476562 0.048125 0.079063
8 0.904687 0.476562 0.048125 0.079063
0 0.062500 0.593750 0.048125 0.079063
4 0.139063 0.593750 0.048125 0.079063
25 0.215625 0.593750 0.048125 0.079063
20 0.292187 0.593750 0.048125 0.079063
17 0.368750 0.593750 0.048125 0.079063
7 0.445312 0.593750 0.048125 0.079063
16 0.521875 0.593750 0.048125 0.079063
0 0.598437 0.593750 0.048125 0.079063
14 0.675000 0.593750 0.048125 0.079063
12 0.751563 0.593750 0.048125 0.079063
3 0.828125 0.593750 0.048125 0.079063
24 0.904687 0.593750 0.048125 0.079063
17 0.062500 0.710938 0.048125 0.079063
6 0.139063 0.710938 0.048125 0.079063
17 0.215625 0.710938 0.048125 0.079063
22 0.292187 0.710938 0.048125 0.079063
1 0.368750 0.710938 0.048125 0.079063
22 0.445312 0.710938 0.048125 0.079063
13 0.521875 0.710938 0.048125 0.079063
19 0.598437 0.710938 0.048125 0.079063
18 0.675000 0.710938 0.048125 0.079063
7 0.751563 0.710938 0.048125 0.079063
22 0.828125 0.710938 0.048125 0.079063
4 0.904687 0.710938 0.048125 0.079063
21 0.062500 0.828125 0.048125 0.079063
2 0.139063 0.828125 0.048125 0.079063
11 0.215625 0.828125 0.048125 0.079063
8 0.292187 0.828125 0.048125 0.079063
17 0.368750 0.828125 0.048125 0.079063
22 0.445312 0.828125 0.048125 0.079063
16 0.521875 0.828125 0.048125 0.079063
11 0.598437 0.828125 0.048125 0.079063
12 0.675000 0.828125 0.048125 0.079063
5 0.751563 0.828125 0.048125 0.079063
1 0.828125 0.828125 0.048125 0.079063
0 0.904687 0.828125 0.048125 0.079063