1 0.136719 0.214062 0.080781 0.127188
6 0.250781 0.214062 0.080781 0.127188
13 0.364844 0.214062 0.080781 0.127188
2 0.478906 0.214062 0.080781 0.127188
10 0.592969 0.214062 0.080781 0.127188
4 0.707031 0.214062 0.080781 0.127188
8 0.821094 0.214062 0.080781 0.127188
15 0.136719 0.385937 0.080781 0.127188
11 0.250781 0.385937 0.080781 0.127188
8 0.364844 0.385937 0.080781 0.127188
15 0.478906 0.385937 0.080781 0.127188
15 0.592969 0.385937 0.080781 0.127188
13 0.707031 0.385937 0.080781 0.127188
3 0.821094 0.385937 0.080781 0.127188
18 0.136719 0.557813 0.080781 0.127188
4 0.250781 0.557813 0.080781 0.127188
20 0.364844 0.557813 0.080781 0.127188
14 0.478906 0.557813 0.080781 0.127188
7 0.592969 0.557813 0.080781 0.127188
4 0.707031 0.557813 0.080781 0.127188
18 0.821094 0.557813 0.080781 0.127188
23 0.136719 0.729688 0.080781 0.127188
15 0.250781 0.729688 0.080781 0.127188
15 0.364844 0.729688 0.080781 0.127188
18 0.478906 0.729688 0.080781 0.127188
4 0.592969 0.729688 0.080781 0.127188
6 0.707031 0.729688 0.080781 0.127188
10 0.821094 0.729688 0.080781 0.127188