9 0.085156 0.139063 0.067031 0.103125
2 0.174219 0.139063 0.067031 0.103125
24 0.263281 0.139063 0.067031 0.103125
10 0.352344 0.139063 0.067031 0.103125
3 0.441406 0.139063 0.067031 0.103125
24 0.530469 0.139063 0.067031 0.103125
10 0.619531 0.139063 0.067031 0.103125
5 0.708594 0.139063 0.067031 0.103125
0 0.797656 0.139063 0.067031 0.103125
25 0.886719 0.139063 0.067031 0.103125
13 0.085156 0.275000 0.067031 0.103125
12 0.174219 0.275000 0.067031 0.103125
8 0.263281 0.275000 0.067031 0.103125
12 0.352344 0.275000 0.067031 0.103125
0 0.441406 0.275000 0.067031 0.103125
9 0.530469 0.275000 0.067031 0.103125
10 0.619531 0.275000 0.067031 0.103125
19 0.708594 0.275000 0.067031 0.103125
4 0.797656 0.275000 0.067031 0.103125
25 0.886719 0.275000 0.067031 0.103125
0 0.085156 0.410938 0.067031 0.103125
4 0.174219 0.410938 0.067031 0.103125
5 0.263281 0.410938 0.067031 0.103125
13 0.352344 0.410938 0.067031 0.103125
0 0.441406 0.410938 0.067031 0.103125
18 0.530469 0.410938 0.067031 0.103125
9 0.619531 0.410938 0.067031 0.103125
24 0.708594 0.410938 0.067031 0.103125
6 0.797656 0.410938 0.067031 0.103125
25 0.886719 0.410938 0.067031 0.103125
21 0.085156 0.546875 0.067031 0.103125
9 0.174219 0.546875 0.067031 0.103125
1 0.263281 0.546875 0.067031 0.103125
6 0.352344 0.546875 0.067031 0.103125
8 0.441406 0.546875 0.067031 0.103125
20 0.530469 0.546875 0.067031 0.103125
11 0.619531 0.546875 0.067031 0.103125
20 0.708594 0.546875 0.067031 0.103125
3 0.797656 0.546875 0.067031 0.103125
7 0.886719 0.546875 0.067031 0.103125
7 0.085156 0.682813 0.067031 0.103125
25 0.174219 0.682813 0.067031 0.103125
1 0.263281 0.682813 0.067031 0.103125
18 0.352344 0.682813 0.067031 0.103125
11 0.441406 0.682813 0.067031 0.103125
21 0.530469 0.682813 0.067031 0.103125
24 0.619531 0.682813 0.067031 0.103125
12 0.708594 0.682813 0.067031 0.103125
5 0.797656 0.682813 0.067031 0.103125
12 0.886719 0.682813 0.067031 0.103125
7 0.085156 0.818750 0.067031 0.103125
20 0.174219 0.818750 0.067031 0.103125
5 0.263281 0.818750 0.067031 0.103125
20 0.352344 0.818750 0.067031 0.103125
17 0.441406 0.818750 0.067031 0.103125
13 0.530469 0.818750 0.067031 0.103125
3 0.619531 0.818750 0.067031 0.103125
16 0.708594 0.818750 0.067031 0.103125
25 0.797656 0.818750 0.067031 0.103125
3 0.886719 0.818750 0.067031 0.103125