25 0.135937 0.237500 0.103125 0.165000
21 0.300000 0.237500 0.103125 0.165000
15 0.464062 0.237500 0.103125 0.165000
10 0.628125 0.237500 0.103125 0.165000
20 0.792188 0.237500 0.103125 0.165000
11 0.135937 0.462500 0.103125 0.165000
19 0.300000 0.462500 0.103125 0.165000
14 0.464062 0.462500 0.103125 0.165000
10 0.628125 0.462500 0.103125 0.165000
6 0.792188 0.462500 0.103125 0.165000
1 0.135937 0.687500 0.103125 0.165000
15 0.300000 0.687500 0.103125 0.165000
13 0.464062 0.687500 0.103125 0.165000
21 0.628125 0.687500 0.103125 0.165000
17 0.792188 0.687500 0.103125 0.165000