20 0.071094 0.090625 0.046406 0.075625
17 0.146094 0.090625 0.046406 0.075625
2 0.221094 0.090625 0.046406 0.075625
16 0.296094 0.090625 0.046406 0.075625
11 0.371094 0.090625 0.046406 0.075625
1 0.446094 0.090625 0.046406 0.075625
23 0.521094 0.090625 0.046406 0.075625
12 0.596094 0.090625 0.046406 0.075625
7 0.671094 0.090625 0.046406 0.075625
6 0.746094 0.090625 0.046406 0.075625
11 0.821094 0.090625 0.046406 0.075625
13 0.896094 0.090625 0.046406 0.075625
20 0.071094 0.201563 0.046406 0.075625
13 0.146094 0.201563 0.046406 0.075625
1 0.221094 0.201563 0.046406 0.075625
16 0.296094 0.201563 0.046406 0.075625
4 0.371094 0.201563 0.046406 0.075625
7 0.446094 0.201563 0.046406 0.075625
12 0.521094 0.201563 0.046406 0.075625
3 0.596094 0.201563 0.046406 0.075625
3 0.671094 0.201563 0.046406 0.075625
6 0.746094 0.201563 0.046406 0.075625
22 0.821094 0.201563 0.046406 0.075625
17 0.896094 0.201563 0.046406 0.075625
6 0.071094 0.312500 0.046406 0.075625
25 0.146094 0.312500 0.046406 0.075625
4 0.221094 0.312500 0.046406 0.075625
9 0.296094 0.312500 0.046406 0.075625
7 0.371094 0.312500 0.046406 0.075625
9 0.446094 0.312500 0.046406 0.075625
11 0.521094 0.312500 0.046406 0.075625
24 0.596094 0.312500 0.046406 0.075625
3 0.671094 0.312500 0.046406 0.075625
19 0.746094 0.312500 0.046406 0.075625
24 0.821094 0.312500 0.046406 0.075625
15 0.896094 0.312500 0.046406 0.075625
9 0.071094 0.423438 0.046406 0.075625
23 0.146094 0.423438 0.046406 0.075625
15 0.221094 0.423438 0.046406 0.075625
21 0.296094 0.423438 0.046406 0.075625
16 0.371094 0.423438 0.046406 0.075625
14 0.446094 0.423438 0.046406 0.075625
6 0.521094 0.423438 0.046406 0.075625
20 0.596094 0.423438 0.046406 0.075625
6 0.671094 0.423438 0.046406 0.075625
5 0.746094 0.423438 0.046406 0.075625
14 0.821094 0.423438 0.046406 0.075625
24 0.896094 0.423438 0.046406 0.075625
0 0.071094 0.534375 0.046406 0.075625
25 0.146094 0.534375 0.046406 0.075625
23 0.221094 0.534375 0.046406 0.075625
23 0.296094 0.534375 0.046406 0.075625
0 0.371094 0.534375 0.046406 0.075625
22 0.446094 0.534375 0.046406 0.075625
7 0.521094 0.534375 0.046406 0.075625
5 0.596094 0.534375 0.046406 0.075625
12 0.671094 0.534375 0.046406 0.075625
9 0.746094 0.534375 0.046406 0.075625
15 0.821094 0.534375 0.046406 0.075625
11 0.896094 0.534375 0.046406 0.075625
13 0.071094 0.645312 0.046406 0.075625
10 0.146094 0.645312 0.046406 0.075625
6 0.221094 0.645312 0.046406 0.075625
17 0.296094 0.645312 0.046406 0.075625
7 0.371094 0.645312 0.046406 0.075625
12 0.446094 0.645312 0.046406 0.075625
25 0.521094 0.645312 0.046406 0.075625
9 0.596094 0.645312 0.046406 0.075625
15 0.671094 0.645312 0.046406 0.075625
12 0.746094 0.645312 0.046406 0.075625
5 0.821094 0.645312 0.046406 0.075625
25 0.896094 0.645312 0.046406 0.075625
12 0.071094 0.756250 0.046406 0.075625
8 0.146094 0.756250 0.046406 0.075625
24 0.221094 0.756250 0.046406 0.075625
19 0.296094 0.756250 0.046406 0.075625
19 0.371094 0.756250 0.046406 0.075625
23 0.446094 0.756250 0.046406 0.075625
8 0.521094 0.756250 0.046406 0.075625
3 0.596094 0.756250 0.046406 0.075625
12 0.671094 0.756250 0.046406 0.075625
24 0.746094 0.756250 0.046406 0.075625
20 0.821094 0.756250 0.046406 0.075625
11 0.896094 0.756250 0.046406 0.075625
23 0.071094 0.867188 0.046406 0.075625
9 0.146094 0.867188 0.046406 0.075625
19 0.221094 0.867188 0.046406 0.075625
0 0.296094 0.867188 0.046406 0.075625
7 0.371094 0.867188 0.046406 0.075625
21 0.446094 0.867188 0.046406 0.075625
0 0.521094 0.867188 0.046406 0.075625
20 0.596094 0.867188 0.046406 0.075625
25 0.671094 0.867188 0.046406 0.075625
24 0.746094 0.867188 0.046406 0.075625
11 0.821094 0.867188 0.046406 0.075625
14 0.896094 0.867188 0.046406 0.075625