4 0.164844 0.253125 0.097969 0.154688
24 0.316406 0.253125 0.097969 0.154688
21 0.467969 0.253125 0.097969 0.154688
12 0.619531 0.253125 0.097969 0.154688
3 0.771094 0.253125 0.097969 0.154688
12 0.164844 0.464062 0.097969 0.154688
18 0.316406 0.464062 0.097969 0.154688
0 0.467969 0.464062 0.097969 0.154688
6 0.619531 0.464062 0.097969 0.154688
15 0.771094 0.464062 0.097969 0.154688
16 0.164844 0.675000 0.097969 0.154688
14 0.316406 0.675000 0.097969 0.154688
20 0.467969 0.675000 0.097969 0.154688
3 0.619531 0.675000 0.097969 0.154688
4 0.771094 0.675000 0.097969 0.154688