5 0.146094 0.196875 0.087656 0.137500
2 0.277344 0.196875 0.087656 0.137500
14 0.408594 0.196875 0.087656 0.137500
25 0.539844 0.196875 0.087656 0.137500
16 0.671094 0.196875 0.087656 0.137500
17 0.802344 0.196875 0.087656 0.137500
18 0.146094 0.379688 0.087656 0.137500
5 0.277344 0.379688 0.087656 0.137500
19 0.408594 0.379688 0.087656 0.137500
2 0.539844 0.379688 0.087656 0.137500
0 0.671094 0.379688 0.087656 0.137500
16 0.802344 0.379688 0.087656 0.137500
7 0.146094 0.562500 0.087656 0.137500
18 0.277344 0.562500 0.087656 0.137500
7 0.408594 0.562500 0.087656 0.137500
5 0.539844 0.562500 0.087656 0.137500
6 0.671094 0.562500 0.087656 0.137500
3 0.802344 0.562500 0.087656 0.137500
4 0.146094 0.745313 0.087656 0.137500
17 0.277344 0.745313 0.087656 0.137500
11 0.408594 0.745313 0.087656 0.137500
20 0.539844 0.745313 0.087656 0.137500
24 0.671094 0.745313 0.087656 0.137500
0 0.802344 0.745313 0.087656 0.137500