0 0.147656 0.257812 0.101406 0.158125
15 0.280469 0.257812 0.101406 0.158125
11 0.413281 0.257812 0.101406 0.158125
9 0.546094 0.257812 0.101406 0.158125
9 0.678906 0.257812 0.101406 0.158125
9 0.811719 0.257812 0.101406 0.158125
19 0.147656 0.467187 0.101406 0.158125
21 0.280469 0.467187 0.101406 0.158125
11 0.413281 0.467187 0.101406 0.158125
21 0.546094 0.467187 0.101406 0.158125
11 0.678906 0.467187 0.101406 0.158125
14 0.811719 0.467187 0.101406 0.158125
20 0.147656 0.676562 0.101406 0.158125
4 0.280469 0.676562 0.101406 0.158125
21 0.413281 0.676562 0.101406 0.158125
22 0.546094 0.676562 0.101406 0.158125
10 0.678906 0.676562 0.101406 0.158125
9 0.811719 0.676562 0.101406 0.158125