9 0.093750 0.175000 0.068750 0.110000
1 0.203125 0.175000 0.068750 0.110000
8 0.312500 0.175000 0.068750 0.110000
9 0.421875 0.175000 0.068750 0.110000
7 0.531250 0.175000 0.068750 0.110000
25 0.640625 0.175000 0.068750 0.110000
19 0.750000 0.175000 0.068750 0.110000
23 0.859375 0.175000 0.068750 0.110000
11 0.093750 0.325000 0.068750 0.110000
5 0.203125 0.325000 0.068750 0.110000
14 0.312500 0.325000 0.068750 0.110000
16 0.421875 0.325000 0.068750 0.110000
22 0.531250 0.325000 0.068750 0.110000
11 0.640625 0.325000 0.068750 0.110000
18 0.750000 0.325000 0.068750 0.110000
2 0.859375 0.325000 0.068750 0.110000
23 0.093750 0.475000 0.068750 0.110000
3 0.203125 0.475000 0.068750 0.110000
11 0.312500 0.475000 0.068750 0.110000
0 0.421875 0.475000 0.068750 0.110000
3 0.531250 0.475000 0.068750 0.110000
17 0.640625 0.475000 0.068750 0.110000
14 0.750000 0.475000 0.068750 0.110000
4 0.859375 0.475000 0.068750 0.110000
4 0.093750 0.625000 0.068750 0.110000
19 0.203125 0.625000 0.068750 0.110000
8 0.312500 0.625000 0.068750 0.110000
7 0.421875 0.625000 0.068750 0.110000
17 0.531250 0.625000 0.068750 0.110000
3 0.640625 0.625000 0.068750 0.110000
15 0.750000 0.625000 0.068750 0.110000
10 0.859375 0.625000 0.068750 0.110000
18 0.093750 0.775000 0.068750 0.110000
7 0.203125 0.775000 0.068750 0.110000
17 0.312500 0.775000 0.068750 0.110000
5 0.421875 0.775000 0.068750 0.110000
13 0.531250 0.775000 0.068750 0.110000
7 0.640625 0.775000 0.068750 0.110000
13 0.750000 0.775000 0.068750 0.110000
17 0.859375 0.775000 0.068750 0.110000