14 0.171875 0.251563 0.103125 0.161562
5 0.321875 0.251563 0.103125 0.161562
11 0.471875 0.251563 0.103125 0.161562
13 0.621875 0.251563 0.103125 0.161562
8 0.771875 0.251563 0.103125 0.161562
21 0.171875 0.465625 0.103125 0.161562
19 0.321875 0.465625 0.103125 0.161562
10 0.471875 0.465625 0.103125 0.161562
2 0.621875 0.465625 0.103125 0.161562
24 0.771875 0.465625 0.103125 0.161562
4 0.171875 0.679688 0.103125 0.161562
13 0.321875 0.679688 0.103125 0.161562
13 0.471875 0.679688 0.103125 0.161562
14 0.621875 0.679688 0.103125 0.161562
10 0.771875 0.679688 0.103125 0.161562