17 0.097656 0.218750 0.077344 0.123750
9 0.222656 0.218750 0.077344 0.123750
16 0.347656 0.218750 0.077344 0.123750
17 0.472656 0.218750 0.077344 0.123750
0 0.597656 0.218750 0.077344 0.123750
17 0.722656 0.218750 0.077344 0.123750
4 0.847656 0.218750 0.077344 0.123750
22 0.097656 0.387500 0.077344 0.123750
23 0.222656 0.387500 0.077344 0.123750
22 0.347656 0.387500 0.077344 0.123750
14 0.472656 0.387500 0.077344 0.123750
18 0.597656 0.387500 0.077344 0.123750
19 0.722656 0.387500 0.077344 0.123750
7 0.847656 0.387500 0.077344 0.123750
0 0.097656 0.556250 0.077344 0.123750
11 0.222656 0.556250 0.077344 0.123750
14 0.347656 0.556250 0.077344 0.123750
8 0.472656 0.556250 0.077344 0.123750
13 0.597656 0.556250 0.077344 0.123750
20 0.722656 0.556250 0.077344 0.123750
13 0.847656 0.556250 0.077344 0.123750
25 0.097656 0.725000 0.077344 0.123750
14 0.222656 0.725000 0.077344 0.123750
11 0.347656 0.725000 0.077344 0.123750
11 0.472656 0.725000 0.077344 0.123750
14 0.597656 0.725000 0.077344 0.123750
0 0.722656 0.725000 0.077344 0.123750
4 0.847656 0.725000 0.077344 0.123750