19 0.103125 0.201563 0.079063 0.127188
18 0.226562 0.201563 0.079063 0.127188
6 0.350000 0.201563 0.079063 0.127188
1 0.473438 0.201563 0.079063 0.127188
8 0.596875 0.201563 0.079063 0.127188
16 0.720313 0.201563 0.079063 0.127188
23 0.843750 0.201563 0.079063 0.127188
13 0.103125 0.379688 0.079063 0.127188
13 0.226562 0.379688 0.079063 0.127188
6 0.350000 0.379688 0.079063 0.127188
13 0.473438 0.379688 0.079063 0.127188
24 0.596875 0.379688 0.079063 0.127188
12 0.720313 0.379688 0.079063 0.127188
21 0.843750 0.379688 0.079063 0.127188
5 0.103125 0.557813 0.079063 0.127188
24 0.226562 0.557813 0.079063 0.127188
11 0.350000 0.557813 0.079063 0.127188
24 0.473438 0.557813 0.079063 0.127188
10 0.596875 0.557813 0.079063 0.127188
1 0.720313 0.557813 0.079063 0.127188
2 0.843750 0.557813 0.079063 0.127188
21 0.103125 0.735938 0.079063 0.127188
21 0.226562 0.735938 0.079063 0.127188
15 0.350000 0.735938 0.079063 0.127188
14 0.473438 0.735938 0.079063 0.127188
24 0.596875 0.735938 0.079063 0.127188
16 0.720313 0.735938 0.079063 0.127188
5 0.843750 0.735938 0.079063 0.127188