23 0.118750 0.262500 0.099687 0.154688
21 0.260937 0.262500 0.099687 0.154688
16 0.403125 0.262500 0.099687 0.154688
6 0.545312 0.262500 0.099687 0.154688
23 0.687500 0.262500 0.099687 0.154688
2 0.829688 0.262500 0.099687 0.154688
14 0.118750 0.467187 0.099687 0.154688
6 0.260937 0.467187 0.099687 0.154688
15 0.403125 0.467187 0.099687 0.154688
1 0.545312 0.467187 0.099687 0.154688
10 0.687500 0.467187 0.099687 0.154688
12 0.829688 0.467187 0.099687 0.154688
22 0.118750 0.671875 0.099687 0.154688
15 0.260937 0.671875 0.099687 0.154688
12 0.403125 0.671875 0.099687 0.154688
9 0.545312 0.671875 0.099687 0.154688
14 0.687500 0.671875 0.099687 0.154688
10 0.829688 0.671875 0.099687 0.154688