7 0.101562 0.187500 0.085938 0.137500
15 0.226562 0.187500 0.085938 0.137500
4 0.351562 0.187500 0.085938 0.137500
7 0.476562 0.187500 0.085938 0.137500
22 0.601562 0.187500 0.085938 0.137500
4 0.726562 0.187500 0.085938 0.137500
4 0.851562 0.187500 0.085938 0.137500
3 0.101562 0.375000 0.085938 0.137500
0 0.226562 0.375000 0.085938 0.137500
8 0.351562 0.375000 0.085938 0.137500
19 0.476562 0.375000 0.085938 0.137500
19 0.601562 0.375000 0.085938 0.137500
18 0.726562 0.375000 0.085938 0.137500
1 0.851562 0.375000 0.085938 0.137500
16 0.101562 0.562500 0.085938 0.137500
10 0.226562 0.562500 0.085938 0.137500
23 0.351562 0.562500 0.085938 0.137500
17 0.476562 0.562500 0.085938 0.137500
9 0.601562 0.562500 0.085938 0.137500
15 0.726562 0.562500 0.085938 0.137500
24 0.851562 0.562500 0.085938 0.137500
8 0.101562 0.750000 0.085938 0.137500
25 0.226562 0.750000 0.085938 0.137500
3 0.351562 0.750000 0.085938 0.137500
10 0.476562 0.750000 0.085938 0.137500
12 0.601562 0.750000 0.085938 0.137500
14 0.726562 0.750000 0.085938 0.137500
3 0.851562 0.750000 0.085938 0.137500