5 0.153125 0.264062 0.103125 0.158125
20 0.284375 0.264062 0.103125 0.158125
4 0.415625 0.264062 0.103125 0.158125
9 0.546875 0.264062 0.103125 0.158125
10 0.678125 0.264062 0.103125 0.158125
16 0.809375 0.264062 0.103125 0.158125
13 0.153125 0.468750 0.103125 0.158125
23 0.284375 0.468750 0.103125 0.158125
23 0.415625 0.468750 0.103125 0.158125
13 0.546875 0.468750 0.103125 0.158125
3 0.678125 0.468750 0.103125 0.158125
9 0.809375 0.468750 0.103125 0.158125
3 0.153125 0.673438 0.103125 0.158125
7 0.284375 0.673438 0.103125 0.158125
2 0.415625 0.673438 0.103125 0.158125
23 0.546875 0.673438 0.103125 0.158125
16 0.678125 0.673438 0.103125 0.158125
19 0.809375 0.673438 0.103125 0.158125