10 0.121875 0.253125 0.106563 0.165000
4 0.264062 0.253125 0.106563 0.165000
15 0.406250 0.253125 0.106563 0.165000
20 0.548438 0.253125 0.106563 0.165000
4 0.690625 0.253125 0.106563 0.165000
1 0.832812 0.253125 0.106563 0.165000
5 0.121875 0.467187 0.106563 0.165000
15 0.264062 0.467187 0.106563 0.165000
6 0.406250 0.467187 0.106563 0.165000
24 0.548438 0.467187 0.106563 0.165000
13 0.690625 0.467187 0.106563 0.165000
9 0.832812 0.467187 0.106563 0.165000
18 0.121875 0.681250 0.106563 0.165000
5 0.264062 0.681250 0.106563 0.165000
18 0.406250 0.681250 0.106563 0.165000
22 0.548438 0.681250 0.106563 0.165000
0 0.690625 0.681250 0.106563 0.165000
10 0.832812 0.681250 0.106563 0.165000