24 0.118750 0.257812 0.089375 0.144375
24 0.259375 0.257812 0.089375 0.144375
23 0.400000 0.257812 0.089375 0.144375
9 0.540625 0.257812 0.089375 0.144375
8 0.681250 0.257812 0.089375 0.144375
17 0.821875 0.257812 0.089375 0.144375
0 0.118750 0.462500 0.089375 0.144375
19 0.259375 0.462500 0.089375 0.144375
6 0.400000 0.462500 0.089375 0.144375
20 0.540625 0.462500 0.089375 0.144375
8 0.681250 0.462500 0.089375 0.144375
25 0.821875 0.462500 0.089375 0.144375
1 0.118750 0.667188 0.089375 0.144375
3 0.259375 0.667188 0.089375 0.144375
24 0.400000 0.667188 0.089375 0.144375
2 0.540625 0.667188 0.089375 0.144375
20 0.681250 0.667188 0.089375 0.144375
6 0.821875 0.667188 0.089375 0.144375