5 0.138281 0.254688 0.101406 0.158125
19 0.274219 0.254688 0.101406 0.158125
22 0.410156 0.254688 0.101406 0.158125
17 0.546094 0.254688 0.101406 0.158125
2 0.682031 0.254688 0.101406 0.158125
0 0.817969 0.254688 0.101406 0.158125
20 0.138281 0.465625 0.101406 0.158125
9 0.274219 0.465625 0.101406 0.158125
17 0.410156 0.465625 0.101406 0.158125
13 0.546094 0.465625 0.101406 0.158125
17 0.682031 0.465625 0.101406 0.158125
21 0.817969 0.465625 0.101406 0.158125
8 0.138281 0.676562 0.101406 0.158125
7 0.274219 0.676562 0.101406 0.158125
14 0.410156 0.676562 0.101406 0.158125
25 0.546094 0.676562 0.101406 0.158125
2 0.682031 0.676562 0.101406 0.158125
21 0.817969 0.676562 0.101406 0.158125