2 0.145313 0.207813 0.113437 0.182188
9 0.307812 0.207813 0.113437 0.182188
15 0.470313 0.207813 0.113437 0.182188
14 0.632812 0.207813 0.113437 0.182188
15 0.795312 0.207813 0.113437 0.182188
18 0.145313 0.457813 0.113437 0.182188
13 0.307812 0.457813 0.113437 0.182188
9 0.470313 0.457813 0.113437 0.182188
5 0.632812 0.457813 0.113437 0.182188
20 0.795312 0.457813 0.113437 0.182188
22 0.145313 0.707812 0.113437 0.182188
15 0.307812 0.707812 0.113437 0.182188
19 0.470313 0.707812 0.113437 0.182188
13 0.632812 0.707812 0.113437 0.182188
18 0.795312 0.707812 0.113437 0.182188