7 0.091406 0.104688 0.049844 0.079063
7 0.163281 0.104688 0.049844 0.079063
24 0.235156 0.104688 0.049844 0.079063
11 0.307031 0.104688 0.049844 0.079063
16 0.378906 0.104688 0.049844 0.079063
17 0.450781 0.104688 0.049844 0.079063
7 0.522656 0.104688 0.049844 0.079063
16 0.594531 0.104688 0.049844 0.079063
9 0.666406 0.104688 0.049844 0.079063
4 0.738281 0.104688 0.049844 0.079063
5 0.810156 0.104688 0.049844 0.079063
1 0.882031 0.104688 0.049844 0.079063
9 0.091406 0.212500 0.049844 0.079063
11 0.163281 0.212500 0.049844 0.079063
10 0.235156 0.212500 0.049844 0.079063
10 0.307031 0.212500 0.049844 0.079063
4 0.378906 0.212500 0.049844 0.079063
2 0.450781 0.212500 0.049844 0.079063
23 0.522656 0.212500 0.049844 0.079063
4 0.594531 0.212500 0.049844 0.079063
11 0.666406 0.212500 0.049844 0.079063
3 0.738281 0.212500 0.049844 0.079063
9 0.810156 0.212500 0.049844 0.079063
2 0.882031 0.212500 0.049844 0.079063
4 0.091406 0.320312 0.049844 0.079063
13 0.163281 0.320312 0.049844 0.079063
18 0.235156 0.320312 0.049844 0.079063
0 0.307031 0.320312 0.049844 0.079063
20 0.378906 0.320312 0.049844 0.079063
14 0.450781 0.320312 0.049844 0.079063
17 0.522656 0.320312 0.049844 0.079063
15 0.594531 0.320312 0.049844 0.079063
1 0.666406 0.320312 0.049844 0.079063
12 0.738281 0.320312 0.049844 0.079063
13 0.810156 0.320312 0.049844 0.079063
14 0.882031 0.320312 0.049844 0.079063
16 0.091406 0.428125 0.049844 0.079063
7 0.163281 0.428125 0.049844 0.079063
25 0.235156 0.428125 0.049844 0.079063
6 0.307031 0.428125 0.049844 0.079063
2 0.378906 0.428125 0.049844 0.079063
23 0.450781 0.428125 0.049844 0.079063
8 0.522656 0.428125 0.049844 0.079063
9 0.594531 0.428125 0.049844 0.079063
18 0.666406 0.428125 0.049844 0.079063
3 0.738281 0.428125 0.049844 0.079063
9 0.810156 0.428125 0.049844 0.079063
18 0.882031 0.428125 0.049844 0.079063
19 0.091406 0.535937 0.049844 0.079063
9 0.163281 0.535937 0.049844 0.079063
10 0.235156 0.535937 0.049844 0.079063
17 0.307031 0.535937 0.049844 0.079063
8 0.378906 0.535937 0.049844 0.079063
22 0.450781 0.535937 0.049844 0.079063
21 0.522656 0.535937 0.049844 0.079063
24 0.594531 0.535937 0.049844 0.079063
5 0.666406 0.535937 0.049844 0.079063
25 0.738281 0.535937 0.049844 0.079063
13 0.810156 0.535937 0.049844 0.079063
10 0.882031 0.535937 0.049844 0.079063
3 0.091406 0.643750 0.049844 0.079063
19 0.163281 0.643750 0.049844 0.079063
13 0.235156 0.643750 0.049844 0.079063
2 0.307031 0.643750 0.049844 0.079063
4 0.378906 0.643750 0.049844 0.079063
15 0.450781 0.643750 0.049844 0.079063
10 0.522656 0.643750 0.049844 0.079063
1 0.594531 0.643750 0.049844 0.079063
21 0.666406 0.643750 0.049844 0.079063
13 0.738281 0.643750 0.049844 0.079063
19 0.810156 0.643750 0.049844 0.079063
7 0.882031 0.643750 0.049844 0.079063
6 0.091406 0.751563 0.049844 0.079063
19 0.163281 0.751563 0.049844 0.079063
12 0.235156 0.751563 0.049844 0.079063
21 0.307031 0.751563 0.049844 0.079063
6 0.378906 0.751563 0.049844 0.079063
7 0.450781 0.751563 0.049844 0.079063
24 0.522656 0.751563 0.049844 0.079063
23 0.594531 0.751563 0.049844 0.079063
9 0.666406 0.751563 0.049844 0.079063
5 0.738281 0.751563 0.049844 0.079063
23 0.810156 0.751563 0.049844 0.079063
8 0.882031 0.751563 0.049844 0.079063
8 0.091406 0.859375 0.049844 0.079063
4 0.163281 0.859375 0.049844 0.079063
6 0.235156 0.859375 0.049844 0.079063
9 0.307031 0.859375 0.049844 0.079063
3 0.378906 0.859375 0.049844 0.079063
9 0.450781 0.859375 0.049844 0.079063
14 0.522656 0.859375 0.049844 0.079063
17 0.594531 0.859375 0.049844 0.079063
12 0.666406 0.859375 0.049844 0.079063
17 0.738281 0.859375 0.049844 0.079063
3 0.810156 0.859375 0.049844 0.079063
16 0.882031 0.859375 0.049844 0.079063