18 0.169531 0.223438 0.108281 0.171875
4 0.321094 0.223438 0.108281 0.171875
23 0.472656 0.223438 0.108281 0.171875
21 0.624219 0.223438 0.108281 0.171875
10 0.775781 0.223438 0.108281 0.171875
5 0.169531 0.459375 0.108281 0.171875
23 0.321094 0.459375 0.108281 0.171875
25 0.472656 0.459375 0.108281 0.171875
17 0.624219 0.459375 0.108281 0.171875
18 0.775781 0.459375 0.108281 0.171875
25 0.169531 0.695312 0.108281 0.171875
8 0.321094 0.695312 0.108281 0.171875
15 0.472656 0.695312 0.108281 0.171875
2 0.624219 0.695312 0.108281 0.171875
3 0.775781 0.695312 0.108281 0.171875