17 0.168750 0.243750 0.096250 0.154688
15 0.318750 0.243750 0.096250 0.154688
14 0.468750 0.243750 0.096250 0.154688
6 0.618750 0.243750 0.096250 0.154688
6 0.768750 0.243750 0.096250 0.154688
11 0.168750 0.460938 0.096250 0.154688
10 0.318750 0.460938 0.096250 0.154688
5 0.468750 0.460938 0.096250 0.154688
6 0.618750 0.460938 0.096250 0.154688
15 0.768750 0.460938 0.096250 0.154688
13 0.168750 0.678125 0.096250 0.154688
8 0.318750 0.678125 0.096250 0.154688
10 0.468750 0.678125 0.096250 0.154688
19 0.618750 0.678125 0.096250 0.154688
19 0.768750 0.678125 0.096250 0.154688