25 0.146875 0.185938 0.089375 0.140937
20 0.278125 0.185938 0.089375 0.140937
11 0.409375 0.185938 0.089375 0.140937
10 0.540625 0.185938 0.089375 0.140937
17 0.671875 0.185938 0.089375 0.140937
7 0.803125 0.185938 0.089375 0.140937
12 0.146875 0.375000 0.089375 0.140937
3 0.278125 0.375000 0.089375 0.140937
21 0.409375 0.375000 0.089375 0.140937
10 0.540625 0.375000 0.089375 0.140937
0 0.671875 0.375000 0.089375 0.140937
8 0.803125 0.375000 0.089375 0.140937
14 0.146875 0.564063 0.089375 0.140937
20 0.278125 0.564063 0.089375 0.140937
8 0.409375 0.564063 0.089375 0.140937
16 0.540625 0.564063 0.089375 0.140937
3 0.671875 0.564063 0.089375 0.140937
3 0.803125 0.564063 0.089375 0.140937
7 0.146875 0.753125 0.089375 0.140937
24 0.278125 0.753125 0.089375 0.140937
18 0.409375 0.753125 0.089375 0.140937
8 0.540625 0.753125 0.089375 0.140937
2 0.671875 0.753125 0.089375 0.140937
22 0.803125 0.753125 0.089375 0.140937