24 0.164062 0.229687 0.103125 0.165000
22 0.317188 0.229687 0.103125 0.165000
2 0.470313 0.229687 0.103125 0.165000
22 0.623437 0.229687 0.103125 0.165000
13 0.776563 0.229687 0.103125 0.165000
7 0.164062 0.459375 0.103125 0.165000
5 0.317188 0.459375 0.103125 0.165000
1 0.470313 0.459375 0.103125 0.165000
5 0.623437 0.459375 0.103125 0.165000
5 0.776563 0.459375 0.103125 0.165000
11 0.164062 0.689063 0.103125 0.165000
21 0.317188 0.689063 0.103125 0.165000
14 0.470313 0.689063 0.103125 0.165000
14 0.623437 0.689063 0.103125 0.165000
23 0.776563 0.689063 0.103125 0.165000