0 0.153906 0.173437 0.094531 0.147812
0 0.283594 0.173437 0.094531 0.147812
13 0.413281 0.173437 0.094531 0.147812
9 0.542969 0.173437 0.094531 0.147812
21 0.672656 0.173437 0.094531 0.147812
5 0.802344 0.173437 0.094531 0.147812
15 0.153906 0.370312 0.094531 0.147812
17 0.283594 0.370312 0.094531 0.147812
2 0.413281 0.370312 0.094531 0.147812
17 0.542969 0.370312 0.094531 0.147812
13 0.672656 0.370312 0.094531 0.147812
0 0.802344 0.370312 0.094531 0.147812
20 0.153906 0.567187 0.094531 0.147812
23 0.283594 0.567187 0.094531 0.147812
25 0.413281 0.567187 0.094531 0.147812
15 0.542969 0.567187 0.094531 0.147812
12 0.672656 0.567187 0.094531 0.147812
25 0.802344 0.567187 0.094531 0.147812
16 0.153906 0.764062 0.094531 0.147812
10 0.283594 0.764062 0.094531 0.147812
10 0.413281 0.764062 0.094531 0.147812
15 0.542969 0.764062 0.094531 0.147812
20 0.672656 0.764062 0.094531 0.147812
7 0.802344 0.764062 0.094531 0.147812