24 0.105469 0.193750 0.094531 0.144375
23 0.230469 0.193750 0.094531 0.144375
15 0.355469 0.193750 0.094531 0.144375
4 0.480469 0.193750 0.094531 0.144375
8 0.605469 0.193750 0.094531 0.144375
24 0.730469 0.193750 0.094531 0.144375
25 0.855469 0.193750 0.094531 0.144375
4 0.105469 0.379688 0.094531 0.144375
24 0.230469 0.379688 0.094531 0.144375
12 0.355469 0.379688 0.094531 0.144375
18 0.480469 0.379688 0.094531 0.144375
24 0.605469 0.379688 0.094531 0.144375
7 0.730469 0.379688 0.094531 0.144375
24 0.855469 0.379688 0.094531 0.144375
3 0.105469 0.565625 0.094531 0.144375
4 0.230469 0.565625 0.094531 0.144375
4 0.355469 0.565625 0.094531 0.144375
2 0.480469 0.565625 0.094531 0.144375
18 0.605469 0.565625 0.094531 0.144375
4 0.730469 0.565625 0.094531 0.144375
15 0.855469 0.565625 0.094531 0.144375
8 0.105469 0.751563 0.094531 0.144375
18 0.230469 0.751563 0.094531 0.144375
15 0.355469 0.751563 0.094531 0.144375
12 0.480469 0.751563 0.094531 0.144375
6 0.605469 0.751563 0.094531 0.144375
2 0.730469 0.751563 0.094531 0.144375
11 0.855469 0.751563 0.094531 0.144375