12 0.167969 0.232813 0.111719 0.175313
3 0.321094 0.232813 0.111719 0.175313
25 0.474219 0.232813 0.111719 0.175313
19 0.627344 0.232813 0.111719 0.175313
12 0.780469 0.232813 0.111719 0.175313
3 0.167969 0.464062 0.111719 0.175313
3 0.321094 0.464062 0.111719 0.175313
14 0.474219 0.464062 0.111719 0.175313
18 0.627344 0.464062 0.111719 0.175313
3 0.780469 0.464062 0.111719 0.175313
25 0.167969 0.695312 0.111719 0.175313
24 0.321094 0.695312 0.111719 0.175313
19 0.474219 0.695312 0.111719 0.175313
12 0.627344 0.695312 0.111719 0.175313
8 0.780469 0.695312 0.111719 0.175313