3 0.130469 0.201563 0.091094 0.140937
6 0.247656 0.201563 0.091094 0.140937
7 0.364844 0.201563 0.091094 0.140937
7 0.482031 0.201563 0.091094 0.140937
20 0.599219 0.201563 0.091094 0.140937
1 0.716406 0.201563 0.091094 0.140937
19 0.833594 0.201563 0.091094 0.140937
6 0.130469 0.382812 0.091094 0.140937
24 0.247656 0.382812 0.091094 0.140937
7 0.364844 0.382812 0.091094 0.140937
25 0.482031 0.382812 0.091094 0.140937
4 0.599219 0.382812 0.091094 0.140937
20 0.716406 0.382812 0.091094 0.140937
11 0.833594 0.382812 0.091094 0.140937
15 0.130469 0.564063 0.091094 0.140937
11 0.247656 0.564063 0.091094 0.140937
14 0.364844 0.564063 0.091094 0.140937
17 0.482031 0.564063 0.091094 0.140937
14 0.599219 0.564063 0.091094 0.140937
23 0.716406 0.564063 0.091094 0.140937
14 0.833594 0.564063 0.091094 0.140937
22 0.130469 0.745313 0.091094 0.140937
16 0.247656 0.745313 0.091094 0.140937
15 0.364844 0.745313 0.091094 0.140937
14 0.482031 0.745313 0.091094 0.140937
0 0.599219 0.745313 0.091094 0.140937
25 0.716406 0.745313 0.091094 0.140937
21 0.833594 0.745313 0.091094 0.140937