8 0.159375 0.178125 0.085938 0.137500
25 0.285938 0.178125 0.085938 0.137500
11 0.412500 0.178125 0.085938 0.137500
21 0.539062 0.178125 0.085938 0.137500
13 0.665625 0.178125 0.085938 0.137500
1 0.792188 0.178125 0.085938 0.137500
21 0.159375 0.370312 0.085938 0.137500
21 0.285938 0.370312 0.085938 0.137500
21 0.412500 0.370312 0.085938 0.137500
6 0.539062 0.370312 0.085938 0.137500
16 0.665625 0.370312 0.085938 0.137500
21 0.792188 0.370312 0.085938 0.137500
21 0.159375 0.562500 0.085938 0.137500
7 0.285938 0.562500 0.085938 0.137500
17 0.412500 0.562500 0.085938 0.137500
4 0.539062 0.562500 0.085938 0.137500
4 0.665625 0.562500 0.085938 0.137500
17 0.792188 0.562500 0.085938 0.137500
8 0.159375 0.754687 0.085938 0.137500
3 0.285938 0.754687 0.085938 0.137500
18 0.412500 0.754687 0.085938 0.137500
22 0.539062 0.754687 0.085938 0.137500
1 0.665625 0.754687 0.085938 0.137500
22 0.792188 0.754687 0.085938 0.137500