12 0.070312 0.120313 0.044688 0.072188
1 0.145313 0.120313 0.044688 0.072188
25 0.220312 0.120313 0.044688 0.072188
25 0.295312 0.120313 0.044688 0.072188
19 0.370312 0.120313 0.044688 0.072188
6 0.445312 0.120313 0.044688 0.072188
1 0.520312 0.120313 0.044688 0.072188
6 0.595313 0.120313 0.044688 0.072188
23 0.670312 0.120313 0.044688 0.072188
16 0.745313 0.120313 0.044688 0.072188
20 0.820312 0.120313 0.044688 0.072188
23 0.895312 0.120313 0.044688 0.072188
10 0.070312 0.223438 0.044688 0.072188
24 0.145313 0.223438 0.044688 0.072188
11 0.220312 0.223438 0.044688 0.072188
10 0.295312 0.223438 0.044688 0.072188
15 0.370312 0.223438 0.044688 0.072188
17 0.445312 0.223438 0.044688 0.072188
8 0.520312 0.223438 0.044688 0.072188
8 0.595313 0.223438 0.044688 0.072188
0 0.670312 0.223438 0.044688 0.072188
3 0.745313 0.223438 0.044688 0.072188
10 0.820312 0.223438 0.044688 0.072188
10 0.895312 0.223438 0.044688 0.072188
15 0.070312 0.326562 0.044688 0.072188
1 0.145313 0.326562 0.044688 0.072188
24 0.220312 0.326562 0.044688 0.072188
7 0.295312 0.326562 0.044688 0.072188
23 0.370312 0.326562 0.044688 0.072188
13 0.445312 0.326562 0.044688 0.072188
10 0.520312 0.326562 0.044688 0.072188
19 0.595313 0.326562 0.044688 0.072188
24 0.670312 0.326562 0.044688 0.072188
12 0.745313 0.326562 0.044688 0.072188
10 0.820312 0.326562 0.044688 0.072188
24 0.895312 0.326562 0.044688 0.072188
5 0.070312 0.429688 0.044688 0.072188
25 0.145313 0.429688 0.044688 0.072188
2 0.220312 0.429688 0.044688 0.072188
19 0.295312 0.429688 0.044688 0.072188
5 0.370312 0.429688 0.044688 0.072188
17 0.445312 0.429688 0.044688 0.072188
25 0.520312 0.429688 0.044688 0.072188
16 0.595313 0.429688 0.044688 0.072188
15 0.670312 0.429688 0.044688 0.072188
15 0.745313 0.429688 0.044688 0.072188
17 0.820312 0.429688 0.044688 0.072188
6 0.895312 0.429688 0.044688 0.072188
3 0.070312 0.532813 0.044688 0.072188
22 0.145313 0.532813 0.044688 0.072188
15 0.220312 0.532813 0.044688 0.072188
6 0.295312 0.532813 0.044688 0.072188
18 0.370312 0.532813 0.044688 0.072188
1 0.445312 0.532813 0.044688 0.072188
2 0.520312 0.532813 0.044688 0.072188
16 0.595313 0.532813 0.044688 0.072188
15 0.670312 0.532813 0.044688 0.072188
10 0.745313 0.532813 0.044688 0.072188
1 0.820312 0.532813 0.044688 0.072188
16 0.895312 0.532813 0.044688 0.072188
12 0.070312 0.635938 0.044688 0.072188
5 0.145313 0.635938 0.044688 0.072188
25 0.220312 0.635938 0.044688 0.072188
22 0.295312 0.635938 0.044688 0.072188
20 0.370312 0.635938 0.044688 0.072188
2 0.445312 0.635938 0.044688 0.072188
22 0.520312 0.635938 0.044688 0.072188
23 0.595313 0.635938 0.044688 0.072188
1 0.670312 0.635938 0.044688 0.072188
4 0.745313 0.635938 0.044688 0.072188
8 0.820312 0.635938 0.044688 0.072188
24 0.895312 0.635938 0.044688 0.072188
21 0.070312 0.739062 0.044688 0.072188
16 0.145313 0.739062 0.044688 0.072188
1 0.220312 0.739062 0.044688 0.072188
22 0.295312 0.739062 0.044688 0.072188
18 0.370312 0.739062 0.044688 0.072188
15 0.445312 0.739062 0.044688 0.072188
14 0.520312 0.739062 0.044688 0.072188
20 0.595313 0.739062 0.044688 0.072188
17 0.670312 0.739062 0.044688 0.072188
23 0.745313 0.739062 0.044688 0.072188
6 0.820312 0.739062 0.044688 0.072188
19 0.895312 0.739062 0.044688 0.072188
5 0.070312 0.842187 0.044688 0.072188
20 0.145313 0.842187 0.044688 0.072188
20 0.220312 0.842187 0.044688 0.072188
21 0.295312 0.842187 0.044688 0.072188
7 0.370312 0.842187 0.044688 0.072188
8 0.445312 0.842187 0.044688 0.072188
19 0.520312 0.842187 0.044688 0.072188
13 0.595313 0.842187 0.044688 0.072188
17 0.670312 0.842187 0.044688 0.072188
24 0.745313 0.842187 0.044688 0.072188
18 0.820312 0.842187 0.044688 0.072188
16 0.895312 0.842187 0.044688 0.072188