15 0.110156 0.193750 0.094531 0.144375
7 0.233594 0.193750 0.094531 0.144375
7 0.357031 0.193750 0.094531 0.144375
24 0.480469 0.193750 0.094531 0.144375
20 0.603906 0.193750 0.094531 0.144375
25 0.727344 0.193750 0.094531 0.144375
3 0.850781 0.193750 0.094531 0.144375
14 0.110156 0.379688 0.094531 0.144375
22 0.233594 0.379688 0.094531 0.144375
21 0.357031 0.379688 0.094531 0.144375
14 0.480469 0.379688 0.094531 0.144375
15 0.603906 0.379688 0.094531 0.144375
12 0.727344 0.379688 0.094531 0.144375
7 0.850781 0.379688 0.094531 0.144375
8 0.110156 0.565625 0.094531 0.144375
20 0.233594 0.565625 0.094531 0.144375
5 0.357031 0.565625 0.094531 0.144375
10 0.480469 0.565625 0.094531 0.144375
3 0.603906 0.565625 0.094531 0.144375
23 0.727344 0.565625 0.094531 0.144375
13 0.850781 0.565625 0.094531 0.144375
15 0.110156 0.751563 0.094531 0.144375
12 0.233594 0.751563 0.094531 0.144375
12 0.357031 0.751563 0.094531 0.144375
20 0.480469 0.751563 0.094531 0.144375
16 0.603906 0.751563 0.094531 0.144375
15 0.727344 0.751563 0.094531 0.144375
19 0.850781 0.751563 0.094531 0.144375