11 0.092969 0.220312 0.080781 0.127188
21 0.203906 0.220312 0.080781 0.127188
9 0.314844 0.220312 0.080781 0.127188
13 0.425781 0.220312 0.080781 0.127188
24 0.536719 0.220312 0.080781 0.127188
11 0.647656 0.220312 0.080781 0.127188
1 0.758594 0.220312 0.080781 0.127188
23 0.869531 0.220312 0.080781 0.127188
25 0.092969 0.389062 0.080781 0.127188
5 0.203906 0.389062 0.080781 0.127188
18 0.314844 0.389062 0.080781 0.127188
2 0.425781 0.389062 0.080781 0.127188
20 0.536719 0.389062 0.080781 0.127188
8 0.647656 0.389062 0.080781 0.127188
3 0.758594 0.389062 0.080781 0.127188
17 0.869531 0.389062 0.080781 0.127188
7 0.092969 0.557813 0.080781 0.127188
20 0.203906 0.557813 0.080781 0.127188
22 0.314844 0.557813 0.080781 0.127188
6 0.425781 0.557813 0.080781 0.127188
3 0.536719 0.557813 0.080781 0.127188
6 0.647656 0.557813 0.080781 0.127188
20 0.758594 0.557813 0.080781 0.127188
6 0.869531 0.557813 0.080781 0.127188
11 0.092969 0.726562 0.080781 0.127188
19 0.203906 0.726562 0.080781 0.127188
10 0.314844 0.726562 0.080781 0.127188
5 0.425781 0.726562 0.080781 0.127188
11 0.536719 0.726562 0.080781 0.127188
25 0.647656 0.726562 0.080781 0.127188
11 0.758594 0.726562 0.080781 0.127188
4 0.869531 0.726562 0.080781 0.127188