20 0.124219 0.257812 0.101406 0.158125
6 0.264844 0.257812 0.101406 0.158125
14 0.405469 0.257812 0.101406 0.158125
19 0.546094 0.257812 0.101406 0.158125
7 0.686719 0.257812 0.101406 0.158125
10 0.827344 0.257812 0.101406 0.158125
8 0.124219 0.467187 0.101406 0.158125
14 0.264844 0.467187 0.101406 0.158125
5 0.405469 0.467187 0.101406 0.158125
16 0.546094 0.467187 0.101406 0.158125
8 0.686719 0.467187 0.101406 0.158125
7 0.827344 0.467187 0.101406 0.158125
5 0.124219 0.676562 0.101406 0.158125
7 0.264844 0.676562 0.101406 0.158125
4 0.405469 0.676562 0.101406 0.158125
21 0.546094 0.676562 0.101406 0.158125
8 0.686719 0.676562 0.101406 0.158125
13 0.827344 0.676562 0.101406 0.158125