25 0.119531 0.254688 0.101406 0.158125
20 0.261719 0.254688 0.101406 0.158125
24 0.403906 0.254688 0.101406 0.158125
22 0.546094 0.254688 0.101406 0.158125
2 0.688281 0.254688 0.101406 0.158125
0 0.830469 0.254688 0.101406 0.158125
5 0.119531 0.465625 0.101406 0.158125
12 0.261719 0.465625 0.101406 0.158125
21 0.403906 0.465625 0.101406 0.158125
21 0.546094 0.465625 0.101406 0.158125
1 0.688281 0.465625 0.101406 0.158125
11 0.830469 0.465625 0.101406 0.158125
16 0.119531 0.676562 0.101406 0.158125
24 0.261719 0.676562 0.101406 0.158125
13 0.403906 0.676562 0.101406 0.158125
25 0.546094 0.676562 0.101406 0.158125
0 0.688281 0.676562 0.101406 0.158125
20 0.830469 0.676562 0.101406 0.158125