25 0.156250 0.251563 0.103125 0.161562
23 0.312500 0.251563 0.103125 0.161562
5 0.468750 0.251563 0.103125 0.161562
6 0.625000 0.251563 0.103125 0.161562
0 0.781250 0.251563 0.103125 0.161562
9 0.156250 0.465625 0.103125 0.161562
3 0.312500 0.465625 0.103125 0.161562
20 0.468750 0.465625 0.103125 0.161562
14 0.625000 0.465625 0.103125 0.161562
9 0.781250 0.465625 0.103125 0.161562
22 0.156250 0.679688 0.103125 0.161562
21 0.312500 0.679688 0.103125 0.161562
8 0.468750 0.679688 0.103125 0.161562
7 0.625000 0.679688 0.103125 0.161562
20 0.781250 0.679688 0.103125 0.161562