15 0.115625 0.143750 0.075625 0.120313
19 0.220312 0.143750 0.075625 0.120313
25 0.325000 0.143750 0.075625 0.120313
19 0.429688 0.143750 0.075625 0.120313
9 0.534375 0.143750 0.075625 0.120313
5 0.639062 0.143750 0.075625 0.120313
17 0.743750 0.143750 0.075625 0.120313
19 0.848437 0.143750 0.075625 0.120313
23 0.115625 0.307812 0.075625 0.120313
9 0.220312 0.307812 0.075625 0.120313
17 0.325000 0.307812 0.075625 0.120313
17 0.429688 0.307812 0.075625 0.120313
12 0.534375 0.307812 0.075625 0.120313
13 0.639062 0.307812 0.075625 0.120313
13 0.743750 0.307812 0.075625 0.120313
4 0.848437 0.307812 0.075625 0.120313
21 0.115625 0.471875 0.075625 0.120313
12 0.220312 0.471875 0.075625 0.120313
13 0.325000 0.471875 0.075625 0.120313
5 0.429688 0.471875 0.075625 0.120313
25 0.534375 0.471875 0.075625 0.120313
15 0.639062 0.471875 0.075625 0.120313
11 0.743750 0.471875 0.075625 0.120313
17 0.848437 0.471875 0.075625 0.120313
1 0.115625 0.635938 0.075625 0.120313
2 0.220312 0.635938 0.075625 0.120313
0 0.325000 0.635938 0.075625 0.120313
9 0.429688 0.635938 0.075625 0.120313
25 0.534375 0.635938 0.075625 0.120313
16 0.639062 0.635938 0.075625 0.120313
9 0.743750 0.635938 0.075625 0.120313
8 0.848437 0.635938 0.075625 0.120313
3 0.115625 0.800000 0.075625 0.120313
0 0.220312 0.800000 0.075625 0.120313
22 0.325000 0.800000 0.075625 0.120313
18 0.429688 0.800000 0.075625 0.120313
0 0.534375 0.800000 0.075625 0.120313
24 0.639062 0.800000 0.075625 0.120313
25 0.743750 0.800000 0.075625 0.120313
19 0.848437 0.800000 0.075625 0.120313