19 0.071875 0.128125 0.048125 0.075625
10 0.146875 0.128125 0.048125 0.075625
11 0.221875 0.128125 0.048125 0.075625
13 0.296875 0.128125 0.048125 0.075625
0 0.371875 0.128125 0.048125 0.075625
5 0.446875 0.128125 0.048125 0.075625
19 0.521875 0.128125 0.048125 0.075625
9 0.596875 0.128125 0.048125 0.075625
9 0.671875 0.128125 0.048125 0.075625
8 0.746875 0.128125 0.048125 0.075625
5 0.821875 0.128125 0.048125 0.075625
14 0.896875 0.128125 0.048125 0.075625
20 0.071875 0.229687 0.048125 0.075625
24 0.146875 0.229687 0.048125 0.075625
0 0.221875 0.229687 0.048125 0.075625
1 0.296875 0.229687 0.048125 0.075625
15 0.371875 0.229687 0.048125 0.075625
17 0.446875 0.229687 0.048125 0.075625
13 0.521875 0.229687 0.048125 0.075625
16 0.596875 0.229687 0.048125 0.075625
22 0.671875 0.229687 0.048125 0.075625
3 0.746875 0.229687 0.048125 0.075625
2 0.821875 0.229687 0.048125 0.075625
23 0.896875 0.229687 0.048125 0.075625
5 0.071875 0.331250 0.048125 0.075625
3 0.146875 0.331250 0.048125 0.075625
7 0.221875 0.331250 0.048125 0.075625
24 0.296875 0.331250 0.048125 0.075625
14 0.371875 0.331250 0.048125 0.075625
22 0.446875 0.331250 0.048125 0.075625
3 0.521875 0.331250 0.048125 0.075625
13 0.596875 0.331250 0.048125 0.075625
13 0.671875 0.331250 0.048125 0.075625
7 0.746875 0.331250 0.048125 0.075625
14 0.821875 0.331250 0.048125 0.075625
2 0.896875 0.331250 0.048125 0.075625
0 0.071875 0.432812 0.048125 0.075625
16 0.146875 0.432812 0.048125 0.075625
16 0.221875 0.432812 0.048125 0.075625
18 0.296875 0.432812 0.048125 0.075625
0 0.371875 0.432812 0.048125 0.075625
3 0.446875 0.432812 0.048125 0.075625
24 0.521875 0.432812 0.048125 0.075625
1 0.596875 0.432812 0.048125 0.075625
5 0.671875 0.432812 0.048125 0.075625
3 0.746875 0.432812 0.048125 0.075625
0 0.821875 0.432812 0.048125 0.075625
11 0.896875 0.432812 0.048125 0.075625
9 0.071875 0.534375 0.048125 0.075625
4 0.146875 0.534375 0.048125 0.075625
25 0.221875 0.534375 0.048125 0.075625
4 0.296875 0.534375 0.048125 0.075625
20 0.371875 0.534375 0.048125 0.075625
23 0.446875 0.534375 0.048125 0.075625
6 0.521875 0.534375 0.048125 0.075625
22 0.596875 0.534375 0.048125 0.075625
17 0.671875 0.534375 0.048125 0.075625
13 0.746875 0.534375 0.048125 0.075625
4 0.821875 0.534375 0.048125 0.075625
6 0.896875 0.534375 0.048125 0.075625
14 0.071875 0.635938 0.048125 0.075625
8 0.146875 0.635938 0.048125 0.075625
9 0.221875 0.635938 0.048125 0.075625
7 0.296875 0.635938 0.048125 0.075625
9 0.371875 0.635938 0.048125 0.075625
20 0.446875 0.635938 0.048125 0.075625
3 0.521875 0.635938 0.048125 0.075625
3 0.596875 0.635938 0.048125 0.075625
0 0.671875 0.635938 0.048125 0.075625
9 0.746875 0.635938 0.048125 0.075625
13 0.821875 0.635938 0.048125 0.075625
4 0.896875 0.635938 0.048125 0.075625
15 0.071875 0.737500 0.048125 0.075625
19 0.146875 0.737500 0.048125 0.075625
3 0.221875 0.737500 0.048125 0.075625
18 0.296875 0.737500 0.048125 0.075625
24 0.371875 0.737500 0.048125 0.075625
10 0.446875 0.737500 0.048125 0.075625
5 0.521875 0.737500 0.048125 0.075625
0 0.596875 0.737500 0.048125 0.075625
19 0.671875 0.737500 0.048125 0.075625
22 0.746875 0.737500 0.048125 0.075625
6 0.821875 0.737500 0.048125 0.075625
13 0.896875 0.737500 0.048125 0.075625
18 0.071875 0.839063 0.048125 0.075625
21 0.146875 0.839063 0.048125 0.075625
14 0.221875 0.839063 0.048125 0.075625
19 0.296875 0.839063 0.048125 0.075625
6 0.371875 0.839063 0.048125 0.075625
0 0.446875 0.839063 0.048125 0.075625
7 0.521875 0.839063 0.048125 0.075625
6 0.596875 0.839063 0.048125 0.075625
17 0.671875 0.839063 0.048125 0.075625
14 0.746875 0.839063 0.048125 0.075625
19 0.821875 0.839063 0.048125 0.075625
12 0.896875 0.839063 0.048125 0.075625