15 0.146094 0.200000 0.087656 0.137500
12 0.277344 0.200000 0.087656 0.137500
9 0.408594 0.200000 0.087656 0.137500
15 0.539844 0.200000 0.087656 0.137500
13 0.671094 0.200000 0.087656 0.137500
14 0.802344 0.200000 0.087656 0.137500
3 0.146094 0.381250 0.087656 0.137500
7 0.277344 0.381250 0.087656 0.137500
18 0.408594 0.381250 0.087656 0.137500
23 0.539844 0.381250 0.087656 0.137500
5 0.671094 0.381250 0.087656 0.137500
16 0.802344 0.381250 0.087656 0.137500
4 0.146094 0.562500 0.087656 0.137500
17 0.277344 0.562500 0.087656 0.137500
3 0.408594 0.562500 0.087656 0.137500
24 0.539844 0.562500 0.087656 0.137500
13 0.671094 0.562500 0.087656 0.137500
20 0.802344 0.562500 0.087656 0.137500
0 0.146094 0.743750 0.087656 0.137500
16 0.277344 0.743750 0.087656 0.137500
13 0.408594 0.743750 0.087656 0.137500
4 0.539844 0.743750 0.087656 0.137500
12 0.671094 0.743750 0.087656 0.137500
0 0.802344 0.743750 0.087656 0.137500