8 0.114844 0.162500 0.073906 0.116875
14 0.219531 0.162500 0.073906 0.116875
9 0.324219 0.162500 0.073906 0.116875
12 0.428906 0.162500 0.073906 0.116875
22 0.533594 0.162500 0.073906 0.116875
9 0.638281 0.162500 0.073906 0.116875
0 0.742969 0.162500 0.073906 0.116875
2 0.847656 0.162500 0.073906 0.116875
13 0.114844 0.318750 0.073906 0.116875
20 0.219531 0.318750 0.073906 0.116875
7 0.324219 0.318750 0.073906 0.116875
19 0.428906 0.318750 0.073906 0.116875
23 0.533594 0.318750 0.073906 0.116875
25 0.638281 0.318750 0.073906 0.116875
21 0.742969 0.318750 0.073906 0.116875
3 0.847656 0.318750 0.073906 0.116875
3 0.114844 0.475000 0.073906 0.116875
24 0.219531 0.475000 0.073906 0.116875
15 0.324219 0.475000 0.073906 0.116875
18 0.428906 0.475000 0.073906 0.116875
15 0.533594 0.475000 0.073906 0.116875
25 0.638281 0.475000 0.073906 0.116875
24 0.742969 0.475000 0.073906 0.116875
9 0.847656 0.475000 0.073906 0.116875
15 0.114844 0.631250 0.073906 0.116875
5 0.219531 0.631250 0.073906 0.116875
22 0.324219 0.631250 0.073906 0.116875
2 0.428906 0.631250 0.073906 0.116875
6 0.533594 0.631250 0.073906 0.116875
8 0.638281 0.631250 0.073906 0.116875
3 0.742969 0.631250 0.073906 0.116875
20 0.847656 0.631250 0.073906 0.116875
8 0.114844 0.787500 0.073906 0.116875
5 0.219531 0.787500 0.073906 0.116875
1 0.324219 0.787500 0.073906 0.116875
12 0.428906 0.787500 0.073906 0.116875
7 0.533594 0.787500 0.073906 0.116875
2 0.638281 0.787500 0.073906 0.116875
19 0.742969 0.787500 0.073906 0.116875
25 0.847656 0.787500 0.073906 0.116875