6 0.130469 0.215625 0.077344 0.123750
5 0.246094 0.215625 0.077344 0.123750
2 0.361719 0.215625 0.077344 0.123750
12 0.477344 0.215625 0.077344 0.123750
17 0.592969 0.215625 0.077344 0.123750
5 0.708594 0.215625 0.077344 0.123750
19 0.824219 0.215625 0.077344 0.123750
3 0.130469 0.385937 0.077344 0.123750
22 0.246094 0.385937 0.077344 0.123750
9 0.361719 0.385937 0.077344 0.123750
0 0.477344 0.385937 0.077344 0.123750
5 0.592969 0.385937 0.077344 0.123750
0 0.708594 0.385937 0.077344 0.123750
12 0.824219 0.385937 0.077344 0.123750
15 0.130469 0.556250 0.077344 0.123750
5 0.246094 0.556250 0.077344 0.123750
7 0.361719 0.556250 0.077344 0.123750
7 0.477344 0.556250 0.077344 0.123750
1 0.592969 0.556250 0.077344 0.123750
13 0.708594 0.556250 0.077344 0.123750
17 0.824219 0.556250 0.077344 0.123750
23 0.130469 0.726562 0.077344 0.123750
18 0.246094 0.726562 0.077344 0.123750
20 0.361719 0.726562 0.077344 0.123750
19 0.477344 0.726562 0.077344 0.123750
12 0.592969 0.726562 0.077344 0.123750
3 0.708594 0.726562 0.077344 0.123750
4 0.824219 0.726562 0.077344 0.123750