0 0.103125 0.220312 0.075625 0.120313
25 0.210938 0.220312 0.075625 0.120313
6 0.318750 0.220312 0.075625 0.120313
17 0.426563 0.220312 0.075625 0.120313
14 0.534375 0.220312 0.075625 0.120313
5 0.642188 0.220312 0.075625 0.120313
22 0.750000 0.220312 0.075625 0.120313
1 0.857812 0.220312 0.075625 0.120313
25 0.103125 0.387500 0.075625 0.120313
13 0.210938 0.387500 0.075625 0.120313
0 0.318750 0.387500 0.075625 0.120313
24 0.426563 0.387500 0.075625 0.120313
1 0.534375 0.387500 0.075625 0.120313
9 0.642188 0.387500 0.075625 0.120313
22 0.750000 0.387500 0.075625 0.120313
23 0.857812 0.387500 0.075625 0.120313
9 0.103125 0.554688 0.075625 0.120313
8 0.210938 0.554688 0.075625 0.120313
18 0.318750 0.554688 0.075625 0.120313
23 0.426563 0.554688 0.075625 0.120313
25 0.534375 0.554688 0.075625 0.120313
20 0.642188 0.554688 0.075625 0.120313
25 0.750000 0.554688 0.075625 0.120313
15 0.857812 0.554688 0.075625 0.120313
8 0.103125 0.721875 0.075625 0.120313
11 0.210938 0.721875 0.075625 0.120313
24 0.318750 0.721875 0.075625 0.120313
6 0.426563 0.721875 0.075625 0.120313
17 0.534375 0.721875 0.075625 0.120313
14 0.642188 0.721875 0.075625 0.120313
22 0.750000 0.721875 0.075625 0.120313
21 0.857812 0.721875 0.075625 0.120313