20 0.115625 0.165625 0.075625 0.116875
18 0.220312 0.165625 0.075625 0.116875
11 0.325000 0.165625 0.075625 0.116875
1 0.429688 0.165625 0.075625 0.116875
6 0.534375 0.165625 0.075625 0.116875
14 0.639062 0.165625 0.075625 0.116875
19 0.743750 0.165625 0.075625 0.116875
25 0.848437 0.165625 0.075625 0.116875
19 0.115625 0.320312 0.075625 0.116875
24 0.220312 0.320312 0.075625 0.116875
9 0.325000 0.320312 0.075625 0.116875
17 0.429688 0.320312 0.075625 0.116875
25 0.534375 0.320312 0.075625 0.116875
24 0.639062 0.320312 0.075625 0.116875
8 0.743750 0.320312 0.075625 0.116875
2 0.848437 0.320312 0.075625 0.116875
24 0.115625 0.475000 0.075625 0.116875
10 0.220312 0.475000 0.075625 0.116875
23 0.325000 0.475000 0.075625 0.116875
10 0.429688 0.475000 0.075625 0.116875
4 0.534375 0.475000 0.075625 0.116875
15 0.639062 0.475000 0.075625 0.116875
14 0.743750 0.475000 0.075625 0.116875
18 0.848437 0.475000 0.075625 0.116875
1 0.115625 0.629687 0.075625 0.116875
24 0.220312 0.629687 0.075625 0.116875
17 0.325000 0.629687 0.075625 0.116875
8 0.429688 0.629687 0.075625 0.116875
22 0.534375 0.629687 0.075625 0.116875
3 0.639062 0.629687 0.075625 0.116875
5 0.743750 0.629687 0.075625 0.116875
1 0.848437 0.629687 0.075625 0.116875
0 0.115625 0.784375 0.075625 0.116875
14 0.220312 0.784375 0.075625 0.116875
21 0.325000 0.784375 0.075625 0.116875
9 0.429688 0.784375 0.075625 0.116875
9 0.534375 0.784375 0.075625 0.116875
4 0.639062 0.784375 0.075625 0.116875
15 0.743750 0.784375 0.075625 0.116875
6 0.848437 0.784375 0.075625 0.116875