24 0.121094 0.171875 0.084219 0.137500
25 0.260156 0.171875 0.084219 0.137500
18 0.399219 0.171875 0.084219 0.137500
12 0.538281 0.171875 0.084219 0.137500
16 0.677344 0.171875 0.084219 0.137500
6 0.816406 0.171875 0.084219 0.137500
20 0.121094 0.367188 0.084219 0.137500
17 0.260156 0.367188 0.084219 0.137500
1 0.399219 0.367188 0.084219 0.137500
10 0.538281 0.367188 0.084219 0.137500
21 0.677344 0.367188 0.084219 0.137500
21 0.816406 0.367188 0.084219 0.137500
2 0.121094 0.562500 0.084219 0.137500
12 0.260156 0.562500 0.084219 0.137500
25 0.399219 0.562500 0.084219 0.137500
11 0.538281 0.562500 0.084219 0.137500
20 0.677344 0.562500 0.084219 0.137500
13 0.816406 0.562500 0.084219 0.137500
9 0.121094 0.757812 0.084219 0.137500
1 0.260156 0.757812 0.084219 0.137500
5 0.399219 0.757812 0.084219 0.137500
4 0.538281 0.757812 0.084219 0.137500
23 0.677344 0.757812 0.084219 0.137500
20 0.816406 0.757812 0.084219 0.137500