8 0.118750 0.262500 0.089375 0.144375
6 0.259375 0.262500 0.089375 0.144375
15 0.400000 0.262500 0.089375 0.144375
0 0.540625 0.262500 0.089375 0.144375
6 0.681250 0.262500 0.089375 0.144375
2 0.821875 0.262500 0.089375 0.144375
9 0.118750 0.464062 0.089375 0.144375
20 0.259375 0.464062 0.089375 0.144375
0 0.400000 0.464062 0.089375 0.144375
21 0.540625 0.464062 0.089375 0.144375
18 0.681250 0.464062 0.089375 0.144375
13 0.821875 0.464062 0.089375 0.144375
12 0.118750 0.665625 0.089375 0.144375
5 0.259375 0.665625 0.089375 0.144375
5 0.400000 0.665625 0.089375 0.144375
7 0.540625 0.665625 0.089375 0.144375
0 0.681250 0.665625 0.089375 0.144375
17 0.821875 0.665625 0.089375 0.144375