16 0.080469 0.181250 0.067031 0.106563
22 0.180469 0.181250 0.067031 0.106563
11 0.280469 0.181250 0.067031 0.106563
3 0.380469 0.181250 0.067031 0.106563
24 0.480469 0.181250 0.067031 0.106563
25 0.580469 0.181250 0.067031 0.106563
5 0.680469 0.181250 0.067031 0.106563
23 0.780469 0.181250 0.067031 0.106563
25 0.880469 0.181250 0.067031 0.106563
11 0.080469 0.328125 0.067031 0.106563
16 0.180469 0.328125 0.067031 0.106563
6 0.280469 0.328125 0.067031 0.106563
4 0.380469 0.328125 0.067031 0.106563
9 0.480469 0.328125 0.067031 0.106563
4 0.580469 0.328125 0.067031 0.106563
8 0.680469 0.328125 0.067031 0.106563
1 0.780469 0.328125 0.067031 0.106563
18 0.880469 0.328125 0.067031 0.106563
10 0.080469 0.475000 0.067031 0.106563
3 0.180469 0.475000 0.067031 0.106563
14 0.280469 0.475000 0.067031 0.106563
16 0.380469 0.475000 0.067031 0.106563
25 0.480469 0.475000 0.067031 0.106563
1 0.580469 0.475000 0.067031 0.106563
3 0.680469 0.475000 0.067031 0.106563
15 0.780469 0.475000 0.067031 0.106563
3 0.880469 0.475000 0.067031 0.106563
4 0.080469 0.621875 0.067031 0.106563
15 0.180469 0.621875 0.067031 0.106563
5 0.280469 0.621875 0.067031 0.106563
21 0.380469 0.621875 0.067031 0.106563
24 0.480469 0.621875 0.067031 0.106563
20 0.580469 0.621875 0.067031 0.106563
2 0.680469 0.621875 0.067031 0.106563
3 0.780469 0.621875 0.067031 0.106563
8 0.880469 0.621875 0.067031 0.106563
19 0.080469 0.768750 0.067031 0.106563
14 0.180469 0.768750 0.067031 0.106563
22 0.280469 0.768750 0.067031 0.106563
4 0.380469 0.768750 0.067031 0.106563
15 0.480469 0.768750 0.067031 0.106563
2 0.580469 0.768750 0.067031 0.106563
12 0.680469 0.768750 0.067031 0.106563
22 0.780469 0.768750 0.067031 0.106563
14 0.880469 0.768750 0.067031 0.106563