15 0.185156 0.253125 0.097969 0.154688
23 0.328906 0.253125 0.097969 0.154688
2 0.472656 0.253125 0.097969 0.154688
3 0.616406 0.253125 0.097969 0.154688
21 0.760156 0.253125 0.097969 0.154688
11 0.185156 0.464062 0.097969 0.154688
4 0.328906 0.464062 0.097969 0.154688
7 0.472656 0.464062 0.097969 0.154688
1 0.616406 0.464062 0.097969 0.154688
14 0.760156 0.464062 0.097969 0.154688
8 0.185156 0.675000 0.097969 0.154688
12 0.328906 0.675000 0.097969 0.154688
5 0.472656 0.675000 0.097969 0.154688
8 0.616406 0.675000 0.097969 0.154688
14 0.760156 0.675000 0.097969 0.154688