13 0.104688 0.157812 0.058437 0.092812
2 0.198437 0.157812 0.058437 0.092812
14 0.292187 0.157812 0.058437 0.092812
19 0.385937 0.157812 0.058437 0.092812
24 0.479687 0.157812 0.058437 0.092812
2 0.573438 0.157812 0.058437 0.092812
11 0.667188 0.157812 0.058437 0.092812
20 0.760938 0.157812 0.058437 0.092812
9 0.854688 0.157812 0.058437 0.092812
20 0.104688 0.285938 0.058437 0.092812
2 0.198437 0.285938 0.058437 0.092812
19 0.292187 0.285938 0.058437 0.092812
10 0.385937 0.285938 0.058437 0.092812
11 0.479687 0.285938 0.058437 0.092812
19 0.573438 0.285938 0.058437 0.092812
18 0.667188 0.285938 0.058437 0.092812
1 0.760938 0.285938 0.058437 0.092812
25 0.854688 0.285938 0.058437 0.092812
23 0.104688 0.414062 0.058437 0.092812
8 0.198437 0.414062 0.058437 0.092812
14 0.292187 0.414062 0.058437 0.092812
9 0.385937 0.414062 0.058437 0.092812
10 0.479687 0.414062 0.058437 0.092812
3 0.573438 0.414062 0.058437 0.092812
6 0.667188 0.414062 0.058437 0.092812
17 0.760938 0.414062 0.058437 0.092812
22 0.854688 0.414062 0.058437 0.092812
14 0.104688 0.542188 0.058437 0.092812
18 0.198437 0.542188 0.058437 0.092812
2 0.292187 0.542188 0.058437 0.092812
10 0.385937 0.542188 0.058437 0.092812
9 0.479687 0.542188 0.058437 0.092812
0 0.573438 0.542188 0.058437 0.092812
1 0.667188 0.542188 0.058437 0.092812
9 0.760938 0.542188 0.058437 0.092812
16 0.854688 0.542188 0.058437 0.092812
6 0.104688 0.670312 0.058437 0.092812
4 0.198437 0.670312 0.058437 0.092812
3 0.292187 0.670312 0.058437 0.092812
7 0.385937 0.670312 0.058437 0.092812
23 0.479687 0.670312 0.058437 0.092812
10 0.573438 0.670312 0.058437 0.092812
16 0.667188 0.670312 0.058437 0.092812
16 0.760938 0.670312 0.058437 0.092812
3 0.854688 0.670312 0.058437 0.092812
5 0.104688 0.798438 0.058437 0.092812
8 0.198437 0.798438 0.058437 0.092812
22 0.292187 0.798438 0.058437 0.092812
12 0.385937 0.798438 0.058437 0.092812
7 0.479687 0.798438 0.058437 0.092812
12 0.573438 0.798438 0.058437 0.092812
9 0.667188 0.798438 0.058437 0.092812
20 0.760938 0.798438 0.058437 0.092812
19 0.854688 0.798438 0.058437 0.092812