1 0.106250 0.159375 0.061875 0.096250
22 0.190625 0.159375 0.061875 0.096250
8 0.275000 0.159375 0.061875 0.096250
15 0.359375 0.159375 0.061875 0.096250
24 0.443750 0.159375 0.061875 0.096250
12 0.528125 0.159375 0.061875 0.096250
11 0.612500 0.159375 0.061875 0.096250
24 0.696875 0.159375 0.061875 0.096250
8 0.781250 0.159375 0.061875 0.096250
17 0.865625 0.159375 0.061875 0.096250
18 0.106250 0.287500 0.061875 0.096250
2 0.190625 0.287500 0.061875 0.096250
14 0.275000 0.287500 0.061875 0.096250
12 0.359375 0.287500 0.061875 0.096250
23 0.443750 0.287500 0.061875 0.096250
9 0.528125 0.287500 0.061875 0.096250
9 0.612500 0.287500 0.061875 0.096250
12 0.696875 0.287500 0.061875 0.096250
21 0.781250 0.287500 0.061875 0.096250
1 0.865625 0.287500 0.061875 0.096250
14 0.106250 0.415625 0.061875 0.096250
24 0.190625 0.415625 0.061875 0.096250
25 0.275000 0.415625 0.061875 0.096250
19 0.359375 0.415625 0.061875 0.096250
10 0.443750 0.415625 0.061875 0.096250
2 0.528125 0.415625 0.061875 0.096250
3 0.612500 0.415625 0.061875 0.096250
23 0.696875 0.415625 0.061875 0.096250
2 0.781250 0.415625 0.061875 0.096250
13 0.865625 0.415625 0.061875 0.096250
2 0.106250 0.543750 0.061875 0.096250
20 0.190625 0.543750 0.061875 0.096250
10 0.275000 0.543750 0.061875 0.096250
17 0.359375 0.543750 0.061875 0.096250
5 0.443750 0.543750 0.061875 0.096250
4 0.528125 0.543750 0.061875 0.096250
21 0.612500 0.543750 0.061875 0.096250
8 0.696875 0.543750 0.061875 0.096250
6 0.781250 0.543750 0.061875 0.096250
5 0.865625 0.543750 0.061875 0.096250
6 0.106250 0.671875 0.061875 0.096250
14 0.190625 0.671875 0.061875 0.096250
0 0.275000 0.671875 0.061875 0.096250
17 0.359375 0.671875 0.061875 0.096250
20 0.443750 0.671875 0.061875 0.096250
8 0.528125 0.671875 0.061875 0.096250
17 0.612500 0.671875 0.061875 0.096250
8 0.696875 0.671875 0.061875 0.096250
13 0.781250 0.671875 0.061875 0.096250
16 0.865625 0.671875 0.061875 0.096250
19 0.106250 0.800000 0.061875 0.096250
23 0.190625 0.800000 0.061875 0.096250
19 0.275000 0.800000 0.061875 0.096250
3 0.359375 0.800000 0.061875 0.096250
15 0.443750 0.800000 0.061875 0.096250
0 0.528125 0.800000 0.061875 0.096250
13 0.612500 0.800000 0.061875 0.096250
18 0.696875 0.800000 0.061875 0.096250
15 0.781250 0.800000 0.061875 0.096250
1 0.865625 0.800000 0.061875 0.096250