8 0.135156 0.173437 0.094531 0.147812
19 0.271094 0.173437 0.094531 0.147812
10 0.407031 0.173437 0.094531 0.147812
8 0.542969 0.173437 0.094531 0.147812
24 0.678906 0.173437 0.094531 0.147812
5 0.814844 0.173437 0.094531 0.147812
4 0.135156 0.370312 0.094531 0.147812
5 0.271094 0.370312 0.094531 0.147812
5 0.407031 0.370312 0.094531 0.147812
20 0.542969 0.370312 0.094531 0.147812
24 0.678906 0.370312 0.094531 0.147812
13 0.814844 0.370312 0.094531 0.147812
17 0.135156 0.567187 0.094531 0.147812
25 0.271094 0.567187 0.094531 0.147812
23 0.407031 0.567187 0.094531 0.147812
9 0.542969 0.567187 0.094531 0.147812
17 0.678906 0.567187 0.094531 0.147812
10 0.814844 0.567187 0.094531 0.147812
5 0.135156 0.764062 0.094531 0.147812
1 0.271094 0.764062 0.094531 0.147812
7 0.407031 0.764062 0.094531 0.147812
1 0.542969 0.764062 0.094531 0.147812
1 0.678906 0.764062 0.094531 0.147812
9 0.814844 0.764062 0.094531 0.147812