17 0.150000 0.231250 0.106563 0.168437
1 0.309375 0.231250 0.106563 0.168437
12 0.468750 0.231250 0.106563 0.168437
1 0.628125 0.231250 0.106563 0.168437
11 0.787500 0.231250 0.106563 0.168437
21 0.150000 0.460938 0.106563 0.168437
15 0.309375 0.460938 0.106563 0.168437
20 0.468750 0.460938 0.106563 0.168437
12 0.628125 0.460938 0.106563 0.168437
14 0.787500 0.460938 0.106563 0.168437
15 0.150000 0.690625 0.106563 0.168437
12 0.309375 0.690625 0.106563 0.168437
22 0.468750 0.690625 0.106563 0.168437
15 0.628125 0.690625 0.106563 0.168437
9 0.787500 0.690625 0.106563 0.168437