25 0.176563 0.235937 0.106563 0.168437
20 0.325000 0.235937 0.106563 0.168437
4 0.473438 0.235937 0.106563 0.168437
16 0.621875 0.235937 0.106563 0.168437
24 0.770312 0.235937 0.106563 0.168437
18 0.176563 0.462500 0.106563 0.168437
2 0.325000 0.462500 0.106563 0.168437
0 0.473438 0.462500 0.106563 0.168437
3 0.621875 0.462500 0.106563 0.168437
16 0.770312 0.462500 0.106563 0.168437
7 0.176563 0.689063 0.106563 0.168437
19 0.325000 0.689063 0.106563 0.168437
3 0.473438 0.689063 0.106563 0.168437
1 0.621875 0.689063 0.106563 0.168437
11 0.770312 0.689063 0.106563 0.168437