13 0.146094 0.167187 0.087656 0.140937
16 0.277344 0.167187 0.087656 0.140937
11 0.408594 0.167187 0.087656 0.140937
21 0.539844 0.167187 0.087656 0.140937
11 0.671094 0.167187 0.087656 0.140937
3 0.802344 0.167187 0.087656 0.140937
17 0.146094 0.365625 0.087656 0.140937
7 0.277344 0.365625 0.087656 0.140937
16 0.408594 0.365625 0.087656 0.140937
16 0.539844 0.365625 0.087656 0.140937
12 0.671094 0.365625 0.087656 0.140937
20 0.802344 0.365625 0.087656 0.140937
7 0.146094 0.564063 0.087656 0.140937
7 0.277344 0.564063 0.087656 0.140937
17 0.408594 0.564063 0.087656 0.140937
19 0.539844 0.564063 0.087656 0.140937
25 0.671094 0.564063 0.087656 0.140937
20 0.802344 0.564063 0.087656 0.140937
1 0.146094 0.762500 0.087656 0.140937
19 0.277344 0.762500 0.087656 0.140937
20 0.408594 0.762500 0.087656 0.140937
3 0.539844 0.762500 0.087656 0.140937
16 0.671094 0.762500 0.087656 0.140937
16 0.802344 0.762500 0.087656 0.140937