20 0.096875 0.140625 0.075625 0.120313
18 0.206250 0.140625 0.075625 0.120313
20 0.315625 0.140625 0.075625 0.120313
18 0.425000 0.140625 0.075625 0.120313
13 0.534375 0.140625 0.075625 0.120313
6 0.643750 0.140625 0.075625 0.120313
8 0.753125 0.140625 0.075625 0.120313
3 0.862500 0.140625 0.075625 0.120313
24 0.096875 0.306250 0.075625 0.120313
20 0.206250 0.306250 0.075625 0.120313
23 0.315625 0.306250 0.075625 0.120313
0 0.425000 0.306250 0.075625 0.120313
9 0.534375 0.306250 0.075625 0.120313
12 0.643750 0.306250 0.075625 0.120313
18 0.753125 0.306250 0.075625 0.120313
0 0.862500 0.306250 0.075625 0.120313
6 0.096875 0.471875 0.075625 0.120313
15 0.206250 0.471875 0.075625 0.120313
22 0.315625 0.471875 0.075625 0.120313
15 0.425000 0.471875 0.075625 0.120313
5 0.534375 0.471875 0.075625 0.120313
17 0.643750 0.471875 0.075625 0.120313
6 0.753125 0.471875 0.075625 0.120313
24 0.862500 0.471875 0.075625 0.120313
15 0.096875 0.637500 0.075625 0.120313
9 0.206250 0.637500 0.075625 0.120313
17 0.315625 0.637500 0.075625 0.120313
24 0.425000 0.637500 0.075625 0.120313
10 0.534375 0.637500 0.075625 0.120313
4 0.643750 0.637500 0.075625 0.120313
22 0.753125 0.637500 0.075625 0.120313
25 0.862500 0.637500 0.075625 0.120313
8 0.096875 0.803125 0.075625 0.120313
22 0.206250 0.803125 0.075625 0.120313
13 0.315625 0.803125 0.075625 0.120313
17 0.425000 0.803125 0.075625 0.120313
8 0.534375 0.803125 0.075625 0.120313
16 0.643750 0.803125 0.075625 0.120313
13 0.753125 0.803125 0.075625 0.120313
7 0.862500 0.803125 0.075625 0.120313