23 0.053906 0.081250 0.039531 0.061875
18 0.105469 0.081250 0.039531 0.061875
24 0.157031 0.081250 0.039531 0.061875
8 0.208594 0.081250 0.039531 0.061875
18 0.260156 0.081250 0.039531 0.061875
24 0.311719 0.081250 0.039531 0.061875
15 0.363281 0.081250 0.039531 0.061875
7 0.414844 0.081250 0.039531 0.061875
0 0.466406 0.081250 0.039531 0.061875
7 0.517969 0.081250 0.039531 0.061875
14 0.569531 0.081250 0.039531 0.061875
2 0.621094 0.081250 0.039531 0.061875
7 0.672656 0.081250 0.039531 0.061875
10 0.724219 0.081250 0.039531 0.061875
18 0.775781 0.081250 0.039531 0.061875
12 0.827344 0.081250 0.039531 0.061875
17 0.878906 0.081250 0.039531 0.061875
9 0.930469 0.081250 0.039531 0.061875
19 0.053906 0.162500 0.039531 0.061875
25 0.105469 0.162500 0.039531 0.061875
16 0.157031 0.162500 0.039531 0.061875
21 0.208594 0.162500 0.039531 0.061875
15 0.260156 0.162500 0.039531 0.061875
5 0.311719 0.162500 0.039531 0.061875
15 0.363281 0.162500 0.039531 0.061875
18 0.414844 0.162500 0.039531 0.061875
3 0.466406 0.162500 0.039531 0.061875
16 0.517969 0.162500 0.039531 0.061875
16 0.569531 0.162500 0.039531 0.061875
5 0.621094 0.162500 0.039531 0.061875
16 0.672656 0.162500 0.039531 0.061875
9 0.724219 0.162500 0.039531 0.061875
17 0.775781 0.162500 0.039531 0.061875
22 0.827344 0.162500 0.039531 0.061875
14 0.878906 0.162500 0.039531 0.061875
8 0.930469 0.162500 0.039531 0.061875
7 0.053906 0.243750 0.039531 0.061875
21 0.105469 0.243750 0.039531 0.061875
9 0.157031 0.243750 0.039531 0.061875
17 0.208594 0.243750 0.039531 0.061875
20 0.260156 0.243750 0.039531 0.061875
15 0.311719 0.243750 0.039531 0.061875
3 0.363281 0.243750 0.039531 0.061875
24 0.414844 0.243750 0.039531 0.061875
24 0.466406 0.243750 0.039531 0.061875
18 0.517969 0.243750 0.039531 0.061875
23 0.569531 0.243750 0.039531 0.061875
12 0.621094 0.243750 0.039531 0.061875
5 0.672656 0.243750 0.039531 0.061875
15 0.724219 0.243750 0.039531 0.061875
9 0.775781 0.243750 0.039531 0.061875
7 0.827344 0.243750 0.039531 0.061875
6 0.878906 0.243750 0.039531 0.061875
10 0.930469 0.243750 0.039531 0.061875
7 0.053906 0.325000 0.039531 0.061875
22 0.105469 0.325000 0.039531 0.061875
11 0.157031 0.325000 0.039531 0.061875
23 0.208594 0.325000 0.039531 0.061875
4 0.260156 0.325000 0.039531 0.061875
13 0.311719 0.325000 0.039531 0.061875
9 0.363281 0.325000 0.039531 0.061875
22 0.414844 0.325000 0.039531 0.061875
0 0.466406 0.325000 0.039531 0.061875
17 0.517969 0.325000 0.039531 0.061875
10 0.569531 0.325000 0.039531 0.061875
6 0.621094 0.325000 0.039531 0.061875
18 0.672656 0.325000 0.039531 0.061875
25 0.724219 0.325000 0.039531 0.061875
21 0.775781 0.325000 0.039531 0.061875
7 0.827344 0.325000 0.039531 0.061875
6 0.878906 0.325000 0.039531 0.061875
7 0.930469 0.325000 0.039531 0.061875
24 0.053906 0.406250 0.039531 0.061875
3 0.105469 0.406250 0.039531 0.061875
12 0.157031 0.406250 0.039531 0.061875
17 0.208594 0.406250 0.039531 0.061875
16 0.260156 0.406250 0.039531 0.061875
11 0.311719 0.406250 0.039531 0.061875
0 0.363281 0.406250 0.039531 0.061875
17 0.414844 0.406250 0.039531 0.061875
19 0.466406 0.406250 0.039531 0.061875
0 0.517969 0.406250 0.039531 0.061875
2 0.569531 0.406250 0.039531 0.061875
5 0.621094 0.406250 0.039531 0.061875
1 0.672656 0.406250 0.039531 0.061875
8 0.724219 0.406250 0.039531 0.061875
15 0.775781 0.406250 0.039531 0.061875
24 0.827344 0.406250 0.039531 0.061875
7 0.878906 0.406250 0.039531 0.061875
22 0.930469 0.406250 0.039531 0.061875
15 0.053906 0.487500 0.039531 0.061875
22 0.105469 0.487500 0.039531 0.061875
20 0.157031 0.487500 0.039531 0.061875
9 0.208594 0.487500 0.039531 0.061875
1 0.260156 0.487500 0.039531 0.061875
13 0.311719 0.487500 0.039531 0.061875
1 0.363281 0.487500 0.039531 0.061875
13 0.414844 0.487500 0.039531 0.061875
23 0.466406 0.487500 0.039531 0.061875
7 0.517969 0.487500 0.039531 0.061875
7 0.569531 0.487500 0.039531 0.061875
8 0.621094 0.487500 0.039531 0.061875
17 0.672656 0.487500 0.039531 0.061875
5 0.724219 0.487500 0.039531 0.061875
5 0.775781 0.487500 0.039531 0.061875
24 0.827344 0.487500 0.039531 0.061875
11 0.878906 0.487500 0.039531 0.061875
13 0.930469 0.487500 0.039531 0.061875
6 0.053906 0.568750 0.039531 0.061875
23 0.105469 0.568750 0.039531 0.061875
2 0.157031 0.568750 0.039531 0.061875
4 0.208594 0.568750 0.039531 0.061875
4 0.260156 0.568750 0.039531 0.061875
9 0.311719 0.568750 0.039531 0.061875
23 0.363281 0.568750 0.039531 0.061875
12 0.414844 0.568750 0.039531 0.061875
7 0.466406 0.568750 0.039531 0.061875
25 0.517969 0.568750 0.039531 0.061875
5 0.569531 0.568750 0.039531 0.061875
8 0.621094 0.568750 0.039531 0.061875
10 0.672656 0.568750 0.039531 0.061875
15 0.724219 0.568750 0.039531 0.061875
0 0.775781 0.568750 0.039531 0.061875
6 0.827344 0.568750 0.039531 0.061875
4 0.878906 0.568750 0.039531 0.061875
13 0.930469 0.568750 0.039531 0.061875
10 0.053906 0.650000 0.039531 0.061875
9 0.105469 0.650000 0.039531 0.061875
13 0.157031 0.650000 0.039531 0.061875
5 0.208594 0.650000 0.039531 0.061875
16 0.260156 0.650000 0.039531 0.061875
24 0.311719 0.650000 0.039531 0.061875
13 0.363281 0.650000 0.039531 0.061875
5 0.414844 0.650000 0.039531 0.061875
25 0.466406 0.650000 0.039531 0.061875
10 0.517969 0.650000 0.039531 0.061875
2 0.569531 0.650000 0.039531 0.061875
10 0.621094 0.650000 0.039531 0.061875
14 0.672656 0.650000 0.039531 0.061875
13 0.724219 0.650000 0.039531 0.061875
11 0.775781 0.650000 0.039531 0.061875
13 0.827344 0.650000 0.039531 0.061875
0 0.878906 0.650000 0.039531 0.061875
10 0.930469 0.650000 0.039531 0.061875
18 0.053906 0.731250 0.039531 0.061875
11 0.105469 0.731250 0.039531 0.061875
5 0.157031 0.731250 0.039531 0.061875
14 0.208594 0.731250 0.039531 0.061875
12 0.260156 0.731250 0.039531 0.061875
6 0.311719 0.731250 0.039531 0.061875
17 0.363281 0.731250 0.039531 0.061875
4 0.414844 0.731250 0.039531 0.061875
13 0.466406 0.731250 0.039531 0.061875
25 0.517969 0.731250 0.039531 0.061875
5 0.569531 0.731250 0.039531 0.061875
18 0.621094 0.731250 0.039531 0.061875
22 0.672656 0.731250 0.039531 0.061875
2 0.724219 0.731250 0.039531 0.061875
11 0.775781 0.731250 0.039531 0.061875
22 0.827344 0.731250 0.039531 0.061875
9 0.878906 0.731250 0.039531 0.061875
15 0.930469 0.731250 0.039531 0.061875
5 0.053906 0.812500 0.039531 0.061875
23 0.105469 0.812500 0.039531 0.061875
21 0.157031 0.812500 0.039531 0.061875
3 0.208594 0.812500 0.039531 0.061875
5 0.260156 0.812500 0.039531 0.061875
11 0.311719 0.812500 0.039531 0.061875
9 0.363281 0.812500 0.039531 0.061875
21 0.414844 0.812500 0.039531 0.061875
3 0.466406 0.812500 0.039531 0.061875
5 0.517969 0.812500 0.039531 0.061875
5 0.569531 0.812500 0.039531 0.061875
2 0.621094 0.812500 0.039531 0.061875
20 0.672656 0.812500 0.039531 0.061875
5 0.724219 0.812500 0.039531 0.061875
24 0.775781 0.812500 0.039531 0.061875
7 0.827344 0.812500 0.039531 0.061875
18 0.878906 0.812500 0.039531 0.061875
2 0.930469 0.812500 0.039531 0.061875
21 0.053906 0.893750 0.039531 0.061875
14 0.105469 0.893750 0.039531 0.061875
6 0.157031 0.893750 0.039531 0.061875
16 0.208594 0.893750 0.039531 0.061875
14 0.260156 0.893750 0.039531 0.061875
11 0.311719 0.893750 0.039531 0.061875
2 0.363281 0.893750 0.039531 0.061875
7 0.414844 0.893750 0.039531 0.061875
18 0.466406 0.893750 0.039531 0.061875
12 0.517969 0.893750 0.039531 0.061875
19 0.569531 0.893750 0.039531 0.061875
4 0.621094 0.893750 0.039531 0.061875
1 0.672656 0.893750 0.039531 0.061875
8 0.724219 0.893750 0.039531 0.061875
5 0.775781 0.893750 0.039531 0.061875
0 0.827344 0.893750 0.039531 0.061875
13 0.878906 0.893750 0.039531 0.061875
11 0.930469 0.893750 0.039531 0.061875