25 0.151562 0.223438 0.110000 0.175313
1 0.310937 0.223438 0.110000 0.175313
7 0.470313 0.223438 0.110000 0.175313
10 0.629687 0.223438 0.110000 0.175313
1 0.789062 0.223438 0.110000 0.175313
10 0.151562 0.460938 0.110000 0.175313
19 0.310937 0.460938 0.110000 0.175313
19 0.470313 0.460938 0.110000 0.175313
5 0.629687 0.460938 0.110000 0.175313
12 0.789062 0.460938 0.110000 0.175313
12 0.151562 0.698438 0.110000 0.175313
20 0.310937 0.698438 0.110000 0.175313
2 0.470313 0.698438 0.110000 0.175313
4 0.629687 0.698438 0.110000 0.175313
18 0.789062 0.698438 0.110000 0.175313