0 0.161719 0.260937 0.097969 0.154688
25 0.314844 0.260937 0.097969 0.154688
9 0.467969 0.260937 0.097969 0.154688
7 0.621094 0.260937 0.097969 0.154688
6 0.774219 0.260937 0.097969 0.154688
18 0.161719 0.467187 0.097969 0.154688
10 0.314844 0.467187 0.097969 0.154688
23 0.467969 0.467187 0.097969 0.154688
21 0.621094 0.467187 0.097969 0.154688
21 0.774219 0.467187 0.097969 0.154688
25 0.161719 0.673438 0.097969 0.154688
12 0.314844 0.673438 0.097969 0.154688
11 0.467969 0.673438 0.097969 0.154688
9 0.621094 0.673438 0.097969 0.154688
2 0.774219 0.673438 0.097969 0.154688