21 0.141406 0.170313 0.087656 0.140937
18 0.274219 0.170313 0.087656 0.140937
12 0.407031 0.170313 0.087656 0.140937
3 0.539844 0.170313 0.087656 0.140937
22 0.672656 0.170313 0.087656 0.140937
15 0.805469 0.170313 0.087656 0.140937
25 0.141406 0.367188 0.087656 0.140937
1 0.274219 0.367188 0.087656 0.140937
15 0.407031 0.367188 0.087656 0.140937
19 0.539844 0.367188 0.087656 0.140937
24 0.672656 0.367188 0.087656 0.140937
7 0.805469 0.367188 0.087656 0.140937
20 0.141406 0.564063 0.087656 0.140937
22 0.274219 0.564063 0.087656 0.140937
7 0.407031 0.564063 0.087656 0.140937
21 0.539844 0.564063 0.087656 0.140937
7 0.672656 0.564063 0.087656 0.140937
1 0.805469 0.564063 0.087656 0.140937
5 0.141406 0.760938 0.087656 0.140937
0 0.274219 0.760938 0.087656 0.140937
9 0.407031 0.760938 0.087656 0.140937
13 0.539844 0.760938 0.087656 0.140937
19 0.672656 0.760938 0.087656 0.140937
24 0.805469 0.760938 0.087656 0.140937