9 0.146094 0.228125 0.108281 0.171875
9 0.307031 0.228125 0.108281 0.171875
0 0.467969 0.228125 0.108281 0.171875
19 0.628906 0.228125 0.108281 0.171875
7 0.789844 0.228125 0.108281 0.171875
21 0.146094 0.460938 0.108281 0.171875
3 0.307031 0.460938 0.108281 0.171875
19 0.467969 0.460938 0.108281 0.171875
20 0.628906 0.460938 0.108281 0.171875
0 0.789844 0.460938 0.108281 0.171875
15 0.146094 0.693750 0.108281 0.171875
25 0.307031 0.693750 0.108281 0.171875
3 0.467969 0.693750 0.108281 0.171875
12 0.628906 0.693750 0.108281 0.171875
23 0.789844 0.693750 0.108281 0.171875