12 0.131250 0.178125 0.085938 0.137500
2 0.267188 0.178125 0.085938 0.137500
9 0.403125 0.178125 0.085938 0.137500
0 0.539062 0.178125 0.085938 0.137500
19 0.675000 0.178125 0.085938 0.137500
15 0.810937 0.178125 0.085938 0.137500
2 0.131250 0.370312 0.085938 0.137500
3 0.267188 0.370312 0.085938 0.137500
20 0.403125 0.370312 0.085938 0.137500
8 0.539062 0.370312 0.085938 0.137500
13 0.675000 0.370312 0.085938 0.137500
13 0.810937 0.370312 0.085938 0.137500
5 0.131250 0.562500 0.085938 0.137500
5 0.267188 0.562500 0.085938 0.137500
7 0.403125 0.562500 0.085938 0.137500
0 0.539062 0.562500 0.085938 0.137500
7 0.675000 0.562500 0.085938 0.137500
19 0.810937 0.562500 0.085938 0.137500
23 0.131250 0.754687 0.085938 0.137500
13 0.267188 0.754687 0.085938 0.137500
22 0.403125 0.754687 0.085938 0.137500
17 0.539062 0.754687 0.085938 0.137500
22 0.675000 0.754687 0.085938 0.137500
8 0.810937 0.754687 0.085938 0.137500