16 0.122656 0.176563 0.087656 0.140937
8 0.261719 0.176563 0.087656 0.140937
5 0.400781 0.176563 0.087656 0.140937
24 0.539844 0.176563 0.087656 0.140937
20 0.678906 0.176563 0.087656 0.140937
25 0.817969 0.176563 0.087656 0.140937
6 0.122656 0.370312 0.087656 0.140937
16 0.261719 0.370312 0.087656 0.140937
15 0.400781 0.370312 0.087656 0.140937
21 0.539844 0.370312 0.087656 0.140937
12 0.678906 0.370312 0.087656 0.140937
3 0.817969 0.370312 0.087656 0.140937
23 0.122656 0.564063 0.087656 0.140937
24 0.261719 0.564063 0.087656 0.140937
10 0.400781 0.564063 0.087656 0.140937
4 0.539844 0.564063 0.087656 0.140937
23 0.678906 0.564063 0.087656 0.140937
12 0.817969 0.564063 0.087656 0.140937
12 0.122656 0.757812 0.087656 0.140937
23 0.261719 0.757812 0.087656 0.140937
2 0.400781 0.757812 0.087656 0.140937
17 0.539844 0.757812 0.087656 0.140937
24 0.678906 0.757812 0.087656 0.140937
12 0.817969 0.757812 0.087656 0.140937