18 0.146094 0.196875 0.087656 0.137500
17 0.277344 0.196875 0.087656 0.137500
22 0.408594 0.196875 0.087656 0.137500
7 0.539844 0.196875 0.087656 0.137500
14 0.671094 0.196875 0.087656 0.137500
2 0.802344 0.196875 0.087656 0.137500
14 0.146094 0.379688 0.087656 0.137500
3 0.277344 0.379688 0.087656 0.137500
16 0.408594 0.379688 0.087656 0.137500
8 0.539844 0.379688 0.087656 0.137500
14 0.671094 0.379688 0.087656 0.137500
12 0.802344 0.379688 0.087656 0.137500
1 0.146094 0.562500 0.087656 0.137500
6 0.277344 0.562500 0.087656 0.137500
16 0.408594 0.562500 0.087656 0.137500
10 0.539844 0.562500 0.087656 0.137500
9 0.671094 0.562500 0.087656 0.137500
2 0.802344 0.562500 0.087656 0.137500
23 0.146094 0.745313 0.087656 0.137500
18 0.277344 0.745313 0.087656 0.137500
8 0.408594 0.745313 0.087656 0.137500
11 0.539844 0.745313 0.087656 0.137500
11 0.671094 0.745313 0.087656 0.137500
8 0.802344 0.745313 0.087656 0.137500