17 0.175000 0.235937 0.110000 0.171875
3 0.325000 0.235937 0.110000 0.171875
4 0.475000 0.235937 0.110000 0.171875
1 0.625000 0.235937 0.110000 0.171875
10 0.775000 0.235937 0.110000 0.171875
2 0.175000 0.464062 0.110000 0.171875
2 0.325000 0.464062 0.110000 0.171875
8 0.475000 0.464062 0.110000 0.171875
3 0.625000 0.464062 0.110000 0.171875
8 0.775000 0.464062 0.110000 0.171875
14 0.175000 0.692187 0.110000 0.171875
23 0.325000 0.692187 0.110000 0.171875
5 0.475000 0.692187 0.110000 0.171875
14 0.625000 0.692187 0.110000 0.171875
19 0.775000 0.692187 0.110000 0.171875