20 0.139844 0.179688 0.094531 0.147812
9 0.274219 0.179688 0.094531 0.147812
9 0.408594 0.179688 0.094531 0.147812
13 0.542969 0.179688 0.094531 0.147812
8 0.677344 0.179688 0.094531 0.147812
6 0.811719 0.179688 0.094531 0.147812
24 0.139844 0.373437 0.094531 0.147812
21 0.274219 0.373437 0.094531 0.147812
15 0.408594 0.373437 0.094531 0.147812
0 0.542969 0.373437 0.094531 0.147812
12 0.677344 0.373437 0.094531 0.147812
10 0.811719 0.373437 0.094531 0.147812
24 0.139844 0.567187 0.094531 0.147812
23 0.274219 0.567187 0.094531 0.147812
17 0.408594 0.567187 0.094531 0.147812
3 0.542969 0.567187 0.094531 0.147812
24 0.677344 0.567187 0.094531 0.147812
11 0.811719 0.567187 0.094531 0.147812
16 0.139844 0.760938 0.094531 0.147812
16 0.274219 0.760938 0.094531 0.147812
17 0.408594 0.760938 0.094531 0.147812
13 0.542969 0.760938 0.094531 0.147812
2 0.677344 0.760938 0.094531 0.147812
6 0.811719 0.760938 0.094531 0.147812