6 0.151562 0.262500 0.089375 0.144375
14 0.281250 0.262500 0.089375 0.144375
18 0.410938 0.262500 0.089375 0.144375
11 0.540625 0.262500 0.089375 0.144375
20 0.670312 0.262500 0.089375 0.144375
3 0.800000 0.262500 0.089375 0.144375
20 0.151562 0.464062 0.089375 0.144375
6 0.281250 0.464062 0.089375 0.144375
9 0.410938 0.464062 0.089375 0.144375
12 0.540625 0.464062 0.089375 0.144375
7 0.670312 0.464062 0.089375 0.144375
19 0.800000 0.464062 0.089375 0.144375
10 0.151562 0.665625 0.089375 0.144375
9 0.281250 0.665625 0.089375 0.144375
1 0.410938 0.665625 0.089375 0.144375
23 0.540625 0.665625 0.089375 0.144375
21 0.670312 0.665625 0.089375 0.144375
6 0.800000 0.665625 0.089375 0.144375