10 0.140625 0.170313 0.075625 0.116875
7 0.253125 0.170313 0.075625 0.116875
12 0.365625 0.170313 0.075625 0.116875
20 0.478125 0.170313 0.075625 0.116875
20 0.590625 0.170313 0.075625 0.116875
25 0.703125 0.170313 0.075625 0.116875
9 0.815625 0.170313 0.075625 0.116875
16 0.140625 0.323437 0.075625 0.116875
20 0.253125 0.323437 0.075625 0.116875
9 0.365625 0.323437 0.075625 0.116875
19 0.478125 0.323437 0.075625 0.116875
15 0.590625 0.323437 0.075625 0.116875
15 0.703125 0.323437 0.075625 0.116875
5 0.815625 0.323437 0.075625 0.116875
16 0.140625 0.476562 0.075625 0.116875
17 0.253125 0.476562 0.075625 0.116875
0 0.365625 0.476562 0.075625 0.116875
13 0.478125 0.476562 0.075625 0.116875
12 0.590625 0.476562 0.075625 0.116875
12 0.703125 0.476562 0.075625 0.116875
8 0.815625 0.476562 0.075625 0.116875
11 0.140625 0.629687 0.075625 0.116875
19 0.253125 0.629687 0.075625 0.116875
22 0.365625 0.629687 0.075625 0.116875
23 0.478125 0.629687 0.075625 0.116875
22 0.590625 0.629687 0.075625 0.116875
0 0.703125 0.629687 0.075625 0.116875
22 0.815625 0.629687 0.075625 0.116875
25 0.140625 0.782813 0.075625 0.116875
13 0.253125 0.782813 0.075625 0.116875
18 0.365625 0.782813 0.075625 0.116875
3 0.478125 0.782813 0.075625 0.116875
3 0.590625 0.782813 0.075625 0.116875
13 0.703125 0.782813 0.075625 0.116875
17 0.815625 0.782813 0.075625 0.116875