6 0.167187 0.259375 0.092812 0.147812
7 0.317188 0.259375 0.092812 0.147812
2 0.467187 0.259375 0.092812 0.147812
14 0.617188 0.259375 0.092812 0.147812
11 0.767188 0.259375 0.092812 0.147812
7 0.167187 0.464062 0.092812 0.147812
18 0.317188 0.464062 0.092812 0.147812
16 0.467187 0.464062 0.092812 0.147812
21 0.617188 0.464062 0.092812 0.147812
20 0.767188 0.464062 0.092812 0.147812
15 0.167187 0.668750 0.092812 0.147812
0 0.317188 0.668750 0.092812 0.147812
6 0.467187 0.668750 0.092812 0.147812
1 0.617188 0.668750 0.092812 0.147812
23 0.767188 0.668750 0.092812 0.147812