15 0.150000 0.231250 0.106563 0.168437
12 0.309375 0.231250 0.106563 0.168437
19 0.468750 0.231250 0.106563 0.168437
16 0.628125 0.231250 0.106563 0.168437
9 0.787500 0.231250 0.106563 0.168437
9 0.150000 0.460938 0.106563 0.168437
22 0.309375 0.460938 0.106563 0.168437
14 0.468750 0.460938 0.106563 0.168437
11 0.628125 0.460938 0.106563 0.168437
7 0.787500 0.460938 0.106563 0.168437
18 0.150000 0.690625 0.106563 0.168437
18 0.309375 0.690625 0.106563 0.168437
20 0.468750 0.690625 0.106563 0.168437
4 0.628125 0.690625 0.106563 0.168437
13 0.787500 0.690625 0.106563 0.168437