9 0.130469 0.260937 0.104844 0.161562
5 0.269531 0.260937 0.104844 0.161562
1 0.408594 0.260937 0.104844 0.161562
17 0.547656 0.260937 0.104844 0.161562
0 0.686719 0.260937 0.104844 0.161562
1 0.825781 0.260937 0.104844 0.161562
18 0.130469 0.468750 0.104844 0.161562
16 0.269531 0.468750 0.104844 0.161562
15 0.408594 0.468750 0.104844 0.161562
15 0.547656 0.468750 0.104844 0.161562
7 0.686719 0.468750 0.104844 0.161562
25 0.825781 0.468750 0.104844 0.161562
11 0.130469 0.676562 0.104844 0.161562
2 0.269531 0.676562 0.104844 0.161562
16 0.408594 0.676562 0.104844 0.161562
3 0.547656 0.676562 0.104844 0.161562
21 0.686719 0.676562 0.104844 0.161562
10 0.825781 0.676562 0.104844 0.161562