11 0.175781 0.259375 0.094531 0.151250
6 0.322656 0.259375 0.094531 0.151250
13 0.469531 0.259375 0.094531 0.151250
15 0.616406 0.259375 0.094531 0.151250
0 0.763281 0.259375 0.094531 0.151250
14 0.175781 0.465625 0.094531 0.151250
14 0.322656 0.465625 0.094531 0.151250
18 0.469531 0.465625 0.094531 0.151250
0 0.616406 0.465625 0.094531 0.151250
11 0.763281 0.465625 0.094531 0.151250
11 0.175781 0.671875 0.094531 0.151250
3 0.322656 0.671875 0.094531 0.151250
15 0.469531 0.671875 0.094531 0.151250
10 0.616406 0.671875 0.094531 0.151250
18 0.763281 0.671875 0.094531 0.151250