8 0.151562 0.250000 0.103125 0.161562
11 0.309375 0.250000 0.103125 0.161562
11 0.467187 0.250000 0.103125 0.161562
10 0.625000 0.250000 0.103125 0.161562
15 0.782813 0.250000 0.103125 0.161562
8 0.151562 0.465625 0.103125 0.161562
5 0.309375 0.465625 0.103125 0.161562
8 0.467187 0.465625 0.103125 0.161562
16 0.625000 0.465625 0.103125 0.161562
22 0.782813 0.465625 0.103125 0.161562
8 0.151562 0.681250 0.103125 0.161562
22 0.309375 0.681250 0.103125 0.161562
18 0.467187 0.681250 0.103125 0.161562
25 0.625000 0.681250 0.103125 0.161562
0 0.782813 0.681250 0.103125 0.161562