1 0.133594 0.175000 0.091094 0.144375
21 0.269531 0.175000 0.091094 0.144375
22 0.405469 0.175000 0.091094 0.144375
3 0.541406 0.175000 0.091094 0.144375
17 0.677344 0.175000 0.091094 0.144375
6 0.813281 0.175000 0.091094 0.144375
2 0.133594 0.370312 0.091094 0.144375
1 0.269531 0.370312 0.091094 0.144375
1 0.405469 0.370312 0.091094 0.144375
14 0.541406 0.370312 0.091094 0.144375
21 0.677344 0.370312 0.091094 0.144375
15 0.813281 0.370312 0.091094 0.144375
2 0.133594 0.565625 0.091094 0.144375
6 0.269531 0.565625 0.091094 0.144375
11 0.405469 0.565625 0.091094 0.144375
6 0.541406 0.565625 0.091094 0.144375
21 0.677344 0.565625 0.091094 0.144375
22 0.813281 0.565625 0.091094 0.144375
23 0.133594 0.760938 0.091094 0.144375
25 0.269531 0.760938 0.091094 0.144375
6 0.405469 0.760938 0.091094 0.144375
10 0.541406 0.760938 0.091094 0.144375
8 0.677344 0.760938 0.091094 0.144375
21 0.813281 0.760938 0.091094 0.144375