14 0.142187 0.265625 0.099687 0.154688
3 0.276562 0.265625 0.099687 0.154688
3 0.410938 0.265625 0.099687 0.154688
20 0.545312 0.265625 0.099687 0.154688
9 0.679688 0.265625 0.099687 0.154688
23 0.814063 0.265625 0.099687 0.154688
24 0.142187 0.468750 0.099687 0.154688
14 0.276562 0.468750 0.099687 0.154688
12 0.410938 0.468750 0.099687 0.154688
12 0.545312 0.468750 0.099687 0.154688
23 0.679688 0.468750 0.099687 0.154688
6 0.814063 0.468750 0.099687 0.154688
2 0.142187 0.671875 0.099687 0.154688
15 0.276562 0.671875 0.099687 0.154688
23 0.410938 0.671875 0.099687 0.154688
25 0.545312 0.671875 0.099687 0.154688
23 0.679688 0.671875 0.099687 0.154688
20 0.814063 0.671875 0.099687 0.154688