24 0.119531 0.156250 0.070469 0.113437
17 0.222656 0.156250 0.070469 0.113437
7 0.325781 0.156250 0.070469 0.113437
19 0.428906 0.156250 0.070469 0.113437
12 0.532031 0.156250 0.070469 0.113437
8 0.635156 0.156250 0.070469 0.113437
17 0.738281 0.156250 0.070469 0.113437
1 0.841406 0.156250 0.070469 0.113437
16 0.119531 0.314063 0.070469 0.113437
13 0.222656 0.314063 0.070469 0.113437
15 0.325781 0.314063 0.070469 0.113437
23 0.428906 0.314063 0.070469 0.113437
10 0.532031 0.314063 0.070469 0.113437
2 0.635156 0.314063 0.070469 0.113437
12 0.738281 0.314063 0.070469 0.113437
21 0.841406 0.314063 0.070469 0.113437
6 0.119531 0.471875 0.070469 0.113437
0 0.222656 0.471875 0.070469 0.113437
25 0.325781 0.471875 0.070469 0.113437
2 0.428906 0.471875 0.070469 0.113437
16 0.532031 0.471875 0.070469 0.113437
19 0.635156 0.471875 0.070469 0.113437
13 0.738281 0.471875 0.070469 0.113437
9 0.841406 0.471875 0.070469 0.113437
14 0.119531 0.629687 0.070469 0.113437
8 0.222656 0.629687 0.070469 0.113437
22 0.325781 0.629687 0.070469 0.113437
20 0.428906 0.629687 0.070469 0.113437
5 0.532031 0.629687 0.070469 0.113437
23 0.635156 0.629687 0.070469 0.113437
11 0.738281 0.629687 0.070469 0.113437
20 0.841406 0.629687 0.070469 0.113437
9 0.119531 0.787500 0.070469 0.113437
19 0.222656 0.787500 0.070469 0.113437
11 0.325781 0.787500 0.070469 0.113437
14 0.428906 0.787500 0.070469 0.113437
2 0.532031 0.787500 0.070469 0.113437
14 0.635156 0.787500 0.070469 0.113437
6 0.738281 0.787500 0.070469 0.113437
8 0.841406 0.787500 0.070469 0.113437