10 0.137500 0.217188 0.113437 0.178750
23 0.303125 0.217188 0.113437 0.178750
6 0.468750 0.217188 0.113437 0.178750
20 0.634375 0.217188 0.113437 0.178750
6 0.800000 0.217188 0.113437 0.178750
22 0.137500 0.459375 0.113437 0.178750
10 0.303125 0.459375 0.113437 0.178750
11 0.468750 0.459375 0.113437 0.178750
7 0.634375 0.459375 0.113437 0.178750
17 0.800000 0.459375 0.113437 0.178750
13 0.137500 0.701562 0.113437 0.178750
17 0.303125 0.701562 0.113437 0.178750
2 0.468750 0.701562 0.113437 0.178750
9 0.634375 0.701562 0.113437 0.178750
24 0.800000 0.701562 0.113437 0.178750