10 0.091406 0.179688 0.063594 0.103125
3 0.200781 0.179688 0.063594 0.103125
13 0.310156 0.179688 0.063594 0.103125
19 0.419531 0.179688 0.063594 0.103125
25 0.528906 0.179688 0.063594 0.103125
15 0.638281 0.179688 0.063594 0.103125
8 0.747656 0.179688 0.063594 0.103125
12 0.857031 0.179688 0.063594 0.103125
9 0.091406 0.326562 0.063594 0.103125
13 0.200781 0.326562 0.063594 0.103125
1 0.310156 0.326562 0.063594 0.103125
15 0.419531 0.326562 0.063594 0.103125
6 0.528906 0.326562 0.063594 0.103125
20 0.638281 0.326562 0.063594 0.103125
6 0.747656 0.326562 0.063594 0.103125
13 0.857031 0.326562 0.063594 0.103125
20 0.091406 0.473438 0.063594 0.103125
8 0.200781 0.473438 0.063594 0.103125
16 0.310156 0.473438 0.063594 0.103125
14 0.419531 0.473438 0.063594 0.103125
25 0.528906 0.473438 0.063594 0.103125
0 0.638281 0.473438 0.063594 0.103125
12 0.747656 0.473438 0.063594 0.103125
1 0.857031 0.473438 0.063594 0.103125
10 0.091406 0.620313 0.063594 0.103125
14 0.200781 0.620313 0.063594 0.103125
24 0.310156 0.620313 0.063594 0.103125
16 0.419531 0.620313 0.063594 0.103125
13 0.528906 0.620313 0.063594 0.103125
6 0.638281 0.620313 0.063594 0.103125
10 0.747656 0.620313 0.063594 0.103125
10 0.857031 0.620313 0.063594 0.103125
3 0.091406 0.767188 0.063594 0.103125
2 0.200781 0.767188 0.063594 0.103125
18 0.310156 0.767188 0.063594 0.103125
15 0.419531 0.767188 0.063594 0.103125
22 0.528906 0.767188 0.063594 0.103125
19 0.638281 0.767188 0.063594 0.103125
1 0.747656 0.767188 0.063594 0.103125
7 0.857031 0.767188 0.063594 0.103125