10 0.174219 0.248438 0.108281 0.168437
17 0.324219 0.248438 0.108281 0.168437
1 0.474219 0.248438 0.108281 0.168437
1 0.624219 0.248438 0.108281 0.168437
6 0.774219 0.248438 0.108281 0.168437
3 0.174219 0.467187 0.108281 0.168437
0 0.324219 0.467187 0.108281 0.168437
19 0.474219 0.467187 0.108281 0.168437
20 0.624219 0.467187 0.108281 0.168437
5 0.774219 0.467187 0.108281 0.168437
9 0.174219 0.685937 0.108281 0.168437
7 0.324219 0.685937 0.108281 0.168437
6 0.474219 0.685937 0.108281 0.168437
13 0.624219 0.685937 0.108281 0.168437
17 0.774219 0.685937 0.108281 0.168437