10 0.159375 0.254688 0.103125 0.161562
18 0.314063 0.254688 0.103125 0.161562
11 0.468750 0.254688 0.103125 0.161562
24 0.623437 0.254688 0.103125 0.161562
6 0.778125 0.254688 0.103125 0.161562
0 0.159375 0.467187 0.103125 0.161562
5 0.314063 0.467187 0.103125 0.161562
16 0.468750 0.467187 0.103125 0.161562
14 0.623437 0.467187 0.103125 0.161562
22 0.778125 0.467187 0.103125 0.161562
22 0.159375 0.679688 0.103125 0.161562
15 0.314063 0.679688 0.103125 0.161562
14 0.468750 0.679688 0.103125 0.161562
4 0.623437 0.679688 0.103125 0.161562
16 0.778125 0.679688 0.103125 0.161562