17 0.116406 0.159375 0.077344 0.120313
21 0.221094 0.159375 0.077344 0.120313
21 0.325781 0.159375 0.077344 0.120313
0 0.430469 0.159375 0.077344 0.120313
5 0.535156 0.159375 0.077344 0.120313
18 0.639844 0.159375 0.077344 0.120313
23 0.744531 0.159375 0.077344 0.120313
8 0.849219 0.159375 0.077344 0.120313
1 0.116406 0.317188 0.077344 0.120313
12 0.221094 0.317188 0.077344 0.120313
21 0.325781 0.317188 0.077344 0.120313
24 0.430469 0.317188 0.077344 0.120313
24 0.535156 0.317188 0.077344 0.120313
15 0.639844 0.317188 0.077344 0.120313
24 0.744531 0.317188 0.077344 0.120313
2 0.849219 0.317188 0.077344 0.120313
12 0.116406 0.475000 0.077344 0.120313
8 0.221094 0.475000 0.077344 0.120313
4 0.325781 0.475000 0.077344 0.120313
0 0.430469 0.475000 0.077344 0.120313
9 0.535156 0.475000 0.077344 0.120313
9 0.639844 0.475000 0.077344 0.120313
0 0.744531 0.475000 0.077344 0.120313
2 0.849219 0.475000 0.077344 0.120313
6 0.116406 0.632812 0.077344 0.120313
8 0.221094 0.632812 0.077344 0.120313
6 0.325781 0.632812 0.077344 0.120313
0 0.430469 0.632812 0.077344 0.120313
15 0.535156 0.632812 0.077344 0.120313
17 0.639844 0.632812 0.077344 0.120313
12 0.744531 0.632812 0.077344 0.120313
18 0.849219 0.632812 0.077344 0.120313
24 0.116406 0.790625 0.077344 0.120313
6 0.221094 0.790625 0.077344 0.120313
24 0.325781 0.790625 0.077344 0.120313
18 0.430469 0.790625 0.077344 0.120313
23 0.535156 0.790625 0.077344 0.120313
14 0.639844 0.790625 0.077344 0.120313
13 0.744531 0.790625 0.077344 0.120313
0 0.849219 0.790625 0.077344 0.120313