14 0.135156 0.209375 0.077344 0.123750
13 0.249219 0.209375 0.077344 0.123750
19 0.363281 0.209375 0.077344 0.123750
22 0.477344 0.209375 0.077344 0.123750
19 0.591406 0.209375 0.077344 0.123750
9 0.705469 0.209375 0.077344 0.123750
9 0.819531 0.209375 0.077344 0.123750
6 0.135156 0.382812 0.077344 0.123750
10 0.249219 0.382812 0.077344 0.123750
22 0.363281 0.382812 0.077344 0.123750
21 0.477344 0.382812 0.077344 0.123750
22 0.591406 0.382812 0.077344 0.123750
2 0.705469 0.382812 0.077344 0.123750
0 0.819531 0.382812 0.077344 0.123750
9 0.135156 0.556250 0.077344 0.123750
17 0.249219 0.556250 0.077344 0.123750
20 0.363281 0.556250 0.077344 0.123750
10 0.477344 0.556250 0.077344 0.123750
9 0.591406 0.556250 0.077344 0.123750
20 0.705469 0.556250 0.077344 0.123750
11 0.819531 0.556250 0.077344 0.123750
25 0.135156 0.729688 0.077344 0.123750
4 0.249219 0.729688 0.077344 0.123750
24 0.363281 0.729688 0.077344 0.123750
15 0.477344 0.729688 0.077344 0.123750
3 0.591406 0.729688 0.077344 0.123750
15 0.705469 0.729688 0.077344 0.123750
10 0.819531 0.729688 0.077344 0.123750