9 0.172656 0.170313 0.087656 0.140937
9 0.319531 0.170313 0.087656 0.140937
24 0.466406 0.170313 0.087656 0.140937
25 0.613281 0.170313 0.087656 0.140937
10 0.760156 0.170313 0.087656 0.140937
11 0.172656 0.367188 0.087656 0.140937
19 0.319531 0.367188 0.087656 0.140937
2 0.466406 0.367188 0.087656 0.140937
1 0.613281 0.367188 0.087656 0.140937
5 0.760156 0.367188 0.087656 0.140937
2 0.172656 0.564063 0.087656 0.140937
23 0.319531 0.564063 0.087656 0.140937
11 0.466406 0.564063 0.087656 0.140937
8 0.613281 0.564063 0.087656 0.140937
3 0.760156 0.564063 0.087656 0.140937
24 0.172656 0.760938 0.087656 0.140937
5 0.319531 0.760938 0.087656 0.140937
17 0.466406 0.760938 0.087656 0.140937
7 0.613281 0.760938 0.087656 0.140937
13 0.760156 0.760938 0.087656 0.140937