15 0.175781 0.242188 0.104844 0.165000
12 0.324219 0.242188 0.104844 0.165000
19 0.472656 0.242188 0.104844 0.165000
19 0.621094 0.242188 0.104844 0.165000
15 0.769531 0.242188 0.104844 0.165000
13 0.175781 0.464062 0.104844 0.165000
16 0.324219 0.464062 0.104844 0.165000
0 0.472656 0.464062 0.104844 0.165000
18 0.621094 0.464062 0.104844 0.165000
10 0.769531 0.464062 0.104844 0.165000
8 0.175781 0.685937 0.104844 0.165000
9 0.324219 0.685937 0.104844 0.165000
13 0.472656 0.685937 0.104844 0.165000
11 0.621094 0.685937 0.104844 0.165000
21 0.769531 0.685937 0.104844 0.165000