15 0.140625 0.229687 0.103125 0.165000
23 0.303125 0.229687 0.103125 0.165000
21 0.465625 0.229687 0.103125 0.165000
6 0.628125 0.229687 0.103125 0.165000
2 0.790625 0.229687 0.103125 0.165000
4 0.140625 0.459375 0.103125 0.165000
18 0.303125 0.459375 0.103125 0.165000
25 0.465625 0.459375 0.103125 0.165000
6 0.628125 0.459375 0.103125 0.165000
10 0.790625 0.459375 0.103125 0.165000
1 0.140625 0.689063 0.103125 0.165000
24 0.303125 0.689063 0.103125 0.165000
2 0.465625 0.689063 0.103125 0.165000
15 0.628125 0.689063 0.103125 0.165000
7 0.790625 0.689063 0.103125 0.165000