0 0.093750 0.134375 0.065312 0.103125
21 0.190625 0.134375 0.065312 0.103125
20 0.287500 0.134375 0.065312 0.103125
10 0.384375 0.134375 0.065312 0.103125
24 0.481250 0.134375 0.065312 0.103125
19 0.578125 0.134375 0.065312 0.103125
2 0.675000 0.134375 0.065312 0.103125
4 0.771875 0.134375 0.065312 0.103125
8 0.868750 0.134375 0.065312 0.103125
12 0.093750 0.271875 0.065312 0.103125
15 0.190625 0.271875 0.065312 0.103125
19 0.287500 0.271875 0.065312 0.103125
7 0.384375 0.271875 0.065312 0.103125
16 0.481250 0.271875 0.065312 0.103125
7 0.578125 0.271875 0.065312 0.103125
15 0.675000 0.271875 0.065312 0.103125
2 0.771875 0.271875 0.065312 0.103125
22 0.868750 0.271875 0.065312 0.103125
16 0.093750 0.409375 0.065312 0.103125
24 0.190625 0.409375 0.065312 0.103125
3 0.287500 0.409375 0.065312 0.103125
13 0.384375 0.409375 0.065312 0.103125
0 0.481250 0.409375 0.065312 0.103125
4 0.578125 0.409375 0.065312 0.103125
3 0.675000 0.409375 0.065312 0.103125
7 0.771875 0.409375 0.065312 0.103125
15 0.868750 0.409375 0.065312 0.103125
0 0.093750 0.546875 0.065312 0.103125
6 0.190625 0.546875 0.065312 0.103125
12 0.287500 0.546875 0.065312 0.103125
14 0.384375 0.546875 0.065312 0.103125
22 0.481250 0.546875 0.065312 0.103125
0 0.578125 0.546875 0.065312 0.103125
4 0.675000 0.546875 0.065312 0.103125
21 0.771875 0.546875 0.065312 0.103125
4 0.868750 0.546875 0.065312 0.103125
3 0.093750 0.684375 0.065312 0.103125
9 0.190625 0.684375 0.065312 0.103125
7 0.287500 0.684375 0.065312 0.103125
24 0.384375 0.684375 0.065312 0.103125
15 0.481250 0.684375 0.065312 0.103125
7 0.578125 0.684375 0.065312 0.103125
25 0.675000 0.684375 0.065312 0.103125
21 0.771875 0.684375 0.065312 0.103125
25 0.868750 0.684375 0.065312 0.103125
0 0.093750 0.821875 0.065312 0.103125
10 0.190625 0.821875 0.065312 0.103125
21 0.287500 0.821875 0.065312 0.103125
8 0.384375 0.821875 0.065312 0.103125
12 0.481250 0.821875 0.065312 0.103125
2 0.578125 0.821875 0.065312 0.103125
11 0.675000 0.821875 0.065312 0.103125
17 0.771875 0.821875 0.065312 0.103125
20 0.868750 0.821875 0.065312 0.103125