23 0.185938 0.262500 0.099687 0.154688
21 0.329688 0.262500 0.099687 0.154688
1 0.473438 0.262500 0.099687 0.154688
8 0.617188 0.262500 0.099687 0.154688
5 0.760938 0.262500 0.099687 0.154688
22 0.185938 0.467187 0.099687 0.154688
9 0.329688 0.467187 0.099687 0.154688
0 0.473438 0.467187 0.099687 0.154688
9 0.617188 0.467187 0.099687 0.154688
18 0.760938 0.467187 0.099687 0.154688
25 0.185938 0.671875 0.099687 0.154688
23 0.329688 0.671875 0.099687 0.154688
22 0.473438 0.671875 0.099687 0.154688
10 0.617188 0.671875 0.099687 0.154688
13 0.760938 0.671875 0.099687 0.154688