15 0.123438 0.143750 0.075625 0.120313
13 0.240625 0.143750 0.075625 0.120313
0 0.357812 0.143750 0.075625 0.120313
7 0.475000 0.143750 0.075625 0.120313
25 0.592187 0.143750 0.075625 0.120313
18 0.709375 0.143750 0.075625 0.120313
4 0.826562 0.143750 0.075625 0.120313
18 0.123438 0.307812 0.075625 0.120313
8 0.240625 0.307812 0.075625 0.120313
7 0.357812 0.307812 0.075625 0.120313
0 0.475000 0.307812 0.075625 0.120313
11 0.592187 0.307812 0.075625 0.120313
21 0.709375 0.307812 0.075625 0.120313
19 0.826562 0.307812 0.075625 0.120313
2 0.123438 0.471875 0.075625 0.120313
22 0.240625 0.471875 0.075625 0.120313
17 0.357812 0.471875 0.075625 0.120313
8 0.475000 0.471875 0.075625 0.120313
19 0.592187 0.471875 0.075625 0.120313
15 0.709375 0.471875 0.075625 0.120313
23 0.826562 0.471875 0.075625 0.120313
0 0.123438 0.635938 0.075625 0.120313
11 0.240625 0.635938 0.075625 0.120313
11 0.357812 0.635938 0.075625 0.120313
7 0.475000 0.635938 0.075625 0.120313
19 0.592187 0.635938 0.075625 0.120313
22 0.709375 0.635938 0.075625 0.120313
22 0.826562 0.635938 0.075625 0.120313
1 0.123438 0.800000 0.075625 0.120313
23 0.240625 0.800000 0.075625 0.120313
1 0.357812 0.800000 0.075625 0.120313
5 0.475000 0.800000 0.075625 0.120313
23 0.592187 0.800000 0.075625 0.120313
9 0.709375 0.800000 0.075625 0.120313
4 0.826562 0.800000 0.075625 0.120313