20 0.155469 0.256250 0.094531 0.151250
12 0.310156 0.256250 0.094531 0.151250
21 0.464844 0.256250 0.094531 0.151250
18 0.619531 0.256250 0.094531 0.151250
13 0.774219 0.256250 0.094531 0.151250
9 0.155469 0.464062 0.094531 0.151250
11 0.310156 0.464062 0.094531 0.151250
7 0.464844 0.464062 0.094531 0.151250
10 0.619531 0.464062 0.094531 0.151250
25 0.774219 0.464062 0.094531 0.151250
13 0.155469 0.671875 0.094531 0.151250
8 0.310156 0.671875 0.094531 0.151250
6 0.464844 0.671875 0.094531 0.151250
6 0.619531 0.671875 0.094531 0.151250
22 0.774219 0.671875 0.094531 0.151250