7 0.179688 0.251563 0.103125 0.161562
19 0.326562 0.251563 0.103125 0.161562
4 0.473438 0.251563 0.103125 0.161562
5 0.620313 0.251563 0.103125 0.161562
2 0.767188 0.251563 0.103125 0.161562
5 0.179688 0.465625 0.103125 0.161562
8 0.326562 0.465625 0.103125 0.161562
7 0.473438 0.465625 0.103125 0.161562
22 0.620313 0.465625 0.103125 0.161562
22 0.767188 0.465625 0.103125 0.161562
11 0.179688 0.679688 0.103125 0.161562
7 0.326562 0.679688 0.103125 0.161562
13 0.473438 0.679688 0.103125 0.161562
8 0.620313 0.679688 0.103125 0.161562
22 0.767188 0.679688 0.103125 0.161562