7 0.096875 0.168750 0.072188 0.113437
6 0.193750 0.168750 0.072188 0.113437
4 0.290625 0.168750 0.072188 0.113437
1 0.387500 0.168750 0.072188 0.113437
15 0.484375 0.168750 0.072188 0.113437
21 0.581250 0.168750 0.072188 0.113437
25 0.678125 0.168750 0.072188 0.113437
5 0.775000 0.168750 0.072188 0.113437
25 0.871875 0.168750 0.072188 0.113437
2 0.096875 0.321875 0.072188 0.113437
9 0.193750 0.321875 0.072188 0.113437
5 0.290625 0.321875 0.072188 0.113437
21 0.387500 0.321875 0.072188 0.113437
18 0.484375 0.321875 0.072188 0.113437
23 0.581250 0.321875 0.072188 0.113437
12 0.678125 0.321875 0.072188 0.113437
22 0.775000 0.321875 0.072188 0.113437
0 0.871875 0.321875 0.072188 0.113437
15 0.096875 0.475000 0.072188 0.113437
6 0.193750 0.475000 0.072188 0.113437
0 0.290625 0.475000 0.072188 0.113437
3 0.387500 0.475000 0.072188 0.113437
1 0.484375 0.475000 0.072188 0.113437
12 0.581250 0.475000 0.072188 0.113437
4 0.678125 0.475000 0.072188 0.113437
16 0.775000 0.475000 0.072188 0.113437
17 0.871875 0.475000 0.072188 0.113437
5 0.096875 0.628125 0.072188 0.113437
12 0.193750 0.628125 0.072188 0.113437
14 0.290625 0.628125 0.072188 0.113437
4 0.387500 0.628125 0.072188 0.113437
12 0.484375 0.628125 0.072188 0.113437
3 0.581250 0.628125 0.072188 0.113437
0 0.678125 0.628125 0.072188 0.113437
13 0.775000 0.628125 0.072188 0.113437
11 0.871875 0.628125 0.072188 0.113437
20 0.096875 0.781250 0.072188 0.113437
9 0.193750 0.781250 0.072188 0.113437
22 0.290625 0.781250 0.072188 0.113437
14 0.387500 0.781250 0.072188 0.113437
17 0.484375 0.781250 0.072188 0.113437
11 0.581250 0.781250 0.072188 0.113437
6 0.678125 0.781250 0.072188 0.113437
21 0.775000 0.781250 0.072188 0.113437
7 0.871875 0.781250 0.072188 0.113437