5 0.112500 0.162500 0.068750 0.110000
0 0.217188 0.162500 0.068750 0.110000
3 0.321875 0.162500 0.068750 0.110000
0 0.426563 0.162500 0.068750 0.110000
8 0.531250 0.162500 0.068750 0.110000
23 0.635938 0.162500 0.068750 0.110000
25 0.740625 0.162500 0.068750 0.110000
1 0.845313 0.162500 0.068750 0.110000
22 0.112500 0.317188 0.068750 0.110000
18 0.217188 0.317188 0.068750 0.110000
18 0.321875 0.317188 0.068750 0.110000
6 0.426563 0.317188 0.068750 0.110000
14 0.531250 0.317188 0.068750 0.110000
12 0.635938 0.317188 0.068750 0.110000
15 0.740625 0.317188 0.068750 0.110000
13 0.845313 0.317188 0.068750 0.110000
16 0.112500 0.471875 0.068750 0.110000
3 0.217188 0.471875 0.068750 0.110000
2 0.321875 0.471875 0.068750 0.110000
15 0.426563 0.471875 0.068750 0.110000
0 0.531250 0.471875 0.068750 0.110000
0 0.635938 0.471875 0.068750 0.110000
21 0.740625 0.471875 0.068750 0.110000
9 0.845313 0.471875 0.068750 0.110000
6 0.112500 0.626563 0.068750 0.110000
7 0.217188 0.626563 0.068750 0.110000
16 0.321875 0.626563 0.068750 0.110000
20 0.426563 0.626563 0.068750 0.110000
23 0.531250 0.626563 0.068750 0.110000
12 0.635938 0.626563 0.068750 0.110000
0 0.740625 0.626563 0.068750 0.110000
24 0.845313 0.626563 0.068750 0.110000
3 0.112500 0.781250 0.068750 0.110000
5 0.217188 0.781250 0.068750 0.110000
6 0.321875 0.781250 0.068750 0.110000
6 0.426563 0.781250 0.068750 0.110000
21 0.531250 0.781250 0.068750 0.110000
3 0.635938 0.781250 0.068750 0.110000
16 0.740625 0.781250 0.068750 0.110000
19 0.845313 0.781250 0.068750 0.110000