13 0.126562 0.260937 0.096250 0.151250
23 0.265625 0.260937 0.096250 0.151250
6 0.404687 0.260937 0.096250 0.151250
7 0.543750 0.260937 0.096250 0.151250
18 0.682813 0.260937 0.096250 0.151250
11 0.821875 0.260937 0.096250 0.151250
16 0.126562 0.465625 0.096250 0.151250
15 0.265625 0.465625 0.096250 0.151250
9 0.404687 0.465625 0.096250 0.151250
4 0.543750 0.465625 0.096250 0.151250
22 0.682813 0.465625 0.096250 0.151250
18 0.821875 0.465625 0.096250 0.151250
16 0.126562 0.670312 0.096250 0.151250
4 0.265625 0.670312 0.096250 0.151250
4 0.404687 0.670312 0.096250 0.151250
6 0.543750 0.670312 0.096250 0.151250
14 0.682813 0.670312 0.096250 0.151250
11 0.821875 0.670312 0.096250 0.151250