15 0.176563 0.239063 0.106563 0.168437
2 0.325000 0.239063 0.106563 0.168437
14 0.473438 0.239063 0.106563 0.168437
9 0.621875 0.239063 0.106563 0.168437
18 0.770312 0.239063 0.106563 0.168437
6 0.176563 0.464062 0.106563 0.168437
25 0.325000 0.464062 0.106563 0.168437
20 0.473438 0.464062 0.106563 0.168437
24 0.621875 0.464062 0.106563 0.168437
13 0.770312 0.464062 0.106563 0.168437
2 0.176563 0.689063 0.106563 0.168437
1 0.325000 0.689063 0.106563 0.168437
1 0.473438 0.689063 0.106563 0.168437
11 0.621875 0.689063 0.106563 0.168437
18 0.770312 0.689063 0.106563 0.168437