6 0.125000 0.184375 0.092812 0.144375
19 0.264062 0.184375 0.092812 0.144375
23 0.403125 0.184375 0.092812 0.144375
22 0.542188 0.184375 0.092812 0.144375
3 0.681250 0.184375 0.092812 0.144375
17 0.820312 0.184375 0.092812 0.144375
21 0.125000 0.375000 0.092812 0.144375
8 0.264062 0.375000 0.092812 0.144375
22 0.403125 0.375000 0.092812 0.144375
15 0.542188 0.375000 0.092812 0.144375
1 0.681250 0.375000 0.092812 0.144375
2 0.820312 0.375000 0.092812 0.144375
6 0.125000 0.565625 0.092812 0.144375
15 0.264062 0.565625 0.092812 0.144375
0 0.403125 0.565625 0.092812 0.144375
8 0.542188 0.565625 0.092812 0.144375
11 0.681250 0.565625 0.092812 0.144375
7 0.820312 0.565625 0.092812 0.144375
22 0.125000 0.756250 0.092812 0.144375
0 0.264062 0.756250 0.092812 0.144375
18 0.403125 0.756250 0.092812 0.144375
6 0.542188 0.756250 0.092812 0.144375
20 0.681250 0.756250 0.092812 0.144375
22 0.820312 0.756250 0.092812 0.144375