1 0.131250 0.248438 0.096250 0.154688
1 0.268750 0.248438 0.096250 0.154688
20 0.406250 0.248438 0.096250 0.154688
24 0.543750 0.248438 0.096250 0.154688
17 0.681250 0.248438 0.096250 0.154688
13 0.818750 0.248438 0.096250 0.154688
3 0.131250 0.462500 0.096250 0.154688
23 0.268750 0.462500 0.096250 0.154688
17 0.406250 0.462500 0.096250 0.154688
20 0.543750 0.462500 0.096250 0.154688
3 0.681250 0.462500 0.096250 0.154688
23 0.818750 0.462500 0.096250 0.154688
9 0.131250 0.676562 0.096250 0.154688
22 0.268750 0.676562 0.096250 0.154688
9 0.406250 0.676562 0.096250 0.154688
20 0.543750 0.676562 0.096250 0.154688
24 0.681250 0.676562 0.096250 0.154688
14 0.818750 0.676562 0.096250 0.154688