9 0.094531 0.156250 0.070469 0.113437
7 0.203906 0.156250 0.070469 0.113437
12 0.313281 0.156250 0.070469 0.113437
1 0.422656 0.156250 0.070469 0.113437
16 0.532031 0.156250 0.070469 0.113437
17 0.641406 0.156250 0.070469 0.113437
7 0.750781 0.156250 0.070469 0.113437
19 0.860156 0.156250 0.070469 0.113437
18 0.094531 0.314063 0.070469 0.113437
10 0.203906 0.314063 0.070469 0.113437
15 0.313281 0.314063 0.070469 0.113437
4 0.422656 0.314063 0.070469 0.113437
6 0.532031 0.314063 0.070469 0.113437
17 0.641406 0.314063 0.070469 0.113437
25 0.750781 0.314063 0.070469 0.113437
8 0.860156 0.314063 0.070469 0.113437
10 0.094531 0.471875 0.070469 0.113437
16 0.203906 0.471875 0.070469 0.113437
13 0.313281 0.471875 0.070469 0.113437
20 0.422656 0.471875 0.070469 0.113437
11 0.532031 0.471875 0.070469 0.113437
12 0.641406 0.471875 0.070469 0.113437
12 0.750781 0.471875 0.070469 0.113437
11 0.860156 0.471875 0.070469 0.113437
8 0.094531 0.629687 0.070469 0.113437
14 0.203906 0.629687 0.070469 0.113437
4 0.313281 0.629687 0.070469 0.113437
19 0.422656 0.629687 0.070469 0.113437
20 0.532031 0.629687 0.070469 0.113437
16 0.641406 0.629687 0.070469 0.113437
8 0.750781 0.629687 0.070469 0.113437
3 0.860156 0.629687 0.070469 0.113437
6 0.094531 0.787500 0.070469 0.113437
0 0.203906 0.787500 0.070469 0.113437
4 0.313281 0.787500 0.070469 0.113437
21 0.422656 0.787500 0.070469 0.113437
14 0.532031 0.787500 0.070469 0.113437
20 0.641406 0.787500 0.070469 0.113437
25 0.750781 0.787500 0.070469 0.113437
6 0.860156 0.787500 0.070469 0.113437