16 0.082031 0.160938 0.070469 0.113437
24 0.182031 0.160938 0.070469 0.113437
5 0.282031 0.160938 0.070469 0.113437
19 0.382031 0.160938 0.070469 0.113437
20 0.482031 0.160938 0.070469 0.113437
22 0.582031 0.160938 0.070469 0.113437
13 0.682031 0.160938 0.070469 0.113437
13 0.782031 0.160938 0.070469 0.113437
19 0.882031 0.160938 0.070469 0.113437
1 0.082031 0.317188 0.070469 0.113437
25 0.182031 0.317188 0.070469 0.113437
13 0.282031 0.317188 0.070469 0.113437
6 0.382031 0.317188 0.070469 0.113437
14 0.482031 0.317188 0.070469 0.113437
12 0.582031 0.317188 0.070469 0.113437
6 0.682031 0.317188 0.070469 0.113437
6 0.782031 0.317188 0.070469 0.113437
13 0.882031 0.317188 0.070469 0.113437
19 0.082031 0.473438 0.070469 0.113437
19 0.182031 0.473438 0.070469 0.113437
13 0.282031 0.473438 0.070469 0.113437
1 0.382031 0.473438 0.070469 0.113437
12 0.482031 0.473438 0.070469 0.113437
25 0.582031 0.473438 0.070469 0.113437
16 0.682031 0.473438 0.070469 0.113437
1 0.782031 0.473438 0.070469 0.113437
2 0.882031 0.473438 0.070469 0.113437
12 0.082031 0.629687 0.070469 0.113437
13 0.182031 0.629687 0.070469 0.113437
3 0.282031 0.629687 0.070469 0.113437
22 0.382031 0.629687 0.070469 0.113437
5 0.482031 0.629687 0.070469 0.113437
13 0.582031 0.629687 0.070469 0.113437
8 0.682031 0.629687 0.070469 0.113437
16 0.782031 0.629687 0.070469 0.113437
20 0.882031 0.629687 0.070469 0.113437
21 0.082031 0.785937 0.070469 0.113437
5 0.182031 0.785937 0.070469 0.113437
6 0.282031 0.785937 0.070469 0.113437
25 0.382031 0.785937 0.070469 0.113437
16 0.482031 0.785937 0.070469 0.113437
18 0.582031 0.785937 0.070469 0.113437
3 0.682031 0.785937 0.070469 0.113437
14 0.782031 0.785937 0.070469 0.113437
6 0.882031 0.785937 0.070469 0.113437