12 0.122656 0.240625 0.108281 0.168437
20 0.264844 0.240625 0.108281 0.168437
2 0.407031 0.240625 0.108281 0.168437
11 0.549219 0.240625 0.108281 0.168437
2 0.691406 0.240625 0.108281 0.168437
8 0.833594 0.240625 0.108281 0.168437
10 0.122656 0.464062 0.108281 0.168437
21 0.264844 0.464062 0.108281 0.168437
3 0.407031 0.464062 0.108281 0.168437
10 0.549219 0.464062 0.108281 0.168437
18 0.691406 0.464062 0.108281 0.168437
17 0.833594 0.464062 0.108281 0.168437
18 0.122656 0.687500 0.108281 0.168437
17 0.264844 0.687500 0.108281 0.168437
25 0.407031 0.687500 0.108281 0.168437
4 0.549219 0.687500 0.108281 0.168437
11 0.691406 0.687500 0.108281 0.168437
19 0.833594 0.687500 0.108281 0.168437