19 0.129688 0.250000 0.092812 0.151250
22 0.267188 0.250000 0.092812 0.151250
23 0.404687 0.250000 0.092812 0.151250
4 0.542188 0.250000 0.092812 0.151250
18 0.679688 0.250000 0.092812 0.151250
19 0.817187 0.250000 0.092812 0.151250
15 0.129688 0.462500 0.092812 0.151250
5 0.267188 0.462500 0.092812 0.151250
3 0.404687 0.462500 0.092812 0.151250
22 0.542188 0.462500 0.092812 0.151250
8 0.679688 0.462500 0.092812 0.151250
11 0.817187 0.462500 0.092812 0.151250
19 0.129688 0.675000 0.092812 0.151250
14 0.267188 0.675000 0.092812 0.151250
25 0.404687 0.675000 0.092812 0.151250
9 0.542188 0.675000 0.092812 0.151250
12 0.679688 0.675000 0.092812 0.151250
1 0.817187 0.675000 0.092812 0.151250