20 0.132812 0.234375 0.103125 0.165000
4 0.298438 0.234375 0.103125 0.165000
14 0.464062 0.234375 0.103125 0.165000
14 0.629687 0.234375 0.103125 0.165000
7 0.795312 0.234375 0.103125 0.165000
15 0.132812 0.460938 0.103125 0.165000
16 0.298438 0.460938 0.103125 0.165000
24 0.464062 0.460938 0.103125 0.165000
16 0.629687 0.460938 0.103125 0.165000
19 0.795312 0.460938 0.103125 0.165000
1 0.132812 0.687500 0.103125 0.165000
6 0.298438 0.687500 0.103125 0.165000
12 0.464062 0.687500 0.103125 0.165000
18 0.629687 0.687500 0.103125 0.165000
21 0.795312 0.687500 0.103125 0.165000