25 0.121875 0.251563 0.096250 0.154688
20 0.262500 0.251563 0.096250 0.154688
9 0.403125 0.251563 0.096250 0.154688
16 0.543750 0.251563 0.096250 0.154688
10 0.684375 0.251563 0.096250 0.154688
23 0.825000 0.251563 0.096250 0.154688
7 0.121875 0.464062 0.096250 0.154688
9 0.262500 0.464062 0.096250 0.154688
22 0.403125 0.464062 0.096250 0.154688
14 0.543750 0.464062 0.096250 0.154688
12 0.684375 0.464062 0.096250 0.154688
24 0.825000 0.464062 0.096250 0.154688
15 0.121875 0.676562 0.096250 0.154688
16 0.262500 0.676562 0.096250 0.154688
19 0.403125 0.676562 0.096250 0.154688
11 0.543750 0.676562 0.096250 0.154688
17 0.684375 0.676562 0.096250 0.154688
18 0.825000 0.676562 0.096250 0.154688