8 0.170313 0.240625 0.110000 0.171875
22 0.321875 0.240625 0.110000 0.171875
4 0.473438 0.240625 0.110000 0.171875
5 0.625000 0.240625 0.110000 0.171875
20 0.776563 0.240625 0.110000 0.171875
22 0.170313 0.465625 0.110000 0.171875
3 0.321875 0.465625 0.110000 0.171875
19 0.473438 0.465625 0.110000 0.171875
22 0.625000 0.465625 0.110000 0.171875
3 0.776563 0.465625 0.110000 0.171875
14 0.170313 0.690625 0.110000 0.171875
8 0.321875 0.690625 0.110000 0.171875
12 0.473438 0.690625 0.110000 0.171875
4 0.625000 0.690625 0.110000 0.171875
15 0.776563 0.690625 0.110000 0.171875