16 0.115625 0.135937 0.068750 0.106563
0 0.207813 0.135937 0.068750 0.106563
0 0.300000 0.135937 0.068750 0.106563
23 0.392188 0.135937 0.068750 0.106563
4 0.484375 0.135937 0.068750 0.106563
25 0.576562 0.135937 0.068750 0.106563
10 0.668750 0.135937 0.068750 0.106563
23 0.760938 0.135937 0.068750 0.106563
12 0.853125 0.135937 0.068750 0.106563
10 0.115625 0.273438 0.068750 0.106563
8 0.207813 0.273438 0.068750 0.106563
5 0.300000 0.273438 0.068750 0.106563
1 0.392188 0.273438 0.068750 0.106563
9 0.484375 0.273438 0.068750 0.106563
15 0.576562 0.273438 0.068750 0.106563
1 0.668750 0.273438 0.068750 0.106563
22 0.760938 0.273438 0.068750 0.106563
10 0.853125 0.273438 0.068750 0.106563
0 0.115625 0.410938 0.068750 0.106563
0 0.207813 0.410938 0.068750 0.106563
8 0.300000 0.410938 0.068750 0.106563
16 0.392188 0.410938 0.068750 0.106563
16 0.484375 0.410938 0.068750 0.106563
4 0.576562 0.410938 0.068750 0.106563
19 0.668750 0.410938 0.068750 0.106563
7 0.760938 0.410938 0.068750 0.106563
15 0.853125 0.410938 0.068750 0.106563
25 0.115625 0.548438 0.068750 0.106563
0 0.207813 0.548438 0.068750 0.106563
6 0.300000 0.548438 0.068750 0.106563
9 0.392188 0.548438 0.068750 0.106563
24 0.484375 0.548438 0.068750 0.106563
1 0.576562 0.548438 0.068750 0.106563
14 0.668750 0.548438 0.068750 0.106563
25 0.760938 0.548438 0.068750 0.106563
13 0.853125 0.548438 0.068750 0.106563
23 0.115625 0.685937 0.068750 0.106563
8 0.207813 0.685937 0.068750 0.106563
1 0.300000 0.685937 0.068750 0.106563
3 0.392188 0.685937 0.068750 0.106563
8 0.484375 0.685937 0.068750 0.106563
19 0.576562 0.685937 0.068750 0.106563
18 0.668750 0.685937 0.068750 0.106563
14 0.760938 0.685937 0.068750 0.106563
4 0.853125 0.685937 0.068750 0.106563
11 0.115625 0.823438 0.068750 0.106563
6 0.207813 0.823438 0.068750 0.106563
16 0.300000 0.823438 0.068750 0.106563
7 0.392188 0.823438 0.068750 0.106563
11 0.484375 0.823438 0.068750 0.106563
8 0.576562 0.823438 0.068750 0.106563
23 0.668750 0.823438 0.068750 0.106563
7 0.760938 0.823438 0.068750 0.106563
4 0.853125 0.823438 0.068750 0.106563