0 0.159375 0.232813 0.110000 0.171875
4 0.315625 0.232813 0.110000 0.171875
2 0.471875 0.232813 0.110000 0.171875
5 0.628125 0.232813 0.110000 0.171875
8 0.784375 0.232813 0.110000 0.171875
2 0.159375 0.462500 0.110000 0.171875
21 0.315625 0.462500 0.110000 0.171875
21 0.471875 0.462500 0.110000 0.171875
1 0.628125 0.462500 0.110000 0.171875
4 0.784375 0.462500 0.110000 0.171875
12 0.159375 0.692187 0.110000 0.171875
14 0.315625 0.692187 0.110000 0.171875
21 0.471875 0.692187 0.110000 0.171875
19 0.628125 0.692187 0.110000 0.171875
3 0.784375 0.692187 0.110000 0.171875