15 0.143750 0.182812 0.082500 0.134063
22 0.275000 0.182812 0.082500 0.134063
24 0.406250 0.182812 0.082500 0.134063
0 0.537500 0.182812 0.082500 0.134063
23 0.668750 0.182812 0.082500 0.134063
5 0.800000 0.182812 0.082500 0.134063
20 0.143750 0.371875 0.082500 0.134063
11 0.275000 0.371875 0.082500 0.134063
19 0.406250 0.371875 0.082500 0.134063
13 0.537500 0.371875 0.082500 0.134063
15 0.668750 0.371875 0.082500 0.134063
12 0.800000 0.371875 0.082500 0.134063
23 0.143750 0.560937 0.082500 0.134063
9 0.275000 0.560937 0.082500 0.134063
5 0.406250 0.560937 0.082500 0.134063
9 0.537500 0.560937 0.082500 0.134063
8 0.668750 0.560937 0.082500 0.134063
16 0.800000 0.560937 0.082500 0.134063
1 0.143750 0.750000 0.082500 0.134063
24 0.275000 0.750000 0.082500 0.134063
10 0.406250 0.750000 0.082500 0.134063
12 0.537500 0.750000 0.082500 0.134063
19 0.668750 0.750000 0.082500 0.134063
12 0.800000 0.750000 0.082500 0.134063