8 0.065625 0.128125 0.055000 0.085938
13 0.142187 0.128125 0.055000 0.085938
2 0.218750 0.128125 0.055000 0.085938
7 0.295312 0.128125 0.055000 0.085938
4 0.371875 0.128125 0.055000 0.085938
22 0.448437 0.128125 0.055000 0.085938
9 0.525000 0.128125 0.055000 0.085938
1 0.601562 0.128125 0.055000 0.085938
15 0.678125 0.128125 0.055000 0.085938
25 0.754687 0.128125 0.055000 0.085938
19 0.831250 0.128125 0.055000 0.085938
5 0.907813 0.128125 0.055000 0.085938
18 0.065625 0.245312 0.055000 0.085938
13 0.142187 0.245312 0.055000 0.085938
3 0.218750 0.245312 0.055000 0.085938
8 0.295312 0.245312 0.055000 0.085938
25 0.371875 0.245312 0.055000 0.085938
16 0.448437 0.245312 0.055000 0.085938
21 0.525000 0.245312 0.055000 0.085938
23 0.601562 0.245312 0.055000 0.085938
2 0.678125 0.245312 0.055000 0.085938
23 0.754687 0.245312 0.055000 0.085938
12 0.831250 0.245312 0.055000 0.085938
1 0.907813 0.245312 0.055000 0.085938
20 0.065625 0.362500 0.055000 0.085938
15 0.142187 0.362500 0.055000 0.085938
25 0.218750 0.362500 0.055000 0.085938
5 0.295312 0.362500 0.055000 0.085938
0 0.371875 0.362500 0.055000 0.085938
9 0.448437 0.362500 0.055000 0.085938
8 0.525000 0.362500 0.055000 0.085938
22 0.601562 0.362500 0.055000 0.085938
10 0.678125 0.362500 0.055000 0.085938
22 0.754687 0.362500 0.055000 0.085938
16 0.831250 0.362500 0.055000 0.085938
9 0.907813 0.362500 0.055000 0.085938
16 0.065625 0.479687 0.055000 0.085938
12 0.142187 0.479687 0.055000 0.085938
15 0.218750 0.479687 0.055000 0.085938
3 0.295312 0.479687 0.055000 0.085938
20 0.371875 0.479687 0.055000 0.085938
3 0.448437 0.479687 0.055000 0.085938
14 0.525000 0.479687 0.055000 0.085938
22 0.601562 0.479687 0.055000 0.085938
17 0.678125 0.479687 0.055000 0.085938
12 0.754687 0.479687 0.055000 0.085938
7 0.831250 0.479687 0.055000 0.085938
24 0.907813 0.479687 0.055000 0.085938
10 0.065625 0.596875 0.055000 0.085938
17 0.142187 0.596875 0.055000 0.085938
24 0.218750 0.596875 0.055000 0.085938
3 0.295312 0.596875 0.055000 0.085938
3 0.371875 0.596875 0.055000 0.085938
11 0.448437 0.596875 0.055000 0.085938
3 0.525000 0.596875 0.055000 0.085938
13 0.601562 0.596875 0.055000 0.085938
4 0.678125 0.596875 0.055000 0.085938
16 0.754687 0.596875 0.055000 0.085938
10 0.831250 0.596875 0.055000 0.085938
11 0.907813 0.596875 0.055000 0.085938
25 0.065625 0.714063 0.055000 0.085938
21 0.142187 0.714063 0.055000 0.085938
5 0.218750 0.714063 0.055000 0.085938
13 0.295312 0.714063 0.055000 0.085938
12 0.371875 0.714063 0.055000 0.085938
8 0.448437 0.714063 0.055000 0.085938
19 0.525000 0.714063 0.055000 0.085938
13 0.601562 0.714063 0.055000 0.085938
13 0.678125 0.714063 0.055000 0.085938
1 0.754687 0.714063 0.055000 0.085938
11 0.831250 0.714063 0.055000 0.085938
10 0.907813 0.714063 0.055000 0.085938
1 0.065625 0.831250 0.055000 0.085938
14 0.142187 0.831250 0.055000 0.085938
11 0.218750 0.831250 0.055000 0.085938
0 0.295312 0.831250 0.055000 0.085938
22 0.371875 0.831250 0.055000 0.085938
15 0.448437 0.831250 0.055000 0.085938
15 0.525000 0.831250 0.055000 0.085938
9 0.601562 0.831250 0.055000 0.085938
5 0.678125 0.831250 0.055000 0.085938
24 0.754687 0.831250 0.055000 0.085938
24 0.831250 0.831250 0.055000 0.085938
16 0.907813 0.831250 0.055000 0.085938