10 0.103906 0.214062 0.080781 0.127188
8 0.227344 0.214062 0.080781 0.127188
23 0.350781 0.214062 0.080781 0.127188
9 0.474219 0.214062 0.080781 0.127188
18 0.597656 0.214062 0.080781 0.127188
11 0.721094 0.214062 0.080781 0.127188
13 0.844531 0.214062 0.080781 0.127188
12 0.103906 0.385937 0.080781 0.127188
15 0.227344 0.385937 0.080781 0.127188
9 0.350781 0.385937 0.080781 0.127188
10 0.474219 0.385937 0.080781 0.127188
7 0.597656 0.385937 0.080781 0.127188
21 0.721094 0.385937 0.080781 0.127188
1 0.844531 0.385937 0.080781 0.127188
20 0.103906 0.557813 0.080781 0.127188
5 0.227344 0.557813 0.080781 0.127188
2 0.350781 0.557813 0.080781 0.127188
22 0.474219 0.557813 0.080781 0.127188
7 0.597656 0.557813 0.080781 0.127188
22 0.721094 0.557813 0.080781 0.127188
8 0.844531 0.557813 0.080781 0.127188
11 0.103906 0.729688 0.080781 0.127188
22 0.227344 0.729688 0.080781 0.127188
7 0.350781 0.729688 0.080781 0.127188
23 0.474219 0.729688 0.080781 0.127188
17 0.597656 0.729688 0.080781 0.127188
0 0.721094 0.729688 0.080781 0.127188
3 0.844531 0.729688 0.080781 0.127188