18 0.106250 0.128125 0.061875 0.099687
1 0.200000 0.128125 0.061875 0.099687
22 0.293750 0.128125 0.061875 0.099687
7 0.387500 0.128125 0.061875 0.099687
4 0.481250 0.128125 0.061875 0.099687
4 0.575000 0.128125 0.061875 0.099687
21 0.668750 0.128125 0.061875 0.099687
0 0.762500 0.128125 0.061875 0.099687
8 0.856250 0.128125 0.061875 0.099687
17 0.106250 0.267188 0.061875 0.099687
12 0.200000 0.267188 0.061875 0.099687
9 0.293750 0.267188 0.061875 0.099687
12 0.387500 0.267188 0.061875 0.099687
4 0.481250 0.267188 0.061875 0.099687
11 0.575000 0.267188 0.061875 0.099687
25 0.668750 0.267188 0.061875 0.099687
3 0.762500 0.267188 0.061875 0.099687
7 0.856250 0.267188 0.061875 0.099687
12 0.106250 0.406250 0.061875 0.099687
25 0.200000 0.406250 0.061875 0.099687
3 0.293750 0.406250 0.061875 0.099687
16 0.387500 0.406250 0.061875 0.099687
4 0.481250 0.406250 0.061875 0.099687
16 0.575000 0.406250 0.061875 0.099687
17 0.668750 0.406250 0.061875 0.099687
16 0.762500 0.406250 0.061875 0.099687
17 0.856250 0.406250 0.061875 0.099687
10 0.106250 0.545312 0.061875 0.099687
7 0.200000 0.545312 0.061875 0.099687
4 0.293750 0.545312 0.061875 0.099687
21 0.387500 0.545312 0.061875 0.099687
7 0.481250 0.545312 0.061875 0.099687
14 0.575000 0.545312 0.061875 0.099687
12 0.668750 0.545312 0.061875 0.099687
8 0.762500 0.545312 0.061875 0.099687
2 0.856250 0.545312 0.061875 0.099687
25 0.106250 0.684375 0.061875 0.099687
7 0.200000 0.684375 0.061875 0.099687
23 0.293750 0.684375 0.061875 0.099687
21 0.387500 0.684375 0.061875 0.099687
9 0.481250 0.684375 0.061875 0.099687
10 0.575000 0.684375 0.061875 0.099687
14 0.668750 0.684375 0.061875 0.099687
11 0.762500 0.684375 0.061875 0.099687
25 0.856250 0.684375 0.061875 0.099687
4 0.106250 0.823438 0.061875 0.099687
16 0.200000 0.823438 0.061875 0.099687
0 0.293750 0.823438 0.061875 0.099687
4 0.387500 0.823438 0.061875 0.099687
11 0.481250 0.823438 0.061875 0.099687
9 0.575000 0.823438 0.061875 0.099687
6 0.668750 0.823438 0.061875 0.099687
19 0.762500 0.823438 0.061875 0.099687
25 0.856250 0.823438 0.061875 0.099687