20 0.121875 0.260937 0.096250 0.151250
15 0.262500 0.260937 0.096250 0.151250
24 0.403125 0.260937 0.096250 0.151250
24 0.543750 0.260937 0.096250 0.151250
23 0.684375 0.260937 0.096250 0.151250
2 0.825000 0.260937 0.096250 0.151250
7 0.121875 0.465625 0.096250 0.151250
7 0.262500 0.465625 0.096250 0.151250
25 0.403125 0.465625 0.096250 0.151250
8 0.543750 0.465625 0.096250 0.151250
24 0.684375 0.465625 0.096250 0.151250
19 0.825000 0.465625 0.096250 0.151250
19 0.121875 0.670312 0.096250 0.151250
8 0.262500 0.670312 0.096250 0.151250
12 0.403125 0.670312 0.096250 0.151250
22 0.543750 0.670312 0.096250 0.151250
11 0.684375 0.670312 0.096250 0.151250
1 0.825000 0.670312 0.096250 0.151250