9 0.159375 0.235937 0.110000 0.171875
0 0.315625 0.235937 0.110000 0.171875
13 0.471875 0.235937 0.110000 0.171875
25 0.628125 0.235937 0.110000 0.171875
19 0.784375 0.235937 0.110000 0.171875
2 0.159375 0.464062 0.110000 0.171875
20 0.315625 0.464062 0.110000 0.171875
13 0.471875 0.464062 0.110000 0.171875
0 0.628125 0.464062 0.110000 0.171875
10 0.784375 0.464062 0.110000 0.171875
18 0.159375 0.692187 0.110000 0.171875
13 0.315625 0.692187 0.110000 0.171875
18 0.471875 0.692187 0.110000 0.171875
19 0.628125 0.692187 0.110000 0.171875
0 0.784375 0.692187 0.110000 0.171875