13 0.117188 0.251563 0.096250 0.154688
1 0.259375 0.251563 0.096250 0.154688
3 0.401562 0.251563 0.096250 0.154688
4 0.543750 0.251563 0.096250 0.154688
0 0.685937 0.251563 0.096250 0.154688
21 0.828125 0.251563 0.096250 0.154688
22 0.117188 0.464062 0.096250 0.154688
25 0.259375 0.464062 0.096250 0.154688
25 0.401562 0.464062 0.096250 0.154688
4 0.543750 0.464062 0.096250 0.154688
12 0.685937 0.464062 0.096250 0.154688
0 0.828125 0.464062 0.096250 0.154688
8 0.117188 0.676562 0.096250 0.154688
8 0.259375 0.676562 0.096250 0.154688
7 0.401562 0.676562 0.096250 0.154688
25 0.543750 0.676562 0.096250 0.154688
20 0.685937 0.676562 0.096250 0.154688
18 0.828125 0.676562 0.096250 0.154688