25 0.164844 0.260937 0.104844 0.161562
5 0.317969 0.260937 0.104844 0.161562
25 0.471094 0.260937 0.104844 0.161562
24 0.624219 0.260937 0.104844 0.161562
10 0.777344 0.260937 0.104844 0.161562
22 0.164844 0.468750 0.104844 0.161562
18 0.317969 0.468750 0.104844 0.161562
24 0.471094 0.468750 0.104844 0.161562
23 0.624219 0.468750 0.104844 0.161562
10 0.777344 0.468750 0.104844 0.161562
18 0.164844 0.676562 0.104844 0.161562
4 0.317969 0.676562 0.104844 0.161562
0 0.471094 0.676562 0.104844 0.161562
6 0.624219 0.676562 0.104844 0.161562
25 0.777344 0.676562 0.104844 0.161562