20 0.153906 0.217188 0.115156 0.182188
8 0.313281 0.217188 0.115156 0.182188
17 0.472656 0.217188 0.115156 0.182188
18 0.632031 0.217188 0.115156 0.182188
3 0.791406 0.217188 0.115156 0.182188
12 0.153906 0.460938 0.115156 0.182188
7 0.313281 0.460938 0.115156 0.182188
25 0.472656 0.460938 0.115156 0.182188
12 0.632031 0.460938 0.115156 0.182188
14 0.791406 0.460938 0.115156 0.182188
1 0.153906 0.704688 0.115156 0.182188
21 0.313281 0.704688 0.115156 0.182188
19 0.472656 0.704688 0.115156 0.182188
2 0.632031 0.704688 0.115156 0.182188
23 0.791406 0.704688 0.115156 0.182188