8 0.079687 0.162500 0.058437 0.092812
15 0.160938 0.162500 0.058437 0.092812
13 0.242188 0.162500 0.058437 0.092812
5 0.323437 0.162500 0.058437 0.092812
1 0.404687 0.162500 0.058437 0.092812
11 0.485938 0.162500 0.058437 0.092812
15 0.567187 0.162500 0.058437 0.092812
22 0.648438 0.162500 0.058437 0.092812
6 0.729688 0.162500 0.058437 0.092812
23 0.810937 0.162500 0.058437 0.092812
7 0.892188 0.162500 0.058437 0.092812
4 0.079687 0.289062 0.058437 0.092812
24 0.160938 0.289062 0.058437 0.092812
13 0.242188 0.289062 0.058437 0.092812
4 0.323437 0.289062 0.058437 0.092812
21 0.404687 0.289062 0.058437 0.092812
4 0.485938 0.289062 0.058437 0.092812
22 0.567187 0.289062 0.058437 0.092812
25 0.648438 0.289062 0.058437 0.092812
11 0.729688 0.289062 0.058437 0.092812
8 0.810937 0.289062 0.058437 0.092812
4 0.892188 0.289062 0.058437 0.092812
8 0.079687 0.415625 0.058437 0.092812
25 0.160938 0.415625 0.058437 0.092812
15 0.242188 0.415625 0.058437 0.092812
2 0.323437 0.415625 0.058437 0.092812
12 0.404687 0.415625 0.058437 0.092812
2 0.485938 0.415625 0.058437 0.092812
15 0.567187 0.415625 0.058437 0.092812
3 0.648438 0.415625 0.058437 0.092812
21 0.729688 0.415625 0.058437 0.092812
6 0.810937 0.415625 0.058437 0.092812
19 0.892188 0.415625 0.058437 0.092812
5 0.079687 0.542188 0.058437 0.092812
13 0.160938 0.542188 0.058437 0.092812
8 0.242188 0.542188 0.058437 0.092812
8 0.323437 0.542188 0.058437 0.092812
18 0.404687 0.542188 0.058437 0.092812
24 0.485938 0.542188 0.058437 0.092812
3 0.567187 0.542188 0.058437 0.092812
12 0.648438 0.542188 0.058437 0.092812
7 0.729688 0.542188 0.058437 0.092812
18 0.810937 0.542188 0.058437 0.092812
25 0.892188 0.542188 0.058437 0.092812
16 0.079687 0.668750 0.058437 0.092812
23 0.160938 0.668750 0.058437 0.092812
4 0.242188 0.668750 0.058437 0.092812
10 0.323437 0.668750 0.058437 0.092812
11 0.404687 0.668750 0.058437 0.092812
14 0.485938 0.668750 0.058437 0.092812
16 0.567187 0.668750 0.058437 0.092812
13 0.648438 0.668750 0.058437 0.092812
2 0.729688 0.668750 0.058437 0.092812
4 0.810937 0.668750 0.058437 0.092812
17 0.892188 0.668750 0.058437 0.092812
10 0.079687 0.795312 0.058437 0.092812
12 0.160938 0.795312 0.058437 0.092812
6 0.242188 0.795312 0.058437 0.092812
1 0.323437 0.795312 0.058437 0.092812
1 0.404687 0.795312 0.058437 0.092812
14 0.485938 0.795312 0.058437 0.092812
2 0.567187 0.795312 0.058437 0.092812
25 0.648438 0.795312 0.058437 0.092812
16 0.729688 0.795312 0.058437 0.092812
6 0.810937 0.795312 0.058437 0.092812
11 0.892188 0.795312 0.058437 0.092812