3 0.180469 0.229687 0.104844 0.168437
13 0.327344 0.229687 0.104844 0.168437
20 0.474219 0.229687 0.104844 0.168437
20 0.621094 0.229687 0.104844 0.168437
4 0.767969 0.229687 0.104844 0.168437
25 0.180469 0.460938 0.104844 0.168437
16 0.327344 0.460938 0.104844 0.168437
22 0.474219 0.460938 0.104844 0.168437
5 0.621094 0.460938 0.104844 0.168437
6 0.767969 0.460938 0.104844 0.168437
17 0.180469 0.692187 0.104844 0.168437
19 0.327344 0.692187 0.104844 0.168437
0 0.474219 0.692187 0.104844 0.168437
11 0.621094 0.692187 0.104844 0.168437
6 0.767969 0.692187 0.104844 0.168437