6 0.054688 0.053125 0.030937 0.048125
10 0.098437 0.053125 0.030937 0.048125
13 0.142187 0.053125 0.030937 0.048125
24 0.185938 0.053125 0.030937 0.048125
13 0.229687 0.053125 0.030937 0.048125
2 0.273438 0.053125 0.030937 0.048125
2 0.317188 0.053125 0.030937 0.048125
25 0.360938 0.053125 0.030937 0.048125
2 0.404687 0.053125 0.030937 0.048125
1 0.448437 0.053125 0.030937 0.048125
25 0.492188 0.053125 0.030937 0.048125
8 0.535937 0.053125 0.030937 0.048125
4 0.579688 0.053125 0.030937 0.048125
4 0.623437 0.053125 0.030937 0.048125
11 0.667188 0.053125 0.030937 0.048125
13 0.710938 0.053125 0.030937 0.048125
2 0.754687 0.053125 0.030937 0.048125
19 0.798438 0.053125 0.030937 0.048125
6 0.842187 0.053125 0.030937 0.048125
16 0.885938 0.053125 0.030937 0.048125
19 0.929688 0.053125 0.030937 0.048125
10 0.054688 0.115625 0.030937 0.048125
21 0.098437 0.115625 0.030937 0.048125
11 0.142187 0.115625 0.030937 0.048125
18 0.185938 0.115625 0.030937 0.048125
9 0.229687 0.115625 0.030937 0.048125
14 0.273438 0.115625 0.030937 0.048125
1 0.317188 0.115625 0.030937 0.048125
11 0.360938 0.115625 0.030937 0.048125
21 0.404687 0.115625 0.030937 0.048125
22 0.448437 0.115625 0.030937 0.048125
8 0.492188 0.115625 0.030937 0.048125
10 0.535937 0.115625 0.030937 0.048125
10 0.579688 0.115625 0.030937 0.048125
9 0.623437 0.115625 0.030937 0.048125
10 0.667188 0.115625 0.030937 0.048125
8 0.710938 0.115625 0.030937 0.048125
0 0.754687 0.115625 0.030937 0.048125
1 0.798438 0.115625 0.030937 0.048125
1 0.842187 0.115625 0.030937 0.048125
24 0.885938 0.115625 0.030937 0.048125
25 0.929688 0.115625 0.030937 0.048125
1 0.054688 0.178125 0.030937 0.048125
20 0.098437 0.178125 0.030937 0.048125
25 0.142187 0.178125 0.030937 0.048125
18 0.185938 0.178125 0.030937 0.048125
8 0.229687 0.178125 0.030937 0.048125
5 0.273438 0.178125 0.030937 0.048125
25 0.317188 0.178125 0.030937 0.048125
15 0.360938 0.178125 0.030937 0.048125
4 0.404687 0.178125 0.030937 0.048125
14 0.448437 0.178125 0.030937 0.048125
7 0.492188 0.178125 0.030937 0.048125
16 0.535937 0.178125 0.030937 0.048125
0 0.579688 0.178125 0.030937 0.048125
20 0.623437 0.178125 0.030937 0.048125
25 0.667188 0.178125 0.030937 0.048125
6 0.710938 0.178125 0.030937 0.048125
18 0.754687 0.178125 0.030937 0.048125
25 0.798438 0.178125 0.030937 0.048125
22 0.842187 0.178125 0.030937 0.048125
7 0.885938 0.178125 0.030937 0.048125
19 0.929688 0.178125 0.030937 0.048125
10 0.054688 0.240625 0.030937 0.048125
12 0.098437 0.240625 0.030937 0.048125
8 0.142187 0.240625 0.030937 0.048125
2 0.185938 0.240625 0.030937 0.048125
15 0.229687 0.240625 0.030937 0.048125
4 0.273438 0.240625 0.030937 0.048125
13 0.317188 0.240625 0.030937 0.048125
13 0.360938 0.240625 0.030937 0.048125
19 0.404687 0.240625 0.030937 0.048125
24 0.448437 0.240625 0.030937 0.048125
15 0.492188 0.240625 0.030937 0.048125
4 0.535937 0.240625 0.030937 0.048125
3 0.579688 0.240625 0.030937 0.048125
20 0.623437 0.240625 0.030937 0.048125
20 0.667188 0.240625 0.030937 0.048125
14 0.710938 0.240625 0.030937 0.048125
1 0.754687 0.240625 0.030937 0.048125
22 0.798438 0.240625 0.030937 0.048125
12 0.842187 0.240625 0.030937 0.048125
10 0.885938 0.240625 0.030937 0.048125
1 0.929688 0.240625 0.030937 0.048125
22 0.054688 0.303125 0.030937 0.048125
7 0.098437 0.303125 0.030937 0.048125
22 0.142187 0.303125 0.030937 0.048125
16 0.185938 0.303125 0.030937 0.048125
17 0.229687 0.303125 0.030937 0.048125
22 0.273438 0.303125 0.030937 0.048125
14 0.317188 0.303125 0.030937 0.048125
6 0.360938 0.303125 0.030937 0.048125
12 0.404687 0.303125 0.030937 0.048125
11 0.448437 0.303125 0.030937 0.048125
10 0.492188 0.303125 0.030937 0.048125
18 0.535937 0.303125 0.030937 0.048125
23 0.579688 0.303125 0.030937 0.048125
0 0.623437 0.303125 0.030937 0.048125
14 0.667188 0.303125 0.030937 0.048125
13 0.710938 0.303125 0.030937 0.048125
19 0.754687 0.303125 0.030937 0.048125
11 0.798438 0.303125 0.030937 0.048125
2 0.842187 0.303125 0.030937 0.048125
11 0.885938 0.303125 0.030937 0.048125
13 0.929688 0.303125 0.030937 0.048125
21 0.054688 0.365625 0.030937 0.048125
19 0.098437 0.365625 0.030937 0.048125
11 0.142187 0.365625 0.030937 0.048125
2 0.185938 0.365625 0.030937 0.048125
10 0.229687 0.365625 0.030937 0.048125
9 0.273438 0.365625 0.030937 0.048125
10 0.317188 0.365625 0.030937 0.048125
0 0.360938 0.365625 0.030937 0.048125
6 0.404687 0.365625 0.030937 0.048125
19 0.448437 0.365625 0.030937 0.048125
4 0.492188 0.365625 0.030937 0.048125
7 0.535937 0.365625 0.030937 0.048125
15 0.579688 0.365625 0.030937 0.048125
22 0.623437 0.365625 0.030937 0.048125
17 0.667188 0.365625 0.030937 0.048125
16 0.710938 0.365625 0.030937 0.048125
15 0.754687 0.365625 0.030937 0.048125
0 0.798438 0.365625 0.030937 0.048125
21 0.842187 0.365625 0.030937 0.048125
15 0.885938 0.365625 0.030937 0.048125
12 0.929688 0.365625 0.030937 0.048125
19 0.054688 0.428125 0.030937 0.048125
0 0.098437 0.428125 0.030937 0.048125
7 0.142187 0.428125 0.030937 0.048125
17 0.185938 0.428125 0.030937 0.048125
25 0.229687 0.428125 0.030937 0.048125
16 0.273438 0.428125 0.030937 0.048125
9 0.317188 0.428125 0.030937 0.048125
0 0.360938 0.428125 0.030937 0.048125
7 0.404687 0.428125 0.030937 0.048125
18 0.448437 0.428125 0.030937 0.048125
18 0.492188 0.428125 0.030937 0.048125
21 0.535937 0.428125 0.030937 0.048125
17 0.579688 0.428125 0.030937 0.048125
13 0.623437 0.428125 0.030937 0.048125
5 0.667188 0.428125 0.030937 0.048125
15 0.710938 0.428125 0.030937 0.048125
9 0.754687 0.428125 0.030937 0.048125
0 0.798438 0.428125 0.030937 0.048125
21 0.842187 0.428125 0.030937 0.048125
10 0.885938 0.428125 0.030937 0.048125
1 0.929688 0.428125 0.030937 0.048125
17 0.054688 0.490625 0.030937 0.048125
13 0.098437 0.490625 0.030937 0.048125
14 0.142187 0.490625 0.030937 0.048125
22 0.185938 0.490625 0.030937 0.048125
10 0.229687 0.490625 0.030937 0.048125
14 0.273438 0.490625 0.030937 0.048125
2 0.317188 0.490625 0.030937 0.048125
16 0.360938 0.490625 0.030937 0.048125
15 0.404687 0.490625 0.030937 0.048125
1 0.448437 0.490625 0.030937 0.048125
17 0.492188 0.490625 0.030937 0.048125
10 0.535937 0.490625 0.030937 0.048125
24 0.579688 0.490625 0.030937 0.048125
23 0.623437 0.490625 0.030937 0.048125
6 0.667188 0.490625 0.030937 0.048125
24 0.710938 0.490625 0.030937 0.048125
18 0.754687 0.490625 0.030937 0.048125
17 0.798438 0.490625 0.030937 0.048125
11 0.842187 0.490625 0.030937 0.048125
14 0.885938 0.490625 0.030937 0.048125
10 0.929688 0.490625 0.030937 0.048125
25 0.054688 0.553125 0.030937 0.048125
5 0.098437 0.553125 0.030937 0.048125
10 0.142187 0.553125 0.030937 0.048125
1 0.185938 0.553125 0.030937 0.048125
21 0.229687 0.553125 0.030937 0.048125
12 0.273438 0.553125 0.030937 0.048125
3 0.317188 0.553125 0.030937 0.048125
24 0.360938 0.553125 0.030937 0.048125
0 0.404687 0.553125 0.030937 0.048125
22 0.448437 0.553125 0.030937 0.048125
0 0.492188 0.553125 0.030937 0.048125
7 0.535937 0.553125 0.030937 0.048125
8 0.579688 0.553125 0.030937 0.048125
19 0.623437 0.553125 0.030937 0.048125
24 0.667188 0.553125 0.030937 0.048125
10 0.710938 0.553125 0.030937 0.048125
13 0.754687 0.553125 0.030937 0.048125
19 0.798438 0.553125 0.030937 0.048125
20 0.842187 0.553125 0.030937 0.048125
21 0.885938 0.553125 0.030937 0.048125
22 0.929688 0.553125 0.030937 0.048125
22 0.054688 0.615625 0.030937 0.048125
7 0.098437 0.615625 0.030937 0.048125
24 0.142187 0.615625 0.030937 0.048125
4 0.185938 0.615625 0.030937 0.048125
1 0.229687 0.615625 0.030937 0.048125
11 0.273438 0.615625 0.030937 0.048125
23 0.317188 0.615625 0.030937 0.048125
1 0.360938 0.615625 0.030937 0.048125
25 0.404687 0.615625 0.030937 0.048125
13 0.448437 0.615625 0.030937 0.048125
13 0.492188 0.615625 0.030937 0.048125
19 0.535937 0.615625 0.030937 0.048125
24 0.579688 0.615625 0.030937 0.048125
11 0.623437 0.615625 0.030937 0.048125
19 0.667188 0.615625 0.030937 0.048125
1 0.710938 0.615625 0.030937 0.048125
12 0.754687 0.615625 0.030937 0.048125
8 0.798438 0.615625 0.030937 0.048125
4 0.842187 0.615625 0.030937 0.048125
10 0.885938 0.615625 0.030937 0.048125
5 0.929688 0.615625 0.030937 0.048125
1 0.054688 0.678125 0.030937 0.048125
24 0.098437 0.678125 0.030937 0.048125
18 0.142187 0.678125 0.030937 0.048125
14 0.185938 0.678125 0.030937 0.048125
17 0.229687 0.678125 0.030937 0.048125
11 0.273438 0.678125 0.030937 0.048125
5 0.317188 0.678125 0.030937 0.048125
6 0.360938 0.678125 0.030937 0.048125
24 0.404687 0.678125 0.030937 0.048125
4 0.448437 0.678125 0.030937 0.048125
6 0.492188 0.678125 0.030937 0.048125
8 0.535937 0.678125 0.030937 0.048125
1 0.579688 0.678125 0.030937 0.048125
0 0.623437 0.678125 0.030937 0.048125
3 0.667188 0.678125 0.030937 0.048125
19 0.710938 0.678125 0.030937 0.048125
13 0.754687 0.678125 0.030937 0.048125
10 0.798438 0.678125 0.030937 0.048125
8 0.842187 0.678125 0.030937 0.048125
13 0.885938 0.678125 0.030937 0.048125
24 0.929688 0.678125 0.030937 0.048125
5 0.054688 0.740625 0.030937 0.048125
16 0.098437 0.740625 0.030937 0.048125
20 0.142187 0.740625 0.030937 0.048125
17 0.185938 0.740625 0.030937 0.048125
11 0.229687 0.740625 0.030937 0.048125
3 0.273438 0.740625 0.030937 0.048125
16 0.317188 0.740625 0.030937 0.048125
10 0.360938 0.740625 0.030937 0.048125
3 0.404687 0.740625 0.030937 0.048125
14 0.448437 0.740625 0.030937 0.048125
3 0.492188 0.740625 0.030937 0.048125
21 0.535937 0.740625 0.030937 0.048125
18 0.579688 0.740625 0.030937 0.048125
4 0.623437 0.740625 0.030937 0.048125
20 0.667188 0.740625 0.030937 0.048125
20 0.710938 0.740625 0.030937 0.048125
16 0.754687 0.740625 0.030937 0.048125
20 0.798438 0.740625 0.030937 0.048125
5 0.842187 0.740625 0.030937 0.048125
7 0.885938 0.740625 0.030937 0.048125
14 0.929688 0.740625 0.030937 0.048125
1 0.054688 0.803125 0.030937 0.048125
12 0.098437 0.803125 0.030937 0.048125
2 0.142187 0.803125 0.030937 0.048125
7 0.185938 0.803125 0.030937 0.048125
14 0.229687 0.803125 0.030937 0.048125
7 0.273438 0.803125 0.030937 0.048125
11 0.317188 0.803125 0.030937 0.048125
24 0.360938 0.803125 0.030937 0.048125
11 0.404687 0.803125 0.030937 0.048125
13 0.448437 0.803125 0.030937 0.048125
4 0.492188 0.803125 0.030937 0.048125
1 0.535937 0.803125 0.030937 0.048125
8 0.579688 0.803125 0.030937 0.048125
16 0.623437 0.803125 0.030937 0.048125
17 0.667188 0.803125 0.030937 0.048125
22 0.710938 0.803125 0.030937 0.048125
17 0.754687 0.803125 0.030937 0.048125
25 0.798438 0.803125 0.030937 0.048125
16 0.842187 0.803125 0.030937 0.048125
22 0.885938 0.803125 0.030937 0.048125
16 0.929688 0.803125 0.030937 0.048125
16 0.054688 0.865625 0.030937 0.048125
7 0.098437 0.865625 0.030937 0.048125
10 0.142187 0.865625 0.030937 0.048125
5 0.185938 0.865625 0.030937 0.048125
10 0.229687 0.865625 0.030937 0.048125
22 0.273438 0.865625 0.030937 0.048125
17 0.317188 0.865625 0.030937 0.048125
6 0.360938 0.865625 0.030937 0.048125
2 0.404687 0.865625 0.030937 0.048125
23 0.448437 0.865625 0.030937 0.048125
25 0.492188 0.865625 0.030937 0.048125
3 0.535937 0.865625 0.030937 0.048125
8 0.579688 0.865625 0.030937 0.048125
14 0.623437 0.865625 0.030937 0.048125
1 0.667188 0.865625 0.030937 0.048125
5 0.710938 0.865625 0.030937 0.048125
12 0.754687 0.865625 0.030937 0.048125
1 0.798438 0.865625 0.030937 0.048125
15 0.842187 0.865625 0.030937 0.048125
5 0.885938 0.865625 0.030937 0.048125
11 0.929688 0.865625 0.030937 0.048125
9 0.054688 0.928125 0.030937 0.048125
20 0.098437 0.928125 0.030937 0.048125
5 0.142187 0.928125 0.030937 0.048125
24 0.185938 0.928125 0.030937 0.048125
21 0.229687 0.928125 0.030937 0.048125
10 0.273438 0.928125 0.030937 0.048125
10 0.317188 0.928125 0.030937 0.048125
23 0.360938 0.928125 0.030937 0.048125
3 0.404687 0.928125 0.030937 0.048125
1 0.448437 0.928125 0.030937 0.048125
3 0.492188 0.928125 0.030937 0.048125
8 0.535937 0.928125 0.030937 0.048125
20 0.579688 0.928125 0.030937 0.048125
21 0.623437 0.928125 0.030937 0.048125
23 0.667188 0.928125 0.030937 0.048125
17 0.710938 0.928125 0.030937 0.048125
10 0.754687 0.928125 0.030937 0.048125
2 0.798438 0.928125 0.030937 0.048125
4 0.842187 0.928125 0.030937 0.048125
16 0.885938 0.928125 0.030937 0.048125
6 0.929688 0.928125 0.030937 0.048125