15 0.101562 0.207813 0.085938 0.134063
0 0.226562 0.207813 0.085938 0.134063
15 0.351562 0.207813 0.085938 0.134063
21 0.476562 0.207813 0.085938 0.134063
8 0.601562 0.207813 0.085938 0.134063
20 0.726562 0.207813 0.085938 0.134063
12 0.851562 0.207813 0.085938 0.134063
24 0.101562 0.384375 0.085938 0.134063
11 0.226562 0.384375 0.085938 0.134063
6 0.351562 0.384375 0.085938 0.134063
25 0.476562 0.384375 0.085938 0.134063
24 0.601562 0.384375 0.085938 0.134063
3 0.726562 0.384375 0.085938 0.134063
7 0.851562 0.384375 0.085938 0.134063
20 0.101562 0.560937 0.085938 0.134063
7 0.226562 0.560937 0.085938 0.134063
17 0.351562 0.560937 0.085938 0.134063
8 0.476562 0.560937 0.085938 0.134063
23 0.601562 0.560937 0.085938 0.134063
10 0.726562 0.560937 0.085938 0.134063
22 0.851562 0.560937 0.085938 0.134063
24 0.101562 0.737500 0.085938 0.134063
17 0.226562 0.737500 0.085938 0.134063
12 0.351562 0.737500 0.085938 0.134063
0 0.476562 0.737500 0.085938 0.134063
15 0.601562 0.737500 0.085938 0.134063
14 0.726562 0.737500 0.085938 0.134063
2 0.851562 0.737500 0.085938 0.134063