3 0.131250 0.189062 0.096250 0.147812
2 0.268750 0.189062 0.096250 0.147812
0 0.406250 0.189062 0.096250 0.147812
9 0.543750 0.189062 0.096250 0.147812
17 0.681250 0.189062 0.096250 0.147812
21 0.818750 0.189062 0.096250 0.147812
14 0.131250 0.378125 0.096250 0.147812
1 0.268750 0.378125 0.096250 0.147812
20 0.406250 0.378125 0.096250 0.147812
8 0.543750 0.378125 0.096250 0.147812
24 0.681250 0.378125 0.096250 0.147812
9 0.818750 0.378125 0.096250 0.147812
22 0.131250 0.567187 0.096250 0.147812
10 0.268750 0.567187 0.096250 0.147812
14 0.406250 0.567187 0.096250 0.147812
3 0.543750 0.567187 0.096250 0.147812
22 0.681250 0.567187 0.096250 0.147812
10 0.818750 0.567187 0.096250 0.147812
17 0.131250 0.756250 0.096250 0.147812
20 0.268750 0.756250 0.096250 0.147812
23 0.406250 0.756250 0.096250 0.147812
6 0.543750 0.756250 0.096250 0.147812
17 0.681250 0.756250 0.096250 0.147812
6 0.818750 0.756250 0.096250 0.147812