1 0.182031 0.171875 0.091094 0.144375
21 0.325781 0.171875 0.091094 0.144375
14 0.469531 0.171875 0.091094 0.144375
3 0.613281 0.171875 0.091094 0.144375
21 0.757031 0.171875 0.091094 0.144375
21 0.182031 0.368750 0.091094 0.144375
12 0.325781 0.368750 0.091094 0.144375
22 0.469531 0.368750 0.091094 0.144375
22 0.613281 0.368750 0.091094 0.144375
5 0.757031 0.368750 0.091094 0.144375
19 0.182031 0.565625 0.091094 0.144375
4 0.325781 0.565625 0.091094 0.144375
22 0.469531 0.565625 0.091094 0.144375
0 0.613281 0.565625 0.091094 0.144375
6 0.757031 0.565625 0.091094 0.144375
17 0.182031 0.762500 0.091094 0.144375
5 0.325781 0.762500 0.091094 0.144375
6 0.469531 0.762500 0.091094 0.144375
19 0.613281 0.762500 0.091094 0.144375
22 0.757031 0.762500 0.091094 0.144375