18 0.131250 0.170313 0.068750 0.110000
19 0.245312 0.170313 0.068750 0.110000
3 0.359375 0.170313 0.068750 0.110000
13 0.473438 0.170313 0.068750 0.110000
25 0.587500 0.170313 0.068750 0.110000
4 0.701562 0.170313 0.068750 0.110000
10 0.815625 0.170313 0.068750 0.110000
22 0.131250 0.321875 0.068750 0.110000
12 0.245312 0.321875 0.068750 0.110000
7 0.359375 0.321875 0.068750 0.110000
6 0.473438 0.321875 0.068750 0.110000
25 0.587500 0.321875 0.068750 0.110000
8 0.701562 0.321875 0.068750 0.110000
3 0.815625 0.321875 0.068750 0.110000
10 0.131250 0.473438 0.068750 0.110000
18 0.245312 0.473438 0.068750 0.110000
10 0.359375 0.473438 0.068750 0.110000
24 0.473438 0.473438 0.068750 0.110000
22 0.587500 0.473438 0.068750 0.110000
5 0.701562 0.473438 0.068750 0.110000
0 0.815625 0.473438 0.068750 0.110000
24 0.131250 0.625000 0.068750 0.110000
24 0.245312 0.625000 0.068750 0.110000
8 0.359375 0.625000 0.068750 0.110000
8 0.473438 0.625000 0.068750 0.110000
6 0.587500 0.625000 0.068750 0.110000
6 0.701562 0.625000 0.068750 0.110000
3 0.815625 0.625000 0.068750 0.110000
12 0.131250 0.776563 0.068750 0.110000
14 0.245312 0.776563 0.068750 0.110000
5 0.359375 0.776563 0.068750 0.110000
24 0.473438 0.776563 0.068750 0.110000
14 0.587500 0.776563 0.068750 0.110000
9 0.701562 0.776563 0.068750 0.110000
0 0.815625 0.776563 0.068750 0.110000