8 0.114062 0.182812 0.089375 0.140937
5 0.235937 0.182812 0.089375 0.140937
16 0.357812 0.182812 0.089375 0.140937
17 0.479687 0.182812 0.089375 0.140937
5 0.601562 0.182812 0.089375 0.140937
8 0.723437 0.182812 0.089375 0.140937
18 0.845313 0.182812 0.089375 0.140937
15 0.114062 0.373437 0.089375 0.140937
16 0.235937 0.373437 0.089375 0.140937
0 0.357812 0.373437 0.089375 0.140937
15 0.479687 0.373437 0.089375 0.140937
14 0.601562 0.373437 0.089375 0.140937
17 0.723437 0.373437 0.089375 0.140937
18 0.845313 0.373437 0.089375 0.140937
0 0.114062 0.564063 0.089375 0.140937
9 0.235937 0.564063 0.089375 0.140937
2 0.357812 0.564063 0.089375 0.140937
25 0.479687 0.564063 0.089375 0.140937
0 0.601562 0.564063 0.089375 0.140937
2 0.723437 0.564063 0.089375 0.140937
21 0.845313 0.564063 0.089375 0.140937
7 0.114062 0.754687 0.089375 0.140937
3 0.235937 0.754687 0.089375 0.140937
15 0.357812 0.754687 0.089375 0.140937
22 0.479687 0.754687 0.089375 0.140937
10 0.601562 0.754687 0.089375 0.140937
14 0.723437 0.754687 0.089375 0.140937
21 0.845313 0.754687 0.089375 0.140937