10 0.185938 0.265625 0.099687 0.154688
6 0.329688 0.265625 0.099687 0.154688
6 0.473438 0.265625 0.099687 0.154688
2 0.617188 0.265625 0.099687 0.154688
5 0.760938 0.265625 0.099687 0.154688
18 0.185938 0.468750 0.099687 0.154688
9 0.329688 0.468750 0.099687 0.154688
23 0.473438 0.468750 0.099687 0.154688
14 0.617188 0.468750 0.099687 0.154688
25 0.760938 0.468750 0.099687 0.154688
15 0.185938 0.671875 0.099687 0.154688
23 0.329688 0.671875 0.099687 0.154688
8 0.473438 0.671875 0.099687 0.154688
10 0.617188 0.671875 0.099687 0.154688
0 0.760938 0.671875 0.099687 0.154688