3 0.151562 0.254688 0.103125 0.161562
3 0.309375 0.254688 0.103125 0.161562
16 0.467187 0.254688 0.103125 0.161562
17 0.625000 0.254688 0.103125 0.161562
17 0.782813 0.254688 0.103125 0.161562
3 0.151562 0.467187 0.103125 0.161562
12 0.309375 0.467187 0.103125 0.161562
8 0.467187 0.467187 0.103125 0.161562
7 0.625000 0.467187 0.103125 0.161562
22 0.782813 0.467187 0.103125 0.161562
0 0.151562 0.679688 0.103125 0.161562
15 0.309375 0.679688 0.103125 0.161562
0 0.467187 0.679688 0.103125 0.161562
23 0.625000 0.679688 0.103125 0.161562
2 0.782813 0.679688 0.103125 0.161562