17 0.153125 0.248438 0.096250 0.154688
24 0.309375 0.248438 0.096250 0.154688
17 0.465625 0.248438 0.096250 0.154688
2 0.621875 0.248438 0.096250 0.154688
14 0.778125 0.248438 0.096250 0.154688
10 0.153125 0.462500 0.096250 0.154688
22 0.309375 0.462500 0.096250 0.154688
22 0.465625 0.462500 0.096250 0.154688
3 0.621875 0.462500 0.096250 0.154688
22 0.778125 0.462500 0.096250 0.154688
15 0.153125 0.676562 0.096250 0.154688
24 0.309375 0.676562 0.096250 0.154688
19 0.465625 0.676562 0.096250 0.154688
10 0.621875 0.676562 0.096250 0.154688
9 0.778125 0.676562 0.096250 0.154688