6 0.135937 0.220312 0.110000 0.175313
4 0.301563 0.220312 0.110000 0.175313
1 0.467187 0.220312 0.110000 0.175313
12 0.632812 0.220312 0.110000 0.175313
9 0.798438 0.220312 0.110000 0.175313
19 0.135937 0.459375 0.110000 0.175313
7 0.301563 0.459375 0.110000 0.175313
11 0.467187 0.459375 0.110000 0.175313
21 0.632812 0.459375 0.110000 0.175313
14 0.798438 0.459375 0.110000 0.175313
20 0.135937 0.698438 0.110000 0.175313
19 0.301563 0.698438 0.110000 0.175313
2 0.467187 0.698438 0.110000 0.175313
25 0.632812 0.698438 0.110000 0.175313
10 0.798438 0.698438 0.110000 0.175313