25 0.149219 0.240625 0.097969 0.158125
10 0.307031 0.240625 0.097969 0.158125
15 0.464844 0.240625 0.097969 0.158125
9 0.622656 0.240625 0.097969 0.158125
18 0.780469 0.240625 0.097969 0.158125
2 0.149219 0.460938 0.097969 0.158125
15 0.307031 0.460938 0.097969 0.158125
24 0.464844 0.460938 0.097969 0.158125
8 0.622656 0.460938 0.097969 0.158125
10 0.780469 0.460938 0.097969 0.158125
21 0.149219 0.681250 0.097969 0.158125
25 0.307031 0.681250 0.097969 0.158125
12 0.464844 0.681250 0.097969 0.158125
14 0.622656 0.681250 0.097969 0.158125
21 0.780469 0.681250 0.097969 0.158125