20 0.186719 0.237500 0.101406 0.161562
17 0.330469 0.237500 0.101406 0.161562
15 0.474219 0.237500 0.101406 0.161562
17 0.617969 0.237500 0.101406 0.161562
2 0.761719 0.237500 0.101406 0.161562
4 0.186719 0.460938 0.101406 0.161562
25 0.330469 0.460938 0.101406 0.161562
0 0.474219 0.460938 0.101406 0.161562
24 0.617969 0.460938 0.101406 0.161562
15 0.761719 0.460938 0.101406 0.161562
8 0.186719 0.684375 0.101406 0.161562
19 0.330469 0.684375 0.101406 0.161562
1 0.474219 0.684375 0.101406 0.161562
23 0.617969 0.684375 0.101406 0.161562
8 0.761719 0.684375 0.101406 0.161562