4 0.137500 0.239063 0.106563 0.168437
4 0.301563 0.239063 0.106563 0.168437
8 0.465625 0.239063 0.106563 0.168437
1 0.629687 0.239063 0.106563 0.168437
11 0.793750 0.239063 0.106563 0.168437
25 0.137500 0.464062 0.106563 0.168437
16 0.301563 0.464062 0.106563 0.168437
25 0.465625 0.464062 0.106563 0.168437
4 0.629687 0.464062 0.106563 0.168437
6 0.793750 0.464062 0.106563 0.168437
13 0.137500 0.689063 0.106563 0.168437
8 0.301563 0.689063 0.106563 0.168437
19 0.465625 0.689063 0.106563 0.168437
4 0.629687 0.689063 0.106563 0.168437
10 0.793750 0.689063 0.106563 0.168437