8 0.138281 0.175000 0.091094 0.144375
2 0.272656 0.175000 0.091094 0.144375
1 0.407031 0.175000 0.091094 0.144375
22 0.541406 0.175000 0.091094 0.144375
9 0.675781 0.175000 0.091094 0.144375
15 0.810156 0.175000 0.091094 0.144375
1 0.138281 0.370312 0.091094 0.144375
25 0.272656 0.370312 0.091094 0.144375
17 0.407031 0.370312 0.091094 0.144375
18 0.541406 0.370312 0.091094 0.144375
5 0.675781 0.370312 0.091094 0.144375
19 0.810156 0.370312 0.091094 0.144375
13 0.138281 0.565625 0.091094 0.144375
10 0.272656 0.565625 0.091094 0.144375
25 0.407031 0.565625 0.091094 0.144375
5 0.541406 0.565625 0.091094 0.144375
17 0.675781 0.565625 0.091094 0.144375
18 0.810156 0.565625 0.091094 0.144375
7 0.138281 0.760938 0.091094 0.144375
19 0.272656 0.760938 0.091094 0.144375
9 0.407031 0.760938 0.091094 0.144375
20 0.541406 0.760938 0.091094 0.144375
2 0.675781 0.760938 0.091094 0.144375
15 0.810156 0.760938 0.091094 0.144375