22 0.109375 0.148438 0.075625 0.120313
10 0.215625 0.148438 0.075625 0.120313
6 0.321875 0.148438 0.075625 0.120313
6 0.428125 0.148438 0.075625 0.120313
24 0.534375 0.148438 0.075625 0.120313
0 0.640625 0.148438 0.075625 0.120313
2 0.746875 0.148438 0.075625 0.120313
9 0.853125 0.148438 0.075625 0.120313
18 0.109375 0.310937 0.075625 0.120313
23 0.215625 0.310937 0.075625 0.120313
2 0.321875 0.310937 0.075625 0.120313
5 0.428125 0.310937 0.075625 0.120313
19 0.534375 0.310937 0.075625 0.120313
0 0.640625 0.310937 0.075625 0.120313
16 0.746875 0.310937 0.075625 0.120313
10 0.853125 0.310937 0.075625 0.120313
6 0.109375 0.473438 0.075625 0.120313
15 0.215625 0.473438 0.075625 0.120313
13 0.321875 0.473438 0.075625 0.120313
21 0.428125 0.473438 0.075625 0.120313
7 0.534375 0.473438 0.075625 0.120313
23 0.640625 0.473438 0.075625 0.120313
6 0.746875 0.473438 0.075625 0.120313
20 0.853125 0.473438 0.075625 0.120313
14 0.109375 0.635938 0.075625 0.120313
9 0.215625 0.635938 0.075625 0.120313
18 0.321875 0.635938 0.075625 0.120313
6 0.428125 0.635938 0.075625 0.120313
16 0.534375 0.635938 0.075625 0.120313
12 0.640625 0.635938 0.075625 0.120313
5 0.746875 0.635938 0.075625 0.120313
1 0.853125 0.635938 0.075625 0.120313
23 0.109375 0.798438 0.075625 0.120313
21 0.215625 0.798438 0.075625 0.120313
25 0.321875 0.798438 0.075625 0.120313
24 0.428125 0.798438 0.075625 0.120313
25 0.534375 0.798438 0.075625 0.120313
4 0.640625 0.798438 0.075625 0.120313
18 0.746875 0.798438 0.075625 0.120313
15 0.853125 0.798438 0.075625 0.120313