9 0.108594 0.176563 0.101406 0.154688
25 0.233594 0.176563 0.101406 0.154688
4 0.358594 0.176563 0.101406 0.154688
8 0.483594 0.176563 0.101406 0.154688
10 0.608594 0.176563 0.101406 0.154688
22 0.733594 0.176563 0.101406 0.154688
25 0.858594 0.176563 0.101406 0.154688
4 0.108594 0.373437 0.101406 0.154688
11 0.233594 0.373437 0.101406 0.154688
8 0.358594 0.373437 0.101406 0.154688
24 0.483594 0.373437 0.101406 0.154688
1 0.608594 0.373437 0.101406 0.154688
10 0.733594 0.373437 0.101406 0.154688
3 0.858594 0.373437 0.101406 0.154688
9 0.108594 0.570312 0.101406 0.154688
10 0.233594 0.570312 0.101406 0.154688
24 0.358594 0.570312 0.101406 0.154688
9 0.483594 0.570312 0.101406 0.154688
7 0.608594 0.570312 0.101406 0.154688
16 0.733594 0.570312 0.101406 0.154688
22 0.858594 0.570312 0.101406 0.154688
18 0.108594 0.767188 0.101406 0.154688
11 0.233594 0.767188 0.101406 0.154688
8 0.358594 0.767188 0.101406 0.154688
22 0.483594 0.767188 0.101406 0.154688
8 0.608594 0.767188 0.101406 0.154688
9 0.733594 0.767188 0.101406 0.154688
25 0.858594 0.767188 0.101406 0.154688