17 0.097656 0.187500 0.063594 0.103125
9 0.205469 0.187500 0.063594 0.103125
22 0.313281 0.187500 0.063594 0.103125
22 0.421094 0.187500 0.063594 0.103125
14 0.528906 0.187500 0.063594 0.103125
24 0.636719 0.187500 0.063594 0.103125
5 0.744531 0.187500 0.063594 0.103125
8 0.852344 0.187500 0.063594 0.103125
3 0.097656 0.331250 0.063594 0.103125
12 0.205469 0.331250 0.063594 0.103125
14 0.313281 0.331250 0.063594 0.103125
25 0.421094 0.331250 0.063594 0.103125
16 0.528906 0.331250 0.063594 0.103125
5 0.636719 0.331250 0.063594 0.103125
10 0.744531 0.331250 0.063594 0.103125
20 0.852344 0.331250 0.063594 0.103125
9 0.097656 0.475000 0.063594 0.103125
4 0.205469 0.475000 0.063594 0.103125
12 0.313281 0.475000 0.063594 0.103125
13 0.421094 0.475000 0.063594 0.103125
3 0.528906 0.475000 0.063594 0.103125
8 0.636719 0.475000 0.063594 0.103125
5 0.744531 0.475000 0.063594 0.103125
2 0.852344 0.475000 0.063594 0.103125
18 0.097656 0.618750 0.063594 0.103125
9 0.205469 0.618750 0.063594 0.103125
21 0.313281 0.618750 0.063594 0.103125
0 0.421094 0.618750 0.063594 0.103125
8 0.528906 0.618750 0.063594 0.103125
8 0.636719 0.618750 0.063594 0.103125
10 0.744531 0.618750 0.063594 0.103125
21 0.852344 0.618750 0.063594 0.103125
19 0.097656 0.762500 0.063594 0.103125
18 0.205469 0.762500 0.063594 0.103125
24 0.313281 0.762500 0.063594 0.103125
7 0.421094 0.762500 0.063594 0.103125
10 0.528906 0.762500 0.063594 0.103125
3 0.636719 0.762500 0.063594 0.103125
20 0.744531 0.762500 0.063594 0.103125
0 0.852344 0.762500 0.063594 0.103125