5 0.097656 0.159375 0.077344 0.120313
16 0.207031 0.159375 0.077344 0.120313
25 0.316406 0.159375 0.077344 0.120313
17 0.425781 0.159375 0.077344 0.120313
9 0.535156 0.159375 0.077344 0.120313
3 0.644531 0.159375 0.077344 0.120313
25 0.753906 0.159375 0.077344 0.120313
13 0.863281 0.159375 0.077344 0.120313
2 0.097656 0.317188 0.077344 0.120313
1 0.207031 0.317188 0.077344 0.120313
9 0.316406 0.317188 0.077344 0.120313
4 0.425781 0.317188 0.077344 0.120313
10 0.535156 0.317188 0.077344 0.120313
15 0.644531 0.317188 0.077344 0.120313
7 0.753906 0.317188 0.077344 0.120313
8 0.863281 0.317188 0.077344 0.120313
7 0.097656 0.475000 0.077344 0.120313
12 0.207031 0.475000 0.077344 0.120313
18 0.316406 0.475000 0.077344 0.120313
18 0.425781 0.475000 0.077344 0.120313
6 0.535156 0.475000 0.077344 0.120313
7 0.644531 0.475000 0.077344 0.120313
24 0.753906 0.475000 0.077344 0.120313
9 0.863281 0.475000 0.077344 0.120313
3 0.097656 0.632812 0.077344 0.120313
21 0.207031 0.632812 0.077344 0.120313
24 0.316406 0.632812 0.077344 0.120313
20 0.425781 0.632812 0.077344 0.120313
12 0.535156 0.632812 0.077344 0.120313
4 0.644531 0.632812 0.077344 0.120313
16 0.753906 0.632812 0.077344 0.120313
20 0.863281 0.632812 0.077344 0.120313
6 0.097656 0.790625 0.077344 0.120313
18 0.207031 0.790625 0.077344 0.120313
21 0.316406 0.790625 0.077344 0.120313
1 0.425781 0.790625 0.077344 0.120313
3 0.535156 0.790625 0.077344 0.120313
21 0.644531 0.790625 0.077344 0.120313
23 0.753906 0.790625 0.077344 0.120313
21 0.863281 0.790625 0.077344 0.120313