11 0.143750 0.209375 0.082500 0.130625
2 0.256250 0.209375 0.082500 0.130625
12 0.368750 0.209375 0.082500 0.130625
23 0.481250 0.209375 0.082500 0.130625
11 0.593750 0.209375 0.082500 0.130625
3 0.706250 0.209375 0.082500 0.130625
20 0.818750 0.209375 0.082500 0.130625
19 0.143750 0.384375 0.082500 0.130625
24 0.256250 0.384375 0.082500 0.130625
15 0.368750 0.384375 0.082500 0.130625
24 0.481250 0.384375 0.082500 0.130625
25 0.593750 0.384375 0.082500 0.130625
9 0.706250 0.384375 0.082500 0.130625
7 0.818750 0.384375 0.082500 0.130625
4 0.143750 0.559375 0.082500 0.130625
11 0.256250 0.559375 0.082500 0.130625
25 0.368750 0.559375 0.082500 0.130625
20 0.481250 0.559375 0.082500 0.130625
11 0.593750 0.559375 0.082500 0.130625
25 0.706250 0.559375 0.082500 0.130625
15 0.818750 0.559375 0.082500 0.130625
1 0.143750 0.734375 0.082500 0.130625
6 0.256250 0.734375 0.082500 0.130625
10 0.368750 0.734375 0.082500 0.130625
15 0.481250 0.734375 0.082500 0.130625
18 0.593750 0.734375 0.082500 0.130625
9 0.706250 0.734375 0.082500 0.130625
6 0.818750 0.734375 0.082500 0.130625