10 0.123438 0.189062 0.089375 0.140937
19 0.262500 0.189062 0.089375 0.140937
23 0.401562 0.189062 0.089375 0.140937
23 0.540625 0.189062 0.089375 0.140937
1 0.679688 0.189062 0.089375 0.140937
10 0.818750 0.189062 0.089375 0.140937
22 0.123438 0.376563 0.089375 0.140937
8 0.262500 0.376563 0.089375 0.140937
16 0.401562 0.376563 0.089375 0.140937
3 0.540625 0.376563 0.089375 0.140937
23 0.679688 0.376563 0.089375 0.140937
6 0.818750 0.376563 0.089375 0.140937
21 0.123438 0.564063 0.089375 0.140937
16 0.262500 0.564063 0.089375 0.140937
12 0.401562 0.564063 0.089375 0.140937
12 0.540625 0.564063 0.089375 0.140937
23 0.679688 0.564063 0.089375 0.140937
3 0.818750 0.564063 0.089375 0.140937
6 0.123438 0.751563 0.089375 0.140937
4 0.262500 0.751563 0.089375 0.140937
16 0.401562 0.751563 0.089375 0.140937
14 0.540625 0.751563 0.089375 0.140937
15 0.679688 0.751563 0.089375 0.140937
7 0.818750 0.751563 0.089375 0.140937