20 0.121875 0.253125 0.106563 0.165000
25 0.264062 0.253125 0.106563 0.165000
22 0.406250 0.253125 0.106563 0.165000
2 0.548438 0.253125 0.106563 0.165000
7 0.690625 0.253125 0.106563 0.165000
3 0.832812 0.253125 0.106563 0.165000
23 0.121875 0.467187 0.106563 0.165000
21 0.264062 0.467187 0.106563 0.165000
0 0.406250 0.467187 0.106563 0.165000
8 0.548438 0.467187 0.106563 0.165000
10 0.690625 0.467187 0.106563 0.165000
6 0.832812 0.467187 0.106563 0.165000
19 0.121875 0.681250 0.106563 0.165000
7 0.264062 0.681250 0.106563 0.165000
0 0.406250 0.681250 0.106563 0.165000
19 0.548438 0.681250 0.106563 0.165000
23 0.690625 0.681250 0.106563 0.165000
16 0.832812 0.681250 0.106563 0.165000