14 0.160156 0.229687 0.111719 0.175313
12 0.316406 0.229687 0.111719 0.175313
6 0.472656 0.229687 0.111719 0.175313
13 0.628906 0.229687 0.111719 0.175313
21 0.785156 0.229687 0.111719 0.175313
19 0.160156 0.462500 0.111719 0.175313
3 0.316406 0.462500 0.111719 0.175313
4 0.472656 0.462500 0.111719 0.175313
25 0.628906 0.462500 0.111719 0.175313
23 0.785156 0.462500 0.111719 0.175313
14 0.160156 0.695312 0.111719 0.175313
1 0.316406 0.695312 0.111719 0.175313
17 0.472656 0.695312 0.111719 0.175313
10 0.628906 0.695312 0.111719 0.175313
16 0.785156 0.695312 0.111719 0.175313