13 0.104688 0.185938 0.082500 0.134063
20 0.228125 0.185938 0.082500 0.134063
23 0.351562 0.185938 0.082500 0.134063
2 0.475000 0.185938 0.082500 0.134063
24 0.598437 0.185938 0.082500 0.134063
14 0.721875 0.185938 0.082500 0.134063
18 0.845313 0.185938 0.082500 0.134063
23 0.104688 0.373437 0.082500 0.134063
19 0.228125 0.373437 0.082500 0.134063
8 0.351562 0.373437 0.082500 0.134063
6 0.475000 0.373437 0.082500 0.134063
18 0.598437 0.373437 0.082500 0.134063
7 0.721875 0.373437 0.082500 0.134063
0 0.845313 0.373437 0.082500 0.134063
2 0.104688 0.560937 0.082500 0.134063
6 0.228125 0.560937 0.082500 0.134063
0 0.351562 0.560937 0.082500 0.134063
5 0.475000 0.560937 0.082500 0.134063
0 0.598437 0.560937 0.082500 0.134063
20 0.721875 0.560937 0.082500 0.134063
12 0.845313 0.560937 0.082500 0.134063
2 0.104688 0.748437 0.082500 0.134063
0 0.228125 0.748437 0.082500 0.134063
1 0.351562 0.748437 0.082500 0.134063
13 0.475000 0.748437 0.082500 0.134063
7 0.598437 0.748437 0.082500 0.134063
5 0.721875 0.748437 0.082500 0.134063
10 0.845313 0.748437 0.082500 0.134063