13 0.098437 0.201563 0.079063 0.127188
24 0.223438 0.201563 0.079063 0.127188
4 0.348438 0.201563 0.079063 0.127188
8 0.473438 0.201563 0.079063 0.127188
25 0.598437 0.201563 0.079063 0.127188
5 0.723437 0.201563 0.079063 0.127188
24 0.848437 0.201563 0.079063 0.127188
14 0.098437 0.379688 0.079063 0.127188
13 0.223438 0.379688 0.079063 0.127188
17 0.348438 0.379688 0.079063 0.127188
6 0.473438 0.379688 0.079063 0.127188
25 0.598437 0.379688 0.079063 0.127188
0 0.723437 0.379688 0.079063 0.127188
7 0.848437 0.379688 0.079063 0.127188
21 0.098437 0.557813 0.079063 0.127188
14 0.223438 0.557813 0.079063 0.127188
9 0.348438 0.557813 0.079063 0.127188
22 0.473438 0.557813 0.079063 0.127188
16 0.598437 0.557813 0.079063 0.127188
24 0.723437 0.557813 0.079063 0.127188
23 0.848437 0.557813 0.079063 0.127188
9 0.098437 0.735938 0.079063 0.127188
1 0.223438 0.735938 0.079063 0.127188
7 0.348438 0.735938 0.079063 0.127188
25 0.473438 0.735938 0.079063 0.127188
21 0.598437 0.735938 0.079063 0.127188
3 0.723437 0.735938 0.079063 0.127188
18 0.848437 0.735938 0.079063 0.127188