5 0.085938 0.168750 0.065312 0.106563
3 0.196875 0.168750 0.065312 0.106563
4 0.307812 0.168750 0.065312 0.106563
22 0.418750 0.168750 0.065312 0.106563
4 0.529687 0.168750 0.065312 0.106563
13 0.640625 0.168750 0.065312 0.106563
2 0.751563 0.168750 0.065312 0.106563
5 0.862500 0.168750 0.065312 0.106563
5 0.085938 0.320312 0.065312 0.106563
18 0.196875 0.320312 0.065312 0.106563
22 0.307812 0.320312 0.065312 0.106563
8 0.418750 0.320312 0.065312 0.106563
8 0.529687 0.320312 0.065312 0.106563
15 0.640625 0.320312 0.065312 0.106563
9 0.751563 0.320312 0.065312 0.106563
15 0.862500 0.320312 0.065312 0.106563
11 0.085938 0.471875 0.065312 0.106563
17 0.196875 0.471875 0.065312 0.106563
25 0.307812 0.471875 0.065312 0.106563
4 0.418750 0.471875 0.065312 0.106563
10 0.529687 0.471875 0.065312 0.106563
17 0.640625 0.471875 0.065312 0.106563
6 0.751563 0.471875 0.065312 0.106563
25 0.862500 0.471875 0.065312 0.106563
7 0.085938 0.623437 0.065312 0.106563
22 0.196875 0.623437 0.065312 0.106563
4 0.307812 0.623437 0.065312 0.106563
16 0.418750 0.623437 0.065312 0.106563
5 0.529687 0.623437 0.065312 0.106563
16 0.640625 0.623437 0.065312 0.106563
25 0.751563 0.623437 0.065312 0.106563
16 0.862500 0.623437 0.065312 0.106563
3 0.085938 0.775000 0.065312 0.106563
11 0.196875 0.775000 0.065312 0.106563
8 0.307812 0.775000 0.065312 0.106563
17 0.418750 0.775000 0.065312 0.106563
7 0.529687 0.775000 0.065312 0.106563
6 0.640625 0.775000 0.065312 0.106563
17 0.751563 0.775000 0.065312 0.106563
25 0.862500 0.775000 0.065312 0.106563