23 0.094531 0.221875 0.084219 0.130625
18 0.205469 0.221875 0.084219 0.130625
19 0.316406 0.221875 0.084219 0.130625
23 0.427344 0.221875 0.084219 0.130625
2 0.538281 0.221875 0.084219 0.130625
13 0.649219 0.221875 0.084219 0.130625
21 0.760156 0.221875 0.084219 0.130625
25 0.871094 0.221875 0.084219 0.130625
3 0.094531 0.390625 0.084219 0.130625
10 0.205469 0.390625 0.084219 0.130625
5 0.316406 0.390625 0.084219 0.130625
9 0.427344 0.390625 0.084219 0.130625
6 0.538281 0.390625 0.084219 0.130625
12 0.649219 0.390625 0.084219 0.130625
2 0.760156 0.390625 0.084219 0.130625
1 0.871094 0.390625 0.084219 0.130625
16 0.094531 0.559375 0.084219 0.130625
3 0.205469 0.559375 0.084219 0.130625
17 0.316406 0.559375 0.084219 0.130625
10 0.427344 0.559375 0.084219 0.130625
12 0.538281 0.559375 0.084219 0.130625
23 0.649219 0.559375 0.084219 0.130625
17 0.760156 0.559375 0.084219 0.130625
2 0.871094 0.559375 0.084219 0.130625
23 0.094531 0.728125 0.084219 0.130625
22 0.205469 0.728125 0.084219 0.130625
5 0.316406 0.728125 0.084219 0.130625
0 0.427344 0.728125 0.084219 0.130625
23 0.538281 0.728125 0.084219 0.130625
23 0.649219 0.728125 0.084219 0.130625
16 0.760156 0.728125 0.084219 0.130625
20 0.871094 0.728125 0.084219 0.130625