7 0.105469 0.173437 0.094531 0.147812
25 0.230469 0.173437 0.094531 0.147812
0 0.355469 0.173437 0.094531 0.147812
20 0.480469 0.173437 0.094531 0.147812
4 0.605469 0.173437 0.094531 0.147812
3 0.730469 0.173437 0.094531 0.147812
18 0.855469 0.173437 0.094531 0.147812
17 0.105469 0.370312 0.094531 0.147812
2 0.230469 0.370312 0.094531 0.147812
11 0.355469 0.370312 0.094531 0.147812
11 0.480469 0.370312 0.094531 0.147812
12 0.605469 0.370312 0.094531 0.147812
6 0.730469 0.370312 0.094531 0.147812
0 0.855469 0.370312 0.094531 0.147812
19 0.105469 0.567187 0.094531 0.147812
1 0.230469 0.567187 0.094531 0.147812
15 0.355469 0.567187 0.094531 0.147812
9 0.480469 0.567187 0.094531 0.147812
1 0.605469 0.567187 0.094531 0.147812
0 0.730469 0.567187 0.094531 0.147812
8 0.855469 0.567187 0.094531 0.147812
5 0.105469 0.764062 0.094531 0.147812
21 0.230469 0.764062 0.094531 0.147812
23 0.355469 0.764062 0.094531 0.147812
21 0.480469 0.764062 0.094531 0.147812
9 0.605469 0.764062 0.094531 0.147812
0 0.730469 0.764062 0.094531 0.147812
9 0.855469 0.764062 0.094531 0.147812