3 0.115625 0.259375 0.092812 0.147812
22 0.257812 0.259375 0.092812 0.147812
1 0.400000 0.259375 0.092812 0.147812
21 0.542188 0.259375 0.092812 0.147812
22 0.684375 0.259375 0.092812 0.147812
3 0.826562 0.259375 0.092812 0.147812
0 0.115625 0.464062 0.092812 0.147812
7 0.257812 0.464062 0.092812 0.147812
16 0.400000 0.464062 0.092812 0.147812
17 0.542188 0.464062 0.092812 0.147812
22 0.684375 0.464062 0.092812 0.147812
7 0.826562 0.464062 0.092812 0.147812
3 0.115625 0.668750 0.092812 0.147812
12 0.257812 0.668750 0.092812 0.147812
10 0.400000 0.668750 0.092812 0.147812
19 0.542188 0.668750 0.092812 0.147812
8 0.684375 0.668750 0.092812 0.147812
13 0.826562 0.668750 0.092812 0.147812