17 0.135156 0.223438 0.087656 0.134063
24 0.250781 0.223438 0.087656 0.134063
5 0.366406 0.223438 0.087656 0.134063
0 0.482031 0.223438 0.087656 0.134063
3 0.597656 0.223438 0.087656 0.134063
9 0.713281 0.223438 0.087656 0.134063
12 0.828906 0.223438 0.087656 0.134063
13 0.135156 0.392188 0.087656 0.134063
23 0.250781 0.392188 0.087656 0.134063
18 0.366406 0.392188 0.087656 0.134063
15 0.482031 0.392188 0.087656 0.134063
12 0.597656 0.392188 0.087656 0.134063
24 0.713281 0.392188 0.087656 0.134063
18 0.828906 0.392188 0.087656 0.134063
15 0.135156 0.560937 0.087656 0.134063
13 0.250781 0.560937 0.087656 0.134063
11 0.366406 0.560937 0.087656 0.134063
13 0.482031 0.560937 0.087656 0.134063
14 0.597656 0.560937 0.087656 0.134063
6 0.713281 0.560937 0.087656 0.134063
6 0.828906 0.560937 0.087656 0.134063
25 0.135156 0.729688 0.087656 0.134063
15 0.250781 0.729688 0.087656 0.134063
6 0.366406 0.729688 0.087656 0.134063
11 0.482031 0.729688 0.087656 0.134063
0 0.597656 0.729688 0.087656 0.134063
24 0.713281 0.729688 0.087656 0.134063
10 0.828906 0.729688 0.087656 0.134063