0 0.150000 0.231250 0.106563 0.168437
22 0.309375 0.231250 0.106563 0.168437
22 0.468750 0.231250 0.106563 0.168437
5 0.628125 0.231250 0.106563 0.168437
2 0.787500 0.231250 0.106563 0.168437
14 0.150000 0.460938 0.106563 0.168437
5 0.309375 0.460938 0.106563 0.168437
2 0.468750 0.460938 0.106563 0.168437
5 0.628125 0.460938 0.106563 0.168437
22 0.787500 0.460938 0.106563 0.168437
8 0.150000 0.690625 0.106563 0.168437
19 0.309375 0.690625 0.106563 0.168437
20 0.468750 0.690625 0.106563 0.168437
20 0.628125 0.690625 0.106563 0.168437
14 0.787500 0.690625 0.106563 0.168437