23 0.179688 0.264062 0.103125 0.158125
3 0.326562 0.264062 0.103125 0.158125
8 0.473438 0.264062 0.103125 0.158125
23 0.620313 0.264062 0.103125 0.158125
6 0.767188 0.264062 0.103125 0.158125
7 0.179688 0.468750 0.103125 0.158125
9 0.326562 0.468750 0.103125 0.158125
2 0.473438 0.468750 0.103125 0.158125
18 0.620313 0.468750 0.103125 0.158125
25 0.767188 0.468750 0.103125 0.158125
22 0.179688 0.673438 0.103125 0.158125
1 0.326562 0.673438 0.103125 0.158125
6 0.473438 0.673438 0.103125 0.158125
10 0.620313 0.673438 0.103125 0.158125
15 0.767188 0.673438 0.103125 0.158125