20 0.128125 0.262500 0.099687 0.154688
19 0.267188 0.262500 0.099687 0.154688
23 0.406250 0.262500 0.099687 0.154688
11 0.545312 0.262500 0.099687 0.154688
9 0.684375 0.262500 0.099687 0.154688
22 0.823438 0.262500 0.099687 0.154688
1 0.128125 0.467187 0.099687 0.154688
11 0.267188 0.467187 0.099687 0.154688
20 0.406250 0.467187 0.099687 0.154688
19 0.545312 0.467187 0.099687 0.154688
0 0.684375 0.467187 0.099687 0.154688
9 0.823438 0.467187 0.099687 0.154688
21 0.128125 0.671875 0.099687 0.154688
0 0.267188 0.671875 0.099687 0.154688
23 0.406250 0.671875 0.099687 0.154688
2 0.545312 0.671875 0.099687 0.154688
23 0.684375 0.671875 0.099687 0.154688
2 0.823438 0.671875 0.099687 0.154688