15 0.154688 0.187500 0.085938 0.137500
4 0.282813 0.187500 0.085938 0.137500
15 0.410938 0.187500 0.085938 0.137500
2 0.539062 0.187500 0.085938 0.137500
15 0.667188 0.187500 0.085938 0.137500
2 0.795312 0.187500 0.085938 0.137500
5 0.154688 0.375000 0.085938 0.137500
10 0.282813 0.375000 0.085938 0.137500
18 0.410938 0.375000 0.085938 0.137500
25 0.539062 0.375000 0.085938 0.137500
23 0.667188 0.375000 0.085938 0.137500
3 0.795312 0.375000 0.085938 0.137500
20 0.154688 0.562500 0.085938 0.137500
4 0.282813 0.562500 0.085938 0.137500
0 0.410938 0.562500 0.085938 0.137500
9 0.539062 0.562500 0.085938 0.137500
3 0.667188 0.562500 0.085938 0.137500
14 0.795312 0.562500 0.085938 0.137500
4 0.154688 0.750000 0.085938 0.137500
13 0.282813 0.750000 0.085938 0.137500
14 0.410938 0.750000 0.085938 0.137500
4 0.539062 0.750000 0.085938 0.137500
20 0.667188 0.750000 0.085938 0.137500
13 0.795312 0.750000 0.085938 0.137500