5 0.095312 0.151562 0.055000 0.089375
1 0.181250 0.151562 0.055000 0.089375
6 0.267188 0.151562 0.055000 0.089375
17 0.353125 0.151562 0.055000 0.089375
10 0.439063 0.151562 0.055000 0.089375
9 0.525000 0.151562 0.055000 0.089375
24 0.610938 0.151562 0.055000 0.089375
18 0.696875 0.151562 0.055000 0.089375
12 0.782813 0.151562 0.055000 0.089375
10 0.868750 0.151562 0.055000 0.089375
2 0.095312 0.281250 0.055000 0.089375
15 0.181250 0.281250 0.055000 0.089375
8 0.267188 0.281250 0.055000 0.089375
7 0.353125 0.281250 0.055000 0.089375
19 0.439063 0.281250 0.055000 0.089375
20 0.525000 0.281250 0.055000 0.089375
1 0.610938 0.281250 0.055000 0.089375
18 0.696875 0.281250 0.055000 0.089375
5 0.782813 0.281250 0.055000 0.089375
11 0.868750 0.281250 0.055000 0.089375
16 0.095312 0.410938 0.055000 0.089375
19 0.181250 0.410938 0.055000 0.089375
1 0.267188 0.410938 0.055000 0.089375
9 0.353125 0.410938 0.055000 0.089375
1 0.439063 0.410938 0.055000 0.089375
18 0.525000 0.410938 0.055000 0.089375
14 0.610938 0.410938 0.055000 0.089375
13 0.696875 0.410938 0.055000 0.089375
7 0.782813 0.410938 0.055000 0.089375
20 0.868750 0.410938 0.055000 0.089375
17 0.095312 0.540625 0.055000 0.089375
10 0.181250 0.540625 0.055000 0.089375
2 0.267188 0.540625 0.055000 0.089375
23 0.353125 0.540625 0.055000 0.089375
24 0.439063 0.540625 0.055000 0.089375
7 0.525000 0.540625 0.055000 0.089375
10 0.610938 0.540625 0.055000 0.089375
17 0.696875 0.540625 0.055000 0.089375
17 0.782813 0.540625 0.055000 0.089375
20 0.868750 0.540625 0.055000 0.089375
14 0.095312 0.670312 0.055000 0.089375
4 0.181250 0.670312 0.055000 0.089375
19 0.267188 0.670312 0.055000 0.089375
20 0.353125 0.670312 0.055000 0.089375
13 0.439063 0.670312 0.055000 0.089375
5 0.525000 0.670312 0.055000 0.089375
14 0.610938 0.670312 0.055000 0.089375
6 0.696875 0.670312 0.055000 0.089375
6 0.782813 0.670312 0.055000 0.089375
6 0.868750 0.670312 0.055000 0.089375
15 0.095312 0.800000 0.055000 0.089375
24 0.181250 0.800000 0.055000 0.089375
25 0.267188 0.800000 0.055000 0.089375
14 0.353125 0.800000 0.055000 0.089375
20 0.439063 0.800000 0.055000 0.089375
1 0.525000 0.800000 0.055000 0.089375
11 0.610938 0.800000 0.055000 0.089375
20 0.696875 0.800000 0.055000 0.089375
25 0.782813 0.800000 0.055000 0.089375
25 0.868750 0.800000 0.055000 0.089375