17 0.134375 0.220312 0.075625 0.120313
8 0.248438 0.220312 0.075625 0.120313
19 0.362500 0.220312 0.075625 0.120313
6 0.476562 0.220312 0.075625 0.120313
16 0.590625 0.220312 0.075625 0.120313
7 0.704688 0.220312 0.075625 0.120313
7 0.818750 0.220312 0.075625 0.120313
25 0.134375 0.387500 0.075625 0.120313
1 0.248438 0.387500 0.075625 0.120313
2 0.362500 0.387500 0.075625 0.120313
25 0.476562 0.387500 0.075625 0.120313
4 0.590625 0.387500 0.075625 0.120313
14 0.704688 0.387500 0.075625 0.120313
20 0.818750 0.387500 0.075625 0.120313
25 0.134375 0.554688 0.075625 0.120313
7 0.248438 0.554688 0.075625 0.120313
25 0.362500 0.554688 0.075625 0.120313
14 0.476562 0.554688 0.075625 0.120313
15 0.590625 0.554688 0.075625 0.120313
25 0.704688 0.554688 0.075625 0.120313
16 0.818750 0.554688 0.075625 0.120313
16 0.134375 0.721875 0.075625 0.120313
12 0.248438 0.721875 0.075625 0.120313
23 0.362500 0.721875 0.075625 0.120313
11 0.476562 0.721875 0.075625 0.120313
13 0.590625 0.721875 0.075625 0.120313
15 0.704688 0.721875 0.075625 0.120313
18 0.818750 0.721875 0.075625 0.120313