10 0.139063 0.267188 0.103125 0.158125
3 0.275000 0.267188 0.103125 0.158125
0 0.410938 0.267188 0.103125 0.158125
23 0.546875 0.267188 0.103125 0.158125
5 0.682813 0.267188 0.103125 0.158125
3 0.818750 0.267188 0.103125 0.158125
13 0.139063 0.470313 0.103125 0.158125
19 0.275000 0.470313 0.103125 0.158125
16 0.410938 0.470313 0.103125 0.158125
22 0.546875 0.470313 0.103125 0.158125
11 0.682813 0.470313 0.103125 0.158125
7 0.818750 0.470313 0.103125 0.158125
22 0.139063 0.673438 0.103125 0.158125
9 0.275000 0.673438 0.103125 0.158125
6 0.410938 0.673438 0.103125 0.158125
2 0.546875 0.673438 0.103125 0.158125
24 0.682813 0.673438 0.103125 0.158125
11 0.818750 0.673438 0.103125 0.158125