18 0.116406 0.187500 0.063594 0.103125
6 0.219531 0.187500 0.063594 0.103125
21 0.322656 0.187500 0.063594 0.103125
0 0.425781 0.187500 0.063594 0.103125
4 0.528906 0.187500 0.063594 0.103125
13 0.632031 0.187500 0.063594 0.103125
7 0.735156 0.187500 0.063594 0.103125
17 0.838281 0.187500 0.063594 0.103125
23 0.116406 0.331250 0.063594 0.103125
22 0.219531 0.331250 0.063594 0.103125
24 0.322656 0.331250 0.063594 0.103125
15 0.425781 0.331250 0.063594 0.103125
11 0.528906 0.331250 0.063594 0.103125
25 0.632031 0.331250 0.063594 0.103125
9 0.735156 0.331250 0.063594 0.103125
1 0.838281 0.331250 0.063594 0.103125
21 0.116406 0.475000 0.063594 0.103125
18 0.219531 0.475000 0.063594 0.103125
21 0.322656 0.475000 0.063594 0.103125
1 0.425781 0.475000 0.063594 0.103125
22 0.528906 0.475000 0.063594 0.103125
12 0.632031 0.475000 0.063594 0.103125
6 0.735156 0.475000 0.063594 0.103125
7 0.838281 0.475000 0.063594 0.103125
7 0.116406 0.618750 0.063594 0.103125
13 0.219531 0.618750 0.063594 0.103125
13 0.322656 0.618750 0.063594 0.103125
8 0.425781 0.618750 0.063594 0.103125
18 0.528906 0.618750 0.063594 0.103125
21 0.632031 0.618750 0.063594 0.103125
5 0.735156 0.618750 0.063594 0.103125
23 0.838281 0.618750 0.063594 0.103125
3 0.116406 0.762500 0.063594 0.103125
18 0.219531 0.762500 0.063594 0.103125
21 0.322656 0.762500 0.063594 0.103125
3 0.425781 0.762500 0.063594 0.103125
5 0.528906 0.762500 0.063594 0.103125
9 0.632031 0.762500 0.063594 0.103125
22 0.735156 0.762500 0.063594 0.103125
10 0.838281 0.762500 0.063594 0.103125