7 0.098437 0.123438 0.061875 0.099687
1 0.193750 0.123438 0.061875 0.099687
0 0.289062 0.123438 0.061875 0.099687
1 0.384375 0.123438 0.061875 0.099687
13 0.479687 0.123438 0.061875 0.099687
9 0.575000 0.123438 0.061875 0.099687
18 0.670312 0.123438 0.061875 0.099687
7 0.765625 0.123438 0.061875 0.099687
23 0.860938 0.123438 0.061875 0.099687
1 0.098437 0.264062 0.061875 0.099687
22 0.193750 0.264062 0.061875 0.099687
25 0.289062 0.264062 0.061875 0.099687
23 0.384375 0.264062 0.061875 0.099687
20 0.479687 0.264062 0.061875 0.099687
19 0.575000 0.264062 0.061875 0.099687
2 0.670312 0.264062 0.061875 0.099687
13 0.765625 0.264062 0.061875 0.099687
19 0.860938 0.264062 0.061875 0.099687
24 0.098437 0.404687 0.061875 0.099687
9 0.193750 0.404687 0.061875 0.099687
23 0.289062 0.404687 0.061875 0.099687
21 0.384375 0.404687 0.061875 0.099687
24 0.479687 0.404687 0.061875 0.099687
21 0.575000 0.404687 0.061875 0.099687
4 0.670312 0.404687 0.061875 0.099687
6 0.765625 0.404687 0.061875 0.099687
2 0.860938 0.404687 0.061875 0.099687
9 0.098437 0.545312 0.061875 0.099687
20 0.193750 0.545312 0.061875 0.099687
3 0.289062 0.545312 0.061875 0.099687
0 0.384375 0.545312 0.061875 0.099687
2 0.479687 0.545312 0.061875 0.099687
20 0.575000 0.545312 0.061875 0.099687
13 0.670312 0.545312 0.061875 0.099687
3 0.765625 0.545312 0.061875 0.099687
10 0.860938 0.545312 0.061875 0.099687
4 0.098437 0.685937 0.061875 0.099687
23 0.193750 0.685937 0.061875 0.099687
6 0.289062 0.685937 0.061875 0.099687
13 0.384375 0.685937 0.061875 0.099687
17 0.479687 0.685937 0.061875 0.099687
6 0.575000 0.685937 0.061875 0.099687
22 0.670312 0.685937 0.061875 0.099687
2 0.765625 0.685937 0.061875 0.099687
0 0.860938 0.685937 0.061875 0.099687
14 0.098437 0.826562 0.061875 0.099687
2 0.193750 0.826562 0.061875 0.099687
8 0.289062 0.826562 0.061875 0.099687
10 0.384375 0.826562 0.061875 0.099687
20 0.479687 0.826562 0.061875 0.099687
16 0.575000 0.826562 0.061875 0.099687
6 0.670312 0.826562 0.061875 0.099687
8 0.765625 0.826562 0.061875 0.099687
9 0.860938 0.826562 0.061875 0.099687