8 0.140625 0.148438 0.075625 0.120313
22 0.253125 0.148438 0.075625 0.120313
23 0.365625 0.148438 0.075625 0.120313
22 0.478125 0.148438 0.075625 0.120313
4 0.590625 0.148438 0.075625 0.120313
7 0.703125 0.148438 0.075625 0.120313
20 0.815625 0.148438 0.075625 0.120313
17 0.140625 0.310937 0.075625 0.120313
19 0.253125 0.310937 0.075625 0.120313
16 0.365625 0.310937 0.075625 0.120313
9 0.478125 0.310937 0.075625 0.120313
17 0.590625 0.310937 0.075625 0.120313
20 0.703125 0.310937 0.075625 0.120313
18 0.815625 0.310937 0.075625 0.120313
0 0.140625 0.473438 0.075625 0.120313
12 0.253125 0.473438 0.075625 0.120313
19 0.365625 0.473438 0.075625 0.120313
17 0.478125 0.473438 0.075625 0.120313
16 0.590625 0.473438 0.075625 0.120313
9 0.703125 0.473438 0.075625 0.120313
4 0.815625 0.473438 0.075625 0.120313
17 0.140625 0.635938 0.075625 0.120313
10 0.253125 0.635938 0.075625 0.120313
15 0.365625 0.635938 0.075625 0.120313
9 0.478125 0.635938 0.075625 0.120313
22 0.590625 0.635938 0.075625 0.120313
18 0.703125 0.635938 0.075625 0.120313
8 0.815625 0.635938 0.075625 0.120313
22 0.140625 0.798438 0.075625 0.120313
21 0.253125 0.798438 0.075625 0.120313
7 0.365625 0.798438 0.075625 0.120313
8 0.478125 0.798438 0.075625 0.120313
14 0.590625 0.798438 0.075625 0.120313
25 0.703125 0.798438 0.075625 0.120313
2 0.815625 0.798438 0.075625 0.120313