12 0.167187 0.237500 0.103125 0.165000
0 0.318750 0.237500 0.103125 0.165000
1 0.470313 0.237500 0.103125 0.165000
13 0.621875 0.237500 0.103125 0.165000
0 0.773438 0.237500 0.103125 0.165000
24 0.167187 0.462500 0.103125 0.165000
6 0.318750 0.462500 0.103125 0.165000
6 0.470313 0.462500 0.103125 0.165000
19 0.621875 0.462500 0.103125 0.165000
12 0.773438 0.462500 0.103125 0.165000
7 0.167187 0.687500 0.103125 0.165000
21 0.318750 0.687500 0.103125 0.165000
25 0.470313 0.687500 0.103125 0.165000
4 0.621875 0.687500 0.103125 0.165000
12 0.773438 0.687500 0.103125 0.165000