6 0.101562 0.178125 0.085938 0.137500
3 0.226562 0.178125 0.085938 0.137500
11 0.351562 0.178125 0.085938 0.137500
0 0.476562 0.178125 0.085938 0.137500
19 0.601562 0.178125 0.085938 0.137500
17 0.726562 0.178125 0.085938 0.137500
4 0.851562 0.178125 0.085938 0.137500
15 0.101562 0.370312 0.085938 0.137500
8 0.226562 0.370312 0.085938 0.137500
22 0.351562 0.370312 0.085938 0.137500
23 0.476562 0.370312 0.085938 0.137500
25 0.601562 0.370312 0.085938 0.137500
18 0.726562 0.370312 0.085938 0.137500
1 0.851562 0.370312 0.085938 0.137500
8 0.101562 0.562500 0.085938 0.137500
25 0.226562 0.562500 0.085938 0.137500
3 0.351562 0.562500 0.085938 0.137500
23 0.476562 0.562500 0.085938 0.137500
12 0.601562 0.562500 0.085938 0.137500
18 0.726562 0.562500 0.085938 0.137500
14 0.851562 0.562500 0.085938 0.137500
15 0.101562 0.754687 0.085938 0.137500
10 0.226562 0.754687 0.085938 0.137500
5 0.351562 0.754687 0.085938 0.137500
3 0.476562 0.754687 0.085938 0.137500
15 0.601562 0.754687 0.085938 0.137500
8 0.726562 0.754687 0.085938 0.137500
11 0.851562 0.754687 0.085938 0.137500