19 0.147656 0.229687 0.111719 0.175313
8 0.308594 0.229687 0.111719 0.175313
25 0.469531 0.229687 0.111719 0.175313
19 0.630469 0.229687 0.111719 0.175313
17 0.791406 0.229687 0.111719 0.175313
18 0.147656 0.462500 0.111719 0.175313
10 0.308594 0.462500 0.111719 0.175313
23 0.469531 0.462500 0.111719 0.175313
20 0.630469 0.462500 0.111719 0.175313
8 0.791406 0.462500 0.111719 0.175313
6 0.147656 0.695312 0.111719 0.175313
18 0.308594 0.695312 0.111719 0.175313
8 0.469531 0.695312 0.111719 0.175313
13 0.630469 0.695312 0.111719 0.175313
7 0.791406 0.695312 0.111719 0.175313