4 0.120313 0.145313 0.079063 0.123750
3 0.239063 0.145313 0.079063 0.123750
5 0.357812 0.145313 0.079063 0.123750
2 0.476562 0.145313 0.079063 0.123750
1 0.595313 0.145313 0.079063 0.123750
2 0.714063 0.145313 0.079063 0.123750
23 0.832812 0.145313 0.079063 0.123750
5 0.120313 0.309375 0.079063 0.123750
20 0.239063 0.309375 0.079063 0.123750
2 0.357812 0.309375 0.079063 0.123750
9 0.476562 0.309375 0.079063 0.123750
18 0.595313 0.309375 0.079063 0.123750
16 0.714063 0.309375 0.079063 0.123750
1 0.832812 0.309375 0.079063 0.123750
2 0.120313 0.473438 0.079063 0.123750
21 0.239063 0.473438 0.079063 0.123750
17 0.357812 0.473438 0.079063 0.123750
19 0.476562 0.473438 0.079063 0.123750
24 0.595313 0.473438 0.079063 0.123750
14 0.714063 0.473438 0.079063 0.123750
18 0.832812 0.473438 0.079063 0.123750
14 0.120313 0.637500 0.079063 0.123750
3 0.239063 0.637500 0.079063 0.123750
4 0.357812 0.637500 0.079063 0.123750
9 0.476562 0.637500 0.079063 0.123750
12 0.595313 0.637500 0.079063 0.123750
21 0.714063 0.637500 0.079063 0.123750
13 0.832812 0.637500 0.079063 0.123750
0 0.120313 0.801562 0.079063 0.123750
24 0.239063 0.801562 0.079063 0.123750
8 0.357812 0.801562 0.079063 0.123750
22 0.476562 0.801562 0.079063 0.123750
15 0.595313 0.801562 0.079063 0.123750
16 0.714063 0.801562 0.079063 0.123750
23 0.832812 0.801562 0.079063 0.123750