22 0.129688 0.206250 0.089375 0.137500
6 0.246875 0.206250 0.089375 0.137500
15 0.364063 0.206250 0.089375 0.137500
17 0.481250 0.206250 0.089375 0.137500
0 0.598437 0.206250 0.089375 0.137500
10 0.715625 0.206250 0.089375 0.137500
1 0.832812 0.206250 0.089375 0.137500
18 0.129688 0.384375 0.089375 0.137500
8 0.246875 0.384375 0.089375 0.137500
3 0.364063 0.384375 0.089375 0.137500
17 0.481250 0.384375 0.089375 0.137500
6 0.598437 0.384375 0.089375 0.137500
12 0.715625 0.384375 0.089375 0.137500
15 0.832812 0.384375 0.089375 0.137500
8 0.129688 0.562500 0.089375 0.137500
24 0.246875 0.562500 0.089375 0.137500
22 0.364063 0.562500 0.089375 0.137500
19 0.481250 0.562500 0.089375 0.137500
13 0.598437 0.562500 0.089375 0.137500
14 0.715625 0.562500 0.089375 0.137500
2 0.832812 0.562500 0.089375 0.137500
12 0.129688 0.740625 0.089375 0.137500
19 0.246875 0.740625 0.089375 0.137500
5 0.364063 0.740625 0.089375 0.137500
6 0.481250 0.740625 0.089375 0.137500
5 0.598437 0.740625 0.089375 0.137500
5 0.715625 0.740625 0.089375 0.137500
1 0.832812 0.740625 0.089375 0.137500