23 0.132812 0.262500 0.099687 0.154688
9 0.270313 0.262500 0.099687 0.154688
4 0.407813 0.262500 0.099687 0.154688
4 0.545312 0.262500 0.099687 0.154688
8 0.682813 0.262500 0.099687 0.154688
25 0.820312 0.262500 0.099687 0.154688
8 0.132812 0.467187 0.099687 0.154688
5 0.270313 0.467187 0.099687 0.154688
24 0.407813 0.467187 0.099687 0.154688
17 0.545312 0.467187 0.099687 0.154688
17 0.682813 0.467187 0.099687 0.154688
8 0.820312 0.467187 0.099687 0.154688
24 0.132812 0.671875 0.099687 0.154688
11 0.270313 0.671875 0.099687 0.154688
7 0.407813 0.671875 0.099687 0.154688
18 0.545312 0.671875 0.099687 0.154688
23 0.682813 0.671875 0.099687 0.154688
10 0.820312 0.671875 0.099687 0.154688