5 0.107813 0.225000 0.085938 0.130625
17 0.215625 0.225000 0.085938 0.130625
8 0.323437 0.225000 0.085938 0.130625
5 0.431250 0.225000 0.085938 0.130625
12 0.539062 0.225000 0.085938 0.130625
18 0.646875 0.225000 0.085938 0.130625
6 0.754687 0.225000 0.085938 0.130625
0 0.862500 0.225000 0.085938 0.130625
18 0.107813 0.392188 0.085938 0.130625
22 0.215625 0.392188 0.085938 0.130625
0 0.323437 0.392188 0.085938 0.130625
6 0.431250 0.392188 0.085938 0.130625
10 0.539062 0.392188 0.085938 0.130625
1 0.646875 0.392188 0.085938 0.130625
23 0.754687 0.392188 0.085938 0.130625
9 0.862500 0.392188 0.085938 0.130625
25 0.107813 0.559375 0.085938 0.130625
20 0.215625 0.559375 0.085938 0.130625
11 0.323437 0.559375 0.085938 0.130625
14 0.431250 0.559375 0.085938 0.130625
9 0.539062 0.559375 0.085938 0.130625
4 0.646875 0.559375 0.085938 0.130625
16 0.754687 0.559375 0.085938 0.130625
6 0.862500 0.559375 0.085938 0.130625
4 0.107813 0.726562 0.085938 0.130625
10 0.215625 0.726562 0.085938 0.130625
3 0.323437 0.726562 0.085938 0.130625
18 0.431250 0.726562 0.085938 0.130625
25 0.539062 0.726562 0.085938 0.130625
10 0.646875 0.726562 0.085938 0.130625
15 0.754687 0.726562 0.085938 0.130625
9 0.862500 0.726562 0.085938 0.130625