13 0.157812 0.209375 0.082500 0.130625
19 0.284375 0.209375 0.082500 0.130625
14 0.410938 0.209375 0.082500 0.130625
22 0.537500 0.209375 0.082500 0.130625
3 0.664062 0.209375 0.082500 0.130625
16 0.790625 0.209375 0.082500 0.130625
1 0.157812 0.384375 0.082500 0.130625
10 0.284375 0.384375 0.082500 0.130625
12 0.410938 0.384375 0.082500 0.130625
9 0.537500 0.384375 0.082500 0.130625
17 0.664062 0.384375 0.082500 0.130625
4 0.790625 0.384375 0.082500 0.130625
19 0.157812 0.559375 0.082500 0.130625
6 0.284375 0.559375 0.082500 0.130625
8 0.410938 0.559375 0.082500 0.130625
6 0.537500 0.559375 0.082500 0.130625
7 0.664062 0.559375 0.082500 0.130625
4 0.790625 0.559375 0.082500 0.130625
7 0.157812 0.734375 0.082500 0.130625
23 0.284375 0.734375 0.082500 0.130625
15 0.410938 0.734375 0.082500 0.130625
18 0.537500 0.734375 0.082500 0.130625
21 0.664062 0.734375 0.082500 0.130625
2 0.790625 0.734375 0.082500 0.130625