18 0.139063 0.245312 0.099687 0.158125
4 0.301563 0.245312 0.099687 0.158125
17 0.464062 0.245312 0.099687 0.158125
12 0.626563 0.245312 0.099687 0.158125
14 0.789062 0.245312 0.099687 0.158125
20 0.139063 0.462500 0.099687 0.158125
7 0.301563 0.462500 0.099687 0.158125
20 0.464062 0.462500 0.099687 0.158125
10 0.626563 0.462500 0.099687 0.158125
4 0.789062 0.462500 0.099687 0.158125
0 0.139063 0.679688 0.099687 0.158125
15 0.301563 0.679688 0.099687 0.158125
13 0.464062 0.679688 0.099687 0.158125
20 0.626563 0.679688 0.099687 0.158125
11 0.789062 0.679688 0.099687 0.158125