24 0.096094 0.114062 0.056719 0.089375
25 0.182031 0.114062 0.056719 0.089375
3 0.267969 0.114062 0.056719 0.089375
2 0.353906 0.114062 0.056719 0.089375
3 0.439844 0.114062 0.056719 0.089375
12 0.525781 0.114062 0.056719 0.089375
10 0.611719 0.114062 0.056719 0.089375
21 0.697656 0.114062 0.056719 0.089375
3 0.783594 0.114062 0.056719 0.089375
10 0.869531 0.114062 0.056719 0.089375
2 0.096094 0.235937 0.056719 0.089375
15 0.182031 0.235937 0.056719 0.089375
10 0.267969 0.235937 0.056719 0.089375
2 0.353906 0.235937 0.056719 0.089375
24 0.439844 0.235937 0.056719 0.089375
0 0.525781 0.235937 0.056719 0.089375
8 0.611719 0.235937 0.056719 0.089375
5 0.697656 0.235937 0.056719 0.089375
5 0.783594 0.235937 0.056719 0.089375
21 0.869531 0.235937 0.056719 0.089375
11 0.096094 0.357812 0.056719 0.089375
7 0.182031 0.357812 0.056719 0.089375
22 0.267969 0.357812 0.056719 0.089375
7 0.353906 0.357812 0.056719 0.089375
10 0.439844 0.357812 0.056719 0.089375
0 0.525781 0.357812 0.056719 0.089375
25 0.611719 0.357812 0.056719 0.089375
4 0.697656 0.357812 0.056719 0.089375
18 0.783594 0.357812 0.056719 0.089375
21 0.869531 0.357812 0.056719 0.089375
13 0.096094 0.479687 0.056719 0.089375
12 0.182031 0.479687 0.056719 0.089375
0 0.267969 0.479687 0.056719 0.089375
5 0.353906 0.479687 0.056719 0.089375
15 0.439844 0.479687 0.056719 0.089375
0 0.525781 0.479687 0.056719 0.089375
11 0.611719 0.479687 0.056719 0.089375
25 0.697656 0.479687 0.056719 0.089375
4 0.783594 0.479687 0.056719 0.089375
11 0.869531 0.479687 0.056719 0.089375
22 0.096094 0.601562 0.056719 0.089375
20 0.182031 0.601562 0.056719 0.089375
14 0.267969 0.601562 0.056719 0.089375
9 0.353906 0.601562 0.056719 0.089375
1 0.439844 0.601562 0.056719 0.089375
18 0.525781 0.601562 0.056719 0.089375
5 0.611719 0.601562 0.056719 0.089375
7 0.697656 0.601562 0.056719 0.089375
21 0.783594 0.601562 0.056719 0.089375
14 0.869531 0.601562 0.056719 0.089375
25 0.096094 0.723437 0.056719 0.089375
8 0.182031 0.723437 0.056719 0.089375
7 0.267969 0.723437 0.056719 0.089375
18 0.353906 0.723437 0.056719 0.089375
8 0.439844 0.723437 0.056719 0.089375
0 0.525781 0.723437 0.056719 0.089375
17 0.611719 0.723437 0.056719 0.089375
8 0.697656 0.723437 0.056719 0.089375
17 0.783594 0.723437 0.056719 0.089375
1 0.869531 0.723437 0.056719 0.089375
9 0.096094 0.845313 0.056719 0.089375
3 0.182031 0.845313 0.056719 0.089375
7 0.267969 0.845313 0.056719 0.089375
13 0.353906 0.845313 0.056719 0.089375
2 0.439844 0.845313 0.056719 0.089375
8 0.525781 0.845313 0.056719 0.089375
0 0.611719 0.845313 0.056719 0.089375
5 0.697656 0.845313 0.056719 0.089375
2 0.783594 0.845313 0.056719 0.089375
2 0.869531 0.845313 0.056719 0.089375