9 0.181250 0.232813 0.099687 0.161562
16 0.326562 0.232813 0.099687 0.161562
6 0.471875 0.232813 0.099687 0.161562
6 0.617188 0.232813 0.099687 0.161562
16 0.762500 0.232813 0.099687 0.161562
8 0.181250 0.459375 0.099687 0.161562
23 0.326562 0.459375 0.099687 0.161562
10 0.471875 0.459375 0.099687 0.161562
7 0.617188 0.459375 0.099687 0.161562
0 0.762500 0.459375 0.099687 0.161562
1 0.181250 0.685937 0.099687 0.161562
17 0.326562 0.685937 0.099687 0.161562
4 0.471875 0.685937 0.099687 0.161562
18 0.617188 0.685937 0.099687 0.161562
20 0.762500 0.685937 0.099687 0.161562