9 0.135937 0.160938 0.065312 0.106563
16 0.248438 0.160938 0.065312 0.106563
2 0.360938 0.160938 0.065312 0.106563
17 0.473438 0.160938 0.065312 0.106563
6 0.585938 0.160938 0.065312 0.106563
16 0.698438 0.160938 0.065312 0.106563
9 0.810937 0.160938 0.065312 0.106563
19 0.135937 0.315625 0.065312 0.106563
21 0.248438 0.315625 0.065312 0.106563
17 0.360938 0.315625 0.065312 0.106563
10 0.473438 0.315625 0.065312 0.106563
6 0.585938 0.315625 0.065312 0.106563
12 0.698438 0.315625 0.065312 0.106563
23 0.810937 0.315625 0.065312 0.106563
24 0.135937 0.470313 0.065312 0.106563
12 0.248438 0.470313 0.065312 0.106563
0 0.360938 0.470313 0.065312 0.106563
7 0.473438 0.470313 0.065312 0.106563
23 0.585938 0.470313 0.065312 0.106563
23 0.698438 0.470313 0.065312 0.106563
4 0.810937 0.470313 0.065312 0.106563
19 0.135937 0.625000 0.065312 0.106563
15 0.248438 0.625000 0.065312 0.106563
9 0.360938 0.625000 0.065312 0.106563
20 0.473438 0.625000 0.065312 0.106563
23 0.585938 0.625000 0.065312 0.106563
0 0.698438 0.625000 0.065312 0.106563
14 0.810937 0.625000 0.065312 0.106563
10 0.135937 0.779687 0.065312 0.106563
9 0.248438 0.779687 0.065312 0.106563
15 0.360938 0.779687 0.065312 0.106563
21 0.473438 0.779687 0.065312 0.106563
24 0.585938 0.779687 0.065312 0.106563
25 0.698438 0.779687 0.065312 0.106563
18 0.810937 0.779687 0.065312 0.106563