21 0.178125 0.250000 0.099687 0.158125
11 0.325000 0.250000 0.099687 0.158125
5 0.471875 0.250000 0.099687 0.158125
5 0.618750 0.250000 0.099687 0.158125
0 0.765625 0.250000 0.099687 0.158125
25 0.178125 0.464062 0.099687 0.158125
8 0.325000 0.464062 0.099687 0.158125
18 0.471875 0.464062 0.099687 0.158125
5 0.618750 0.464062 0.099687 0.158125
23 0.765625 0.464062 0.099687 0.158125
14 0.178125 0.678125 0.099687 0.158125
3 0.325000 0.678125 0.099687 0.158125
16 0.471875 0.678125 0.099687 0.158125
12 0.618750 0.678125 0.099687 0.158125
1 0.765625 0.678125 0.099687 0.158125