12 0.148438 0.267188 0.103125 0.158125
15 0.281250 0.267188 0.103125 0.158125
10 0.414062 0.267188 0.103125 0.158125
1 0.546875 0.267188 0.103125 0.158125
10 0.679688 0.267188 0.103125 0.158125
2 0.812500 0.267188 0.103125 0.158125
10 0.148438 0.470313 0.103125 0.158125
8 0.281250 0.470313 0.103125 0.158125
10 0.414062 0.470313 0.103125 0.158125
5 0.546875 0.470313 0.103125 0.158125
6 0.679688 0.470313 0.103125 0.158125
3 0.812500 0.470313 0.103125 0.158125
9 0.148438 0.673438 0.103125 0.158125
12 0.281250 0.673438 0.103125 0.158125
9 0.414062 0.673438 0.103125 0.158125
14 0.546875 0.673438 0.103125 0.158125
17 0.679688 0.673438 0.103125 0.158125
17 0.812500 0.673438 0.103125 0.158125