9 0.136719 0.232813 0.111719 0.175313
11 0.302344 0.232813 0.111719 0.175313
22 0.467969 0.232813 0.111719 0.175313
3 0.633594 0.232813 0.111719 0.175313
18 0.799219 0.232813 0.111719 0.175313
12 0.136719 0.464062 0.111719 0.175313
12 0.302344 0.464062 0.111719 0.175313
15 0.467969 0.464062 0.111719 0.175313
14 0.633594 0.464062 0.111719 0.175313
12 0.799219 0.464062 0.111719 0.175313
11 0.136719 0.695312 0.111719 0.175313
11 0.302344 0.695312 0.111719 0.175313
4 0.467969 0.695312 0.111719 0.175313
22 0.633594 0.695312 0.111719 0.175313
11 0.799219 0.695312 0.111719 0.175313