19 0.148438 0.209375 0.082500 0.130625
3 0.278125 0.209375 0.082500 0.130625
25 0.407813 0.209375 0.082500 0.130625
2 0.537500 0.209375 0.082500 0.130625
25 0.667188 0.209375 0.082500 0.130625
18 0.796875 0.209375 0.082500 0.130625
21 0.148438 0.384375 0.082500 0.130625
12 0.278125 0.384375 0.082500 0.130625
23 0.407813 0.384375 0.082500 0.130625
4 0.537500 0.384375 0.082500 0.130625
17 0.667188 0.384375 0.082500 0.130625
17 0.796875 0.384375 0.082500 0.130625
10 0.148438 0.559375 0.082500 0.130625
22 0.278125 0.559375 0.082500 0.130625
0 0.407813 0.559375 0.082500 0.130625
9 0.537500 0.559375 0.082500 0.130625
5 0.667188 0.559375 0.082500 0.130625
16 0.796875 0.559375 0.082500 0.130625
4 0.148438 0.734375 0.082500 0.130625
7 0.278125 0.734375 0.082500 0.130625
9 0.407813 0.734375 0.082500 0.130625
15 0.537500 0.734375 0.082500 0.130625
3 0.667188 0.734375 0.082500 0.130625
3 0.796875 0.734375 0.082500 0.130625