5 0.117969 0.260937 0.097969 0.154688
13 0.260156 0.260937 0.097969 0.154688
9 0.402344 0.260937 0.097969 0.154688
10 0.544531 0.260937 0.097969 0.154688
21 0.686719 0.260937 0.097969 0.154688
6 0.828906 0.260937 0.097969 0.154688
25 0.117969 0.467187 0.097969 0.154688
14 0.260156 0.467187 0.097969 0.154688
7 0.402344 0.467187 0.097969 0.154688
19 0.544531 0.467187 0.097969 0.154688
13 0.686719 0.467187 0.097969 0.154688
7 0.828906 0.467187 0.097969 0.154688
23 0.117969 0.673438 0.097969 0.154688
5 0.260156 0.673438 0.097969 0.154688
12 0.402344 0.673438 0.097969 0.154688
2 0.544531 0.673438 0.097969 0.154688
8 0.686719 0.673438 0.097969 0.154688
10 0.828906 0.673438 0.097969 0.154688