24 0.099219 0.214062 0.080781 0.127188
12 0.208594 0.214062 0.080781 0.127188
3 0.317969 0.214062 0.080781 0.127188
8 0.427344 0.214062 0.080781 0.127188
7 0.536719 0.214062 0.080781 0.127188
11 0.646094 0.214062 0.080781 0.127188
15 0.755469 0.214062 0.080781 0.127188
23 0.864844 0.214062 0.080781 0.127188
9 0.099219 0.385937 0.080781 0.127188
25 0.208594 0.385937 0.080781 0.127188
12 0.317969 0.385937 0.080781 0.127188
12 0.427344 0.385937 0.080781 0.127188
20 0.536719 0.385937 0.080781 0.127188
15 0.646094 0.385937 0.080781 0.127188
3 0.755469 0.385937 0.080781 0.127188
24 0.864844 0.385937 0.080781 0.127188
14 0.099219 0.557813 0.080781 0.127188
19 0.208594 0.557813 0.080781 0.127188
21 0.317969 0.557813 0.080781 0.127188
5 0.427344 0.557813 0.080781 0.127188
19 0.536719 0.557813 0.080781 0.127188
25 0.646094 0.557813 0.080781 0.127188
3 0.755469 0.557813 0.080781 0.127188
10 0.864844 0.557813 0.080781 0.127188
6 0.099219 0.729688 0.080781 0.127188
16 0.208594 0.729688 0.080781 0.127188
20 0.317969 0.729688 0.080781 0.127188
14 0.427344 0.729688 0.080781 0.127188
22 0.536719 0.729688 0.080781 0.127188
10 0.646094 0.729688 0.080781 0.127188
12 0.755469 0.729688 0.080781 0.127188
4 0.864844 0.729688 0.080781 0.127188