16 0.172656 0.256250 0.097969 0.154688
17 0.321094 0.256250 0.097969 0.154688
16 0.469531 0.256250 0.097969 0.154688
18 0.617969 0.256250 0.097969 0.154688
22 0.766406 0.256250 0.097969 0.154688
22 0.172656 0.465625 0.097969 0.154688
13 0.321094 0.465625 0.097969 0.154688
7 0.469531 0.465625 0.097969 0.154688
11 0.617969 0.465625 0.097969 0.154688
9 0.766406 0.465625 0.097969 0.154688
14 0.172656 0.675000 0.097969 0.154688
16 0.321094 0.675000 0.097969 0.154688
6 0.469531 0.675000 0.097969 0.154688
12 0.617969 0.675000 0.097969 0.154688
24 0.766406 0.675000 0.097969 0.154688