3 0.133594 0.162500 0.073906 0.116875
8 0.247656 0.162500 0.073906 0.116875
3 0.361719 0.162500 0.073906 0.116875
19 0.475781 0.162500 0.073906 0.116875
4 0.589844 0.162500 0.073906 0.116875
17 0.703906 0.162500 0.073906 0.116875
18 0.817969 0.162500 0.073906 0.116875
2 0.133594 0.318750 0.073906 0.116875
7 0.247656 0.318750 0.073906 0.116875
4 0.361719 0.318750 0.073906 0.116875
16 0.475781 0.318750 0.073906 0.116875
17 0.589844 0.318750 0.073906 0.116875
0 0.703906 0.318750 0.073906 0.116875
12 0.817969 0.318750 0.073906 0.116875
20 0.133594 0.475000 0.073906 0.116875
12 0.247656 0.475000 0.073906 0.116875
17 0.361719 0.475000 0.073906 0.116875
14 0.475781 0.475000 0.073906 0.116875
0 0.589844 0.475000 0.073906 0.116875
24 0.703906 0.475000 0.073906 0.116875
22 0.817969 0.475000 0.073906 0.116875
25 0.133594 0.631250 0.073906 0.116875
0 0.247656 0.631250 0.073906 0.116875
12 0.361719 0.631250 0.073906 0.116875
2 0.475781 0.631250 0.073906 0.116875
11 0.589844 0.631250 0.073906 0.116875
15 0.703906 0.631250 0.073906 0.116875
22 0.817969 0.631250 0.073906 0.116875
13 0.133594 0.787500 0.073906 0.116875
5 0.247656 0.787500 0.073906 0.116875
21 0.361719 0.787500 0.073906 0.116875
20 0.475781 0.787500 0.073906 0.116875
15 0.589844 0.787500 0.073906 0.116875
19 0.703906 0.787500 0.073906 0.116875
8 0.817969 0.787500 0.073906 0.116875