20 0.114062 0.221875 0.079063 0.123750
23 0.234375 0.221875 0.079063 0.123750
18 0.354687 0.221875 0.079063 0.123750
4 0.475000 0.221875 0.079063 0.123750
18 0.595313 0.221875 0.079063 0.123750
12 0.715625 0.221875 0.079063 0.123750
12 0.835938 0.221875 0.079063 0.123750
2 0.114062 0.389062 0.079063 0.123750
8 0.234375 0.389062 0.079063 0.123750
3 0.354687 0.389062 0.079063 0.123750
23 0.475000 0.389062 0.079063 0.123750
9 0.595313 0.389062 0.079063 0.123750
2 0.715625 0.389062 0.079063 0.123750
12 0.835938 0.389062 0.079063 0.123750
13 0.114062 0.556250 0.079063 0.123750
12 0.234375 0.556250 0.079063 0.123750
5 0.354687 0.556250 0.079063 0.123750
6 0.475000 0.556250 0.079063 0.123750
13 0.595313 0.556250 0.079063 0.123750
18 0.715625 0.556250 0.079063 0.123750
10 0.835938 0.556250 0.079063 0.123750
14 0.114062 0.723437 0.079063 0.123750
0 0.234375 0.723437 0.079063 0.123750
17 0.354687 0.723437 0.079063 0.123750
9 0.475000 0.723437 0.079063 0.123750
24 0.595313 0.723437 0.079063 0.123750
23 0.715625 0.723437 0.079063 0.123750
24 0.835938 0.723437 0.079063 0.123750