8 0.175000 0.246875 0.103125 0.161562
25 0.323437 0.246875 0.103125 0.161562
18 0.471875 0.246875 0.103125 0.161562
6 0.620313 0.246875 0.103125 0.161562
25 0.768750 0.246875 0.103125 0.161562
7 0.175000 0.464062 0.103125 0.161562
14 0.323437 0.464062 0.103125 0.161562
12 0.471875 0.464062 0.103125 0.161562
12 0.620313 0.464062 0.103125 0.161562
8 0.768750 0.464062 0.103125 0.161562
8 0.175000 0.681250 0.103125 0.161562
18 0.323437 0.681250 0.103125 0.161562
20 0.471875 0.681250 0.103125 0.161562
16 0.620313 0.681250 0.103125 0.161562
24 0.768750 0.681250 0.103125 0.161562