21 0.146875 0.235937 0.099687 0.161562
23 0.306250 0.235937 0.099687 0.161562
0 0.465625 0.235937 0.099687 0.161562
7 0.625000 0.235937 0.099687 0.161562
5 0.784375 0.235937 0.099687 0.161562
10 0.146875 0.460938 0.099687 0.161562
6 0.306250 0.460938 0.099687 0.161562
2 0.465625 0.460938 0.099687 0.161562
23 0.625000 0.460938 0.099687 0.161562
9 0.784375 0.460938 0.099687 0.161562
0 0.146875 0.685937 0.099687 0.161562
4 0.306250 0.685937 0.099687 0.161562
14 0.465625 0.685937 0.099687 0.161562
11 0.625000 0.685937 0.099687 0.161562
21 0.784375 0.685937 0.099687 0.161562