6 0.142187 0.204687 0.079063 0.127188
16 0.273438 0.204687 0.079063 0.127188
20 0.404687 0.204687 0.079063 0.127188
16 0.535937 0.204687 0.079063 0.127188
14 0.667188 0.204687 0.079063 0.127188
8 0.798438 0.204687 0.079063 0.127188
15 0.142187 0.381250 0.079063 0.127188
10 0.273438 0.381250 0.079063 0.127188
18 0.404687 0.381250 0.079063 0.127188
9 0.535937 0.381250 0.079063 0.127188
9 0.667188 0.381250 0.079063 0.127188
6 0.798438 0.381250 0.079063 0.127188
16 0.142187 0.557813 0.079063 0.127188
16 0.273438 0.557813 0.079063 0.127188
11 0.404687 0.557813 0.079063 0.127188
8 0.535937 0.557813 0.079063 0.127188
3 0.667188 0.557813 0.079063 0.127188
4 0.798438 0.557813 0.079063 0.127188
14 0.142187 0.734375 0.079063 0.127188
5 0.273438 0.734375 0.079063 0.127188
17 0.404687 0.734375 0.079063 0.127188
25 0.535937 0.734375 0.079063 0.127188
7 0.667188 0.734375 0.079063 0.127188
1 0.798438 0.734375 0.079063 0.127188