15 0.161719 0.253125 0.097969 0.154688
13 0.314844 0.253125 0.097969 0.154688
11 0.467969 0.253125 0.097969 0.154688
25 0.621094 0.253125 0.097969 0.154688
14 0.774219 0.253125 0.097969 0.154688
17 0.161719 0.464062 0.097969 0.154688
6 0.314844 0.464062 0.097969 0.154688
16 0.467969 0.464062 0.097969 0.154688
17 0.621094 0.464062 0.097969 0.154688
10 0.774219 0.464062 0.097969 0.154688
5 0.161719 0.675000 0.097969 0.154688
16 0.314844 0.675000 0.097969 0.154688
24 0.467969 0.675000 0.097969 0.154688
9 0.621094 0.675000 0.097969 0.154688
14 0.774219 0.675000 0.097969 0.154688