16 0.087500 0.162500 0.068750 0.110000
25 0.198437 0.162500 0.068750 0.110000
11 0.309375 0.162500 0.068750 0.110000
2 0.420312 0.162500 0.068750 0.110000
23 0.531250 0.162500 0.068750 0.110000
14 0.642188 0.162500 0.068750 0.110000
18 0.753125 0.162500 0.068750 0.110000
21 0.864062 0.162500 0.068750 0.110000
23 0.087500 0.317188 0.068750 0.110000
8 0.198437 0.317188 0.068750 0.110000
14 0.309375 0.317188 0.068750 0.110000
9 0.420312 0.317188 0.068750 0.110000
19 0.531250 0.317188 0.068750 0.110000
12 0.642188 0.317188 0.068750 0.110000
5 0.753125 0.317188 0.068750 0.110000
19 0.864062 0.317188 0.068750 0.110000
9 0.087500 0.471875 0.068750 0.110000
12 0.198437 0.471875 0.068750 0.110000
10 0.309375 0.471875 0.068750 0.110000
21 0.420312 0.471875 0.068750 0.110000
9 0.531250 0.471875 0.068750 0.110000
13 0.642188 0.471875 0.068750 0.110000
22 0.753125 0.471875 0.068750 0.110000
16 0.864062 0.471875 0.068750 0.110000
8 0.087500 0.626563 0.068750 0.110000
20 0.198437 0.626563 0.068750 0.110000
25 0.309375 0.626563 0.068750 0.110000
21 0.420312 0.626563 0.068750 0.110000
5 0.531250 0.626563 0.068750 0.110000
20 0.642188 0.626563 0.068750 0.110000
9 0.753125 0.626563 0.068750 0.110000
16 0.864062 0.626563 0.068750 0.110000
5 0.087500 0.781250 0.068750 0.110000
16 0.198437 0.781250 0.068750 0.110000
0 0.309375 0.781250 0.068750 0.110000
0 0.420312 0.781250 0.068750 0.110000
17 0.531250 0.781250 0.068750 0.110000
2 0.642188 0.781250 0.068750 0.110000
11 0.753125 0.781250 0.068750 0.110000
5 0.864062 0.781250 0.068750 0.110000