8 0.164844 0.264062 0.104844 0.161562
4 0.317969 0.264062 0.104844 0.161562
2 0.471094 0.264062 0.104844 0.161562
19 0.624219 0.264062 0.104844 0.161562
18 0.777344 0.264062 0.104844 0.161562
3 0.164844 0.470313 0.104844 0.161562
24 0.317969 0.470313 0.104844 0.161562
4 0.471094 0.470313 0.104844 0.161562
13 0.624219 0.470313 0.104844 0.161562
23 0.777344 0.470313 0.104844 0.161562
24 0.164844 0.676562 0.104844 0.161562
22 0.317969 0.676562 0.104844 0.161562
8 0.471094 0.676562 0.104844 0.161562
5 0.624219 0.676562 0.104844 0.161562
5 0.777344 0.676562 0.104844 0.161562