1 0.134375 0.264062 0.103125 0.158125
0 0.271875 0.264062 0.103125 0.158125
21 0.409375 0.264062 0.103125 0.158125
2 0.546875 0.264062 0.103125 0.158125
3 0.684375 0.264062 0.103125 0.158125
4 0.821875 0.264062 0.103125 0.158125
12 0.134375 0.468750 0.103125 0.158125
19 0.271875 0.468750 0.103125 0.158125
10 0.409375 0.468750 0.103125 0.158125
1 0.546875 0.468750 0.103125 0.158125
25 0.684375 0.468750 0.103125 0.158125
1 0.821875 0.468750 0.103125 0.158125
17 0.134375 0.673438 0.103125 0.158125
14 0.271875 0.673438 0.103125 0.158125
21 0.409375 0.673438 0.103125 0.158125
12 0.546875 0.673438 0.103125 0.158125
10 0.684375 0.673438 0.103125 0.158125
25 0.821875 0.673438 0.103125 0.158125