3 0.124219 0.254688 0.101406 0.158125
2 0.264844 0.254688 0.101406 0.158125
0 0.405469 0.254688 0.101406 0.158125
24 0.546094 0.254688 0.101406 0.158125
20 0.686719 0.254688 0.101406 0.158125
22 0.827344 0.254688 0.101406 0.158125
18 0.124219 0.465625 0.101406 0.158125
4 0.264844 0.465625 0.101406 0.158125
1 0.405469 0.465625 0.101406 0.158125
6 0.546094 0.465625 0.101406 0.158125
17 0.686719 0.465625 0.101406 0.158125
5 0.827344 0.465625 0.101406 0.158125
15 0.124219 0.676562 0.101406 0.158125
2 0.264844 0.676562 0.101406 0.158125
14 0.405469 0.676562 0.101406 0.158125
7 0.546094 0.676562 0.101406 0.158125
6 0.686719 0.676562 0.101406 0.158125
9 0.827344 0.676562 0.101406 0.158125