4 0.135937 0.242188 0.092812 0.151250
18 0.298438 0.242188 0.092812 0.151250
0 0.460938 0.242188 0.092812 0.151250
5 0.623437 0.242188 0.092812 0.151250
4 0.785937 0.242188 0.092812 0.151250
21 0.135937 0.459375 0.092812 0.151250
22 0.298438 0.459375 0.092812 0.151250
16 0.460938 0.459375 0.092812 0.151250
4 0.623437 0.459375 0.092812 0.151250
9 0.785937 0.459375 0.092812 0.151250
5 0.135937 0.676562 0.092812 0.151250
13 0.298438 0.676562 0.092812 0.151250
10 0.460938 0.676562 0.092812 0.151250
2 0.623437 0.676562 0.092812 0.151250
3 0.785937 0.676562 0.092812 0.151250