15 0.113281 0.196875 0.087656 0.137500
24 0.235156 0.196875 0.087656 0.137500
1 0.357031 0.196875 0.087656 0.137500
3 0.478906 0.196875 0.087656 0.137500
2 0.600781 0.196875 0.087656 0.137500
6 0.722656 0.196875 0.087656 0.137500
19 0.844531 0.196875 0.087656 0.137500
25 0.113281 0.379688 0.087656 0.137500
1 0.235156 0.379688 0.087656 0.137500
13 0.357031 0.379688 0.087656 0.137500
15 0.478906 0.379688 0.087656 0.137500
18 0.600781 0.379688 0.087656 0.137500
2 0.722656 0.379688 0.087656 0.137500
7 0.844531 0.379688 0.087656 0.137500
2 0.113281 0.562500 0.087656 0.137500
24 0.235156 0.562500 0.087656 0.137500
20 0.357031 0.562500 0.087656 0.137500
10 0.478906 0.562500 0.087656 0.137500
9 0.600781 0.562500 0.087656 0.137500
6 0.722656 0.562500 0.087656 0.137500
13 0.844531 0.562500 0.087656 0.137500
6 0.113281 0.745313 0.087656 0.137500
9 0.235156 0.745313 0.087656 0.137500
15 0.357031 0.745313 0.087656 0.137500
13 0.478906 0.745313 0.087656 0.137500
21 0.600781 0.745313 0.087656 0.137500
18 0.722656 0.745313 0.087656 0.137500
23 0.844531 0.745313 0.087656 0.137500