9 0.162500 0.184375 0.092812 0.144375
7 0.289062 0.184375 0.092812 0.144375
22 0.415625 0.184375 0.092812 0.144375
12 0.542188 0.184375 0.092812 0.144375
14 0.668750 0.184375 0.092812 0.144375
15 0.795312 0.184375 0.092812 0.144375
11 0.162500 0.375000 0.092812 0.144375
24 0.289062 0.375000 0.092812 0.144375
11 0.415625 0.375000 0.092812 0.144375
11 0.542188 0.375000 0.092812 0.144375
0 0.668750 0.375000 0.092812 0.144375
1 0.795312 0.375000 0.092812 0.144375
18 0.162500 0.565625 0.092812 0.144375
21 0.289062 0.565625 0.092812 0.144375
7 0.415625 0.565625 0.092812 0.144375
21 0.542188 0.565625 0.092812 0.144375
14 0.668750 0.565625 0.092812 0.144375
7 0.795312 0.565625 0.092812 0.144375
11 0.162500 0.756250 0.092812 0.144375
14 0.289062 0.756250 0.092812 0.144375
19 0.415625 0.756250 0.092812 0.144375
22 0.542188 0.756250 0.092812 0.144375
20 0.668750 0.756250 0.092812 0.144375
25 0.795312 0.756250 0.092812 0.144375