21 0.135937 0.265625 0.096250 0.151250
21 0.271875 0.265625 0.096250 0.151250
0 0.407813 0.265625 0.096250 0.151250
7 0.543750 0.265625 0.096250 0.151250
2 0.679688 0.265625 0.096250 0.151250
11 0.815625 0.265625 0.096250 0.151250
2 0.135937 0.467187 0.096250 0.151250
9 0.271875 0.467187 0.096250 0.151250
16 0.407813 0.467187 0.096250 0.151250
1 0.543750 0.467187 0.096250 0.151250
15 0.679688 0.467187 0.096250 0.151250
8 0.815625 0.467187 0.096250 0.151250
8 0.135937 0.668750 0.096250 0.151250
7 0.271875 0.668750 0.096250 0.151250
25 0.407813 0.668750 0.096250 0.151250
21 0.543750 0.668750 0.096250 0.151250
4 0.679688 0.668750 0.096250 0.151250
2 0.815625 0.668750 0.096250 0.151250