23 0.150000 0.221875 0.106563 0.171875
12 0.309375 0.221875 0.106563 0.171875
23 0.468750 0.221875 0.106563 0.171875
23 0.628125 0.221875 0.106563 0.171875
21 0.787500 0.221875 0.106563 0.171875
11 0.150000 0.459375 0.106563 0.171875
4 0.309375 0.459375 0.106563 0.171875
13 0.468750 0.459375 0.106563 0.171875
9 0.628125 0.459375 0.106563 0.171875
22 0.787500 0.459375 0.106563 0.171875
1 0.150000 0.696875 0.106563 0.171875
10 0.309375 0.696875 0.106563 0.171875
9 0.468750 0.696875 0.106563 0.171875
10 0.628125 0.696875 0.106563 0.171875
0 0.787500 0.696875 0.106563 0.171875