2 0.065625 0.065625 0.034375 0.055000
5 0.121875 0.065625 0.034375 0.055000
12 0.178125 0.065625 0.034375 0.055000
21 0.234375 0.065625 0.034375 0.055000
8 0.290625 0.065625 0.034375 0.055000
21 0.346875 0.065625 0.034375 0.055000
6 0.403125 0.065625 0.034375 0.055000
1 0.459375 0.065625 0.034375 0.055000
15 0.515625 0.065625 0.034375 0.055000
1 0.571875 0.065625 0.034375 0.055000
25 0.628125 0.065625 0.034375 0.055000
15 0.684375 0.065625 0.034375 0.055000
19 0.740625 0.065625 0.034375 0.055000
21 0.796875 0.065625 0.034375 0.055000
10 0.853125 0.065625 0.034375 0.055000
10 0.909375 0.065625 0.034375 0.055000
7 0.065625 0.142187 0.034375 0.055000
14 0.121875 0.142187 0.034375 0.055000
15 0.178125 0.142187 0.034375 0.055000
21 0.234375 0.142187 0.034375 0.055000
14 0.290625 0.142187 0.034375 0.055000
21 0.346875 0.142187 0.034375 0.055000
5 0.403125 0.142187 0.034375 0.055000
17 0.459375 0.142187 0.034375 0.055000
12 0.515625 0.142187 0.034375 0.055000
25 0.571875 0.142187 0.034375 0.055000
2 0.628125 0.142187 0.034375 0.055000
11 0.684375 0.142187 0.034375 0.055000
9 0.740625 0.142187 0.034375 0.055000
20 0.796875 0.142187 0.034375 0.055000
20 0.853125 0.142187 0.034375 0.055000
16 0.909375 0.142187 0.034375 0.055000
22 0.065625 0.218750 0.034375 0.055000
13 0.121875 0.218750 0.034375 0.055000
22 0.178125 0.218750 0.034375 0.055000
1 0.234375 0.218750 0.034375 0.055000
7 0.290625 0.218750 0.034375 0.055000
4 0.346875 0.218750 0.034375 0.055000
6 0.403125 0.218750 0.034375 0.055000
15 0.459375 0.218750 0.034375 0.055000
16 0.515625 0.218750 0.034375 0.055000
6 0.571875 0.218750 0.034375 0.055000
21 0.628125 0.218750 0.034375 0.055000
17 0.684375 0.218750 0.034375 0.055000
12 0.740625 0.218750 0.034375 0.055000
18 0.796875 0.218750 0.034375 0.055000
9 0.853125 0.218750 0.034375 0.055000
14 0.909375 0.218750 0.034375 0.055000
5 0.065625 0.295312 0.034375 0.055000
22 0.121875 0.295312 0.034375 0.055000
22 0.178125 0.295312 0.034375 0.055000
24 0.234375 0.295312 0.034375 0.055000
3 0.290625 0.295312 0.034375 0.055000
20 0.346875 0.295312 0.034375 0.055000
23 0.403125 0.295312 0.034375 0.055000
10 0.459375 0.295312 0.034375 0.055000
17 0.515625 0.295312 0.034375 0.055000
7 0.571875 0.295312 0.034375 0.055000
13 0.628125 0.295312 0.034375 0.055000
13 0.684375 0.295312 0.034375 0.055000
23 0.740625 0.295312 0.034375 0.055000
4 0.796875 0.295312 0.034375 0.055000
2 0.853125 0.295312 0.034375 0.055000
23 0.909375 0.295312 0.034375 0.055000
11 0.065625 0.371875 0.034375 0.055000
2 0.121875 0.371875 0.034375 0.055000
5 0.178125 0.371875 0.034375 0.055000
15 0.234375 0.371875 0.034375 0.055000
12 0.290625 0.371875 0.034375 0.055000
22 0.346875 0.371875 0.034375 0.055000
0 0.403125 0.371875 0.034375 0.055000
11 0.459375 0.371875 0.034375 0.055000
4 0.515625 0.371875 0.034375 0.055000
20 0.571875 0.371875 0.034375 0.055000
7 0.628125 0.371875 0.034375 0.055000
10 0.684375 0.371875 0.034375 0.055000
0 0.740625 0.371875 0.034375 0.055000
11 0.796875 0.371875 0.034375 0.055000
7 0.853125 0.371875 0.034375 0.055000
24 0.909375 0.371875 0.034375 0.055000
15 0.065625 0.448437 0.034375 0.055000
16 0.121875 0.448437 0.034375 0.055000
6 0.178125 0.448437 0.034375 0.055000
9 0.234375 0.448437 0.034375 0.055000
10 0.290625 0.448437 0.034375 0.055000
9 0.346875 0.448437 0.034375 0.055000
14 0.403125 0.448437 0.034375 0.055000
12 0.459375 0.448437 0.034375 0.055000
7 0.515625 0.448437 0.034375 0.055000
11 0.571875 0.448437 0.034375 0.055000
22 0.628125 0.448437 0.034375 0.055000
2 0.684375 0.448437 0.034375 0.055000
15 0.740625 0.448437 0.034375 0.055000
18 0.796875 0.448437 0.034375 0.055000
25 0.853125 0.448437 0.034375 0.055000
25 0.909375 0.448437 0.034375 0.055000
6 0.065625 0.525000 0.034375 0.055000
12 0.121875 0.525000 0.034375 0.055000
2 0.178125 0.525000 0.034375 0.055000
8 0.234375 0.525000 0.034375 0.055000
19 0.290625 0.525000 0.034375 0.055000
24 0.346875 0.525000 0.034375 0.055000
21 0.403125 0.525000 0.034375 0.055000
4 0.459375 0.525000 0.034375 0.055000
10 0.515625 0.525000 0.034375 0.055000
21 0.571875 0.525000 0.034375 0.055000
5 0.628125 0.525000 0.034375 0.055000
0 0.684375 0.525000 0.034375 0.055000
23 0.740625 0.525000 0.034375 0.055000
6 0.796875 0.525000 0.034375 0.055000
19 0.853125 0.525000 0.034375 0.055000
25 0.909375 0.525000 0.034375 0.055000
18 0.065625 0.601562 0.034375 0.055000
9 0.121875 0.601562 0.034375 0.055000
4 0.178125 0.601562 0.034375 0.055000
22 0.234375 0.601562 0.034375 0.055000
23 0.290625 0.601562 0.034375 0.055000
17 0.346875 0.601562 0.034375 0.055000
18 0.403125 0.601562 0.034375 0.055000
22 0.459375 0.601562 0.034375 0.055000
12 0.515625 0.601562 0.034375 0.055000
2 0.571875 0.601562 0.034375 0.055000
7 0.628125 0.601562 0.034375 0.055000
24 0.684375 0.601562 0.034375 0.055000
2 0.740625 0.601562 0.034375 0.055000
19 0.796875 0.601562 0.034375 0.055000
22 0.853125 0.601562 0.034375 0.055000
8 0.909375 0.601562 0.034375 0.055000
25 0.065625 0.678125 0.034375 0.055000
21 0.121875 0.678125 0.034375 0.055000
0 0.178125 0.678125 0.034375 0.055000
17 0.234375 0.678125 0.034375 0.055000
3 0.290625 0.678125 0.034375 0.055000
15 0.346875 0.678125 0.034375 0.055000
21 0.403125 0.678125 0.034375 0.055000
21 0.459375 0.678125 0.034375 0.055000
8 0.515625 0.678125 0.034375 0.055000
10 0.571875 0.678125 0.034375 0.055000
14 0.628125 0.678125 0.034375 0.055000
18 0.684375 0.678125 0.034375 0.055000
9 0.740625 0.678125 0.034375 0.055000
10 0.796875 0.678125 0.034375 0.055000
16 0.853125 0.678125 0.034375 0.055000
1 0.909375 0.678125 0.034375 0.055000
25 0.065625 0.754687 0.034375 0.055000
23 0.121875 0.754687 0.034375 0.055000
15 0.178125 0.754687 0.034375 0.055000
24 0.234375 0.754687 0.034375 0.055000
3 0.290625 0.754687 0.034375 0.055000
14 0.346875 0.754687 0.034375 0.055000
2 0.403125 0.754687 0.034375 0.055000
14 0.459375 0.754687 0.034375 0.055000
23 0.515625 0.754687 0.034375 0.055000
11 0.571875 0.754687 0.034375 0.055000
25 0.628125 0.754687 0.034375 0.055000
11 0.684375 0.754687 0.034375 0.055000
15 0.740625 0.754687 0.034375 0.055000
10 0.796875 0.754687 0.034375 0.055000
14 0.853125 0.754687 0.034375 0.055000
5 0.909375 0.754687 0.034375 0.055000
13 0.065625 0.831250 0.034375 0.055000
13 0.121875 0.831250 0.034375 0.055000
7 0.178125 0.831250 0.034375 0.055000
22 0.234375 0.831250 0.034375 0.055000
23 0.290625 0.831250 0.034375 0.055000
7 0.346875 0.831250 0.034375 0.055000
12 0.403125 0.831250 0.034375 0.055000
18 0.459375 0.831250 0.034375 0.055000
19 0.515625 0.831250 0.034375 0.055000
1 0.571875 0.831250 0.034375 0.055000
14 0.628125 0.831250 0.034375 0.055000
2 0.684375 0.831250 0.034375 0.055000
20 0.740625 0.831250 0.034375 0.055000
9 0.796875 0.831250 0.034375 0.055000
6 0.853125 0.831250 0.034375 0.055000
14 0.909375 0.831250 0.034375 0.055000
25 0.065625 0.907813 0.034375 0.055000
2 0.121875 0.907813 0.034375 0.055000
25 0.178125 0.907813 0.034375 0.055000
12 0.234375 0.907813 0.034375 0.055000
13 0.290625 0.907813 0.034375 0.055000
14 0.346875 0.907813 0.034375 0.055000
18 0.403125 0.907813 0.034375 0.055000
25 0.459375 0.907813 0.034375 0.055000
6 0.515625 0.907813 0.034375 0.055000
16 0.571875 0.907813 0.034375 0.055000
24 0.628125 0.907813 0.034375 0.055000
1 0.684375 0.907813 0.034375 0.055000
0 0.740625 0.907813 0.034375 0.055000
11 0.796875 0.907813 0.034375 0.055000
22 0.853125 0.907813 0.034375 0.055000
1 0.909375 0.907813 0.034375 0.055000