20 0.128906 0.164062 0.077344 0.120313
6 0.230469 0.164062 0.077344 0.120313
12 0.332031 0.164062 0.077344 0.120313
23 0.433594 0.164062 0.077344 0.120313
5 0.535156 0.164062 0.077344 0.120313
10 0.636719 0.164062 0.077344 0.120313
1 0.738281 0.164062 0.077344 0.120313
13 0.839844 0.164062 0.077344 0.120313
9 0.128906 0.320312 0.077344 0.120313
25 0.230469 0.320312 0.077344 0.120313
6 0.332031 0.320312 0.077344 0.120313
25 0.433594 0.320312 0.077344 0.120313
18 0.535156 0.320312 0.077344 0.120313
9 0.636719 0.320312 0.077344 0.120313
20 0.738281 0.320312 0.077344 0.120313
20 0.839844 0.320312 0.077344 0.120313
20 0.128906 0.476562 0.077344 0.120313
24 0.230469 0.476562 0.077344 0.120313
3 0.332031 0.476562 0.077344 0.120313
4 0.433594 0.476562 0.077344 0.120313
2 0.535156 0.476562 0.077344 0.120313
22 0.636719 0.476562 0.077344 0.120313
0 0.738281 0.476562 0.077344 0.120313
20 0.839844 0.476562 0.077344 0.120313
17 0.128906 0.632812 0.077344 0.120313
6 0.230469 0.632812 0.077344 0.120313
2 0.332031 0.632812 0.077344 0.120313
24 0.433594 0.632812 0.077344 0.120313
10 0.535156 0.632812 0.077344 0.120313
2 0.636719 0.632812 0.077344 0.120313
14 0.738281 0.632812 0.077344 0.120313
11 0.839844 0.632812 0.077344 0.120313
20 0.128906 0.789062 0.077344 0.120313
5 0.230469 0.789062 0.077344 0.120313
19 0.332031 0.789062 0.077344 0.120313
25 0.433594 0.789062 0.077344 0.120313
16 0.535156 0.789062 0.077344 0.120313
14 0.636719 0.789062 0.077344 0.120313
6 0.738281 0.789062 0.077344 0.120313
18 0.839844 0.789062 0.077344 0.120313