20 0.075781 0.104688 0.049844 0.079063
2 0.144531 0.104688 0.049844 0.079063
8 0.213281 0.104688 0.049844 0.079063
3 0.282031 0.104688 0.049844 0.079063
5 0.350781 0.104688 0.049844 0.079063
6 0.419531 0.104688 0.049844 0.079063
16 0.488281 0.104688 0.049844 0.079063
21 0.557031 0.104688 0.049844 0.079063
9 0.625781 0.104688 0.049844 0.079063
8 0.694531 0.104688 0.049844 0.079063
23 0.763281 0.104688 0.049844 0.079063
3 0.832031 0.104688 0.049844 0.079063
1 0.900781 0.104688 0.049844 0.079063
19 0.075781 0.212500 0.049844 0.079063
3 0.144531 0.212500 0.049844 0.079063
14 0.213281 0.212500 0.049844 0.079063
4 0.282031 0.212500 0.049844 0.079063
12 0.350781 0.212500 0.049844 0.079063
3 0.419531 0.212500 0.049844 0.079063
2 0.488281 0.212500 0.049844 0.079063
10 0.557031 0.212500 0.049844 0.079063
0 0.625781 0.212500 0.049844 0.079063
21 0.694531 0.212500 0.049844 0.079063
2 0.763281 0.212500 0.049844 0.079063
4 0.832031 0.212500 0.049844 0.079063
2 0.900781 0.212500 0.049844 0.079063
12 0.075781 0.320312 0.049844 0.079063
3 0.144531 0.320312 0.049844 0.079063
12 0.213281 0.320312 0.049844 0.079063
23 0.282031 0.320312 0.049844 0.079063
19 0.350781 0.320312 0.049844 0.079063
18 0.419531 0.320312 0.049844 0.079063
6 0.488281 0.320312 0.049844 0.079063
12 0.557031 0.320312 0.049844 0.079063
0 0.625781 0.320312 0.049844 0.079063
13 0.694531 0.320312 0.049844 0.079063
9 0.763281 0.320312 0.049844 0.079063
8 0.832031 0.320312 0.049844 0.079063
4 0.900781 0.320312 0.049844 0.079063
16 0.075781 0.428125 0.049844 0.079063
3 0.144531 0.428125 0.049844 0.079063
11 0.213281 0.428125 0.049844 0.079063
2 0.282031 0.428125 0.049844 0.079063
15 0.350781 0.428125 0.049844 0.079063
19 0.419531 0.428125 0.049844 0.079063
25 0.488281 0.428125 0.049844 0.079063
16 0.557031 0.428125 0.049844 0.079063
0 0.625781 0.428125 0.049844 0.079063
7 0.694531 0.428125 0.049844 0.079063
9 0.763281 0.428125 0.049844 0.079063
22 0.832031 0.428125 0.049844 0.079063
18 0.900781 0.428125 0.049844 0.079063
21 0.075781 0.535937 0.049844 0.079063
10 0.144531 0.535937 0.049844 0.079063
12 0.213281 0.535937 0.049844 0.079063
20 0.282031 0.535937 0.049844 0.079063
8 0.350781 0.535937 0.049844 0.079063
12 0.419531 0.535937 0.049844 0.079063
4 0.488281 0.535937 0.049844 0.079063
0 0.557031 0.535937 0.049844 0.079063
9 0.625781 0.535937 0.049844 0.079063
16 0.694531 0.535937 0.049844 0.079063
3 0.763281 0.535937 0.049844 0.079063
11 0.832031 0.535937 0.049844 0.079063
2 0.900781 0.535937 0.049844 0.079063
11 0.075781 0.643750 0.049844 0.079063
18 0.144531 0.643750 0.049844 0.079063
1 0.213281 0.643750 0.049844 0.079063
17 0.282031 0.643750 0.049844 0.079063
9 0.350781 0.643750 0.049844 0.079063
24 0.419531 0.643750 0.049844 0.079063
2 0.488281 0.643750 0.049844 0.079063
20 0.557031 0.643750 0.049844 0.079063
13 0.625781 0.643750 0.049844 0.079063
13 0.694531 0.643750 0.049844 0.079063
15 0.763281 0.643750 0.049844 0.079063
6 0.832031 0.643750 0.049844 0.079063
18 0.900781 0.643750 0.049844 0.079063
20 0.075781 0.751563 0.049844 0.079063
4 0.144531 0.751563 0.049844 0.079063
9 0.213281 0.751563 0.049844 0.079063
19 0.282031 0.751563 0.049844 0.079063
0 0.350781 0.751563 0.049844 0.079063
8 0.419531 0.751563 0.049844 0.079063
17 0.488281 0.751563 0.049844 0.079063
17 0.557031 0.751563 0.049844 0.079063
15 0.625781 0.751563 0.049844 0.079063
14 0.694531 0.751563 0.049844 0.079063
16 0.763281 0.751563 0.049844 0.079063
19 0.832031 0.751563 0.049844 0.079063
13 0.900781 0.751563 0.049844 0.079063
12 0.075781 0.859375 0.049844 0.079063
14 0.144531 0.859375 0.049844 0.079063
24 0.213281 0.859375 0.049844 0.079063
10 0.282031 0.859375 0.049844 0.079063
2 0.350781 0.859375 0.049844 0.079063
9 0.419531 0.859375 0.049844 0.079063
13 0.488281 0.859375 0.049844 0.079063
9 0.557031 0.859375 0.049844 0.079063
17 0.625781 0.859375 0.049844 0.079063
15 0.694531 0.859375 0.049844 0.079063
15 0.763281 0.859375 0.049844 0.079063
21 0.832031 0.859375 0.049844 0.079063
6 0.900781 0.859375 0.049844 0.079063