25 0.164844 0.259375 0.104844 0.161562
14 0.317969 0.259375 0.104844 0.161562
5 0.471094 0.259375 0.104844 0.161562
18 0.624219 0.259375 0.104844 0.161562
3 0.777344 0.259375 0.104844 0.161562
15 0.164844 0.468750 0.104844 0.161562
22 0.317969 0.468750 0.104844 0.161562
20 0.471094 0.468750 0.104844 0.161562
7 0.624219 0.468750 0.104844 0.161562
9 0.777344 0.468750 0.104844 0.161562
6 0.164844 0.678125 0.104844 0.161562
13 0.317969 0.678125 0.104844 0.161562
13 0.471094 0.678125 0.104844 0.161562
9 0.624219 0.678125 0.104844 0.161562
13 0.777344 0.678125 0.104844 0.161562