8 0.107031 0.178125 0.070469 0.110000
25 0.213281 0.178125 0.070469 0.110000
25 0.319531 0.178125 0.070469 0.110000
5 0.425781 0.178125 0.070469 0.110000
3 0.532031 0.178125 0.070469 0.110000
7 0.638281 0.178125 0.070469 0.110000
16 0.744531 0.178125 0.070469 0.110000
4 0.850781 0.178125 0.070469 0.110000
9 0.107031 0.326562 0.070469 0.110000
8 0.213281 0.326562 0.070469 0.110000
1 0.319531 0.326562 0.070469 0.110000
0 0.425781 0.326562 0.070469 0.110000
10 0.532031 0.326562 0.070469 0.110000
18 0.638281 0.326562 0.070469 0.110000
25 0.744531 0.326562 0.070469 0.110000
0 0.850781 0.326562 0.070469 0.110000
10 0.107031 0.475000 0.070469 0.110000
1 0.213281 0.475000 0.070469 0.110000
1 0.319531 0.475000 0.070469 0.110000
13 0.425781 0.475000 0.070469 0.110000
3 0.532031 0.475000 0.070469 0.110000
8 0.638281 0.475000 0.070469 0.110000
11 0.744531 0.475000 0.070469 0.110000
3 0.850781 0.475000 0.070469 0.110000
21 0.107031 0.623437 0.070469 0.110000
7 0.213281 0.623437 0.070469 0.110000
18 0.319531 0.623437 0.070469 0.110000
23 0.425781 0.623437 0.070469 0.110000
9 0.532031 0.623437 0.070469 0.110000
12 0.638281 0.623437 0.070469 0.110000
18 0.744531 0.623437 0.070469 0.110000
5 0.850781 0.623437 0.070469 0.110000
1 0.107031 0.771875 0.070469 0.110000
24 0.213281 0.771875 0.070469 0.110000
18 0.319531 0.771875 0.070469 0.110000
9 0.425781 0.771875 0.070469 0.110000
22 0.532031 0.771875 0.070469 0.110000
24 0.638281 0.771875 0.070469 0.110000
17 0.744531 0.771875 0.070469 0.110000
21 0.850781 0.771875 0.070469 0.110000