6 0.124219 0.164062 0.077344 0.120313
22 0.241406 0.164062 0.077344 0.120313
24 0.358594 0.164062 0.077344 0.120313
16 0.475781 0.164062 0.077344 0.120313
24 0.592969 0.164062 0.077344 0.120313
6 0.710156 0.164062 0.077344 0.120313
7 0.827344 0.164062 0.077344 0.120313
10 0.124219 0.320312 0.077344 0.120313
11 0.241406 0.320312 0.077344 0.120313
0 0.358594 0.320312 0.077344 0.120313
23 0.475781 0.320312 0.077344 0.120313
16 0.592969 0.320312 0.077344 0.120313
17 0.710156 0.320312 0.077344 0.120313
14 0.827344 0.320312 0.077344 0.120313
11 0.124219 0.476562 0.077344 0.120313
1 0.241406 0.476562 0.077344 0.120313
8 0.358594 0.476562 0.077344 0.120313
5 0.475781 0.476562 0.077344 0.120313
1 0.592969 0.476562 0.077344 0.120313
2 0.710156 0.476562 0.077344 0.120313
21 0.827344 0.476562 0.077344 0.120313
8 0.124219 0.632812 0.077344 0.120313
2 0.241406 0.632812 0.077344 0.120313
14 0.358594 0.632812 0.077344 0.120313
0 0.475781 0.632812 0.077344 0.120313
15 0.592969 0.632812 0.077344 0.120313
8 0.710156 0.632812 0.077344 0.120313
7 0.827344 0.632812 0.077344 0.120313
0 0.124219 0.789062 0.077344 0.120313
1 0.241406 0.789062 0.077344 0.120313
13 0.358594 0.789062 0.077344 0.120313
25 0.475781 0.789062 0.077344 0.120313
3 0.592969 0.789062 0.077344 0.120313
3 0.710156 0.789062 0.077344 0.120313
0 0.827344 0.789062 0.077344 0.120313