17 0.138281 0.212500 0.084219 0.130625
3 0.252344 0.212500 0.084219 0.130625
22 0.366406 0.212500 0.084219 0.130625
24 0.480469 0.212500 0.084219 0.130625
19 0.594531 0.212500 0.084219 0.130625
14 0.708594 0.212500 0.084219 0.130625
15 0.822656 0.212500 0.084219 0.130625
21 0.138281 0.385937 0.084219 0.130625
10 0.252344 0.385937 0.084219 0.130625
10 0.366406 0.385937 0.084219 0.130625
2 0.480469 0.385937 0.084219 0.130625
12 0.594531 0.385937 0.084219 0.130625
17 0.708594 0.385937 0.084219 0.130625
3 0.822656 0.385937 0.084219 0.130625
0 0.138281 0.559375 0.084219 0.130625
12 0.252344 0.559375 0.084219 0.130625
21 0.366406 0.559375 0.084219 0.130625
4 0.480469 0.559375 0.084219 0.130625
23 0.594531 0.559375 0.084219 0.130625
10 0.708594 0.559375 0.084219 0.130625
9 0.822656 0.559375 0.084219 0.130625
11 0.138281 0.732812 0.084219 0.130625
12 0.252344 0.732812 0.084219 0.130625
22 0.366406 0.732812 0.084219 0.130625
8 0.480469 0.732812 0.084219 0.130625
7 0.594531 0.732812 0.084219 0.130625
4 0.708594 0.732812 0.084219 0.130625
21 0.822656 0.732812 0.084219 0.130625