14 0.150781 0.167187 0.087656 0.140937
23 0.280469 0.167187 0.087656 0.140937
14 0.410156 0.167187 0.087656 0.140937
7 0.539844 0.167187 0.087656 0.140937
15 0.669531 0.167187 0.087656 0.140937
0 0.799219 0.167187 0.087656 0.140937
0 0.150781 0.365625 0.087656 0.140937
19 0.280469 0.365625 0.087656 0.140937
13 0.410156 0.365625 0.087656 0.140937
18 0.539844 0.365625 0.087656 0.140937
11 0.669531 0.365625 0.087656 0.140937
13 0.799219 0.365625 0.087656 0.140937
15 0.150781 0.564063 0.087656 0.140937
18 0.280469 0.564063 0.087656 0.140937
10 0.410156 0.564063 0.087656 0.140937
12 0.539844 0.564063 0.087656 0.140937
13 0.669531 0.564063 0.087656 0.140937
11 0.799219 0.564063 0.087656 0.140937
12 0.150781 0.762500 0.087656 0.140937
6 0.280469 0.762500 0.087656 0.140937
2 0.410156 0.762500 0.087656 0.140937
21 0.539844 0.762500 0.087656 0.140937
23 0.669531 0.762500 0.087656 0.140937
19 0.799219 0.762500 0.087656 0.140937