15 0.082031 0.190625 0.070469 0.110000
8 0.182031 0.190625 0.070469 0.110000
2 0.282031 0.190625 0.070469 0.110000
12 0.382031 0.190625 0.070469 0.110000
24 0.482031 0.190625 0.070469 0.110000
4 0.582031 0.190625 0.070469 0.110000
6 0.682031 0.190625 0.070469 0.110000
3 0.782031 0.190625 0.070469 0.110000
17 0.882031 0.190625 0.070469 0.110000
5 0.082031 0.334375 0.070469 0.110000
5 0.182031 0.334375 0.070469 0.110000
14 0.282031 0.334375 0.070469 0.110000
22 0.382031 0.334375 0.070469 0.110000
8 0.482031 0.334375 0.070469 0.110000
14 0.582031 0.334375 0.070469 0.110000
0 0.682031 0.334375 0.070469 0.110000
17 0.782031 0.334375 0.070469 0.110000
14 0.882031 0.334375 0.070469 0.110000
14 0.082031 0.478125 0.070469 0.110000
25 0.182031 0.478125 0.070469 0.110000
15 0.282031 0.478125 0.070469 0.110000
2 0.382031 0.478125 0.070469 0.110000
19 0.482031 0.478125 0.070469 0.110000
10 0.582031 0.478125 0.070469 0.110000
23 0.682031 0.478125 0.070469 0.110000
1 0.782031 0.478125 0.070469 0.110000
16 0.882031 0.478125 0.070469 0.110000
1 0.082031 0.621875 0.070469 0.110000
2 0.182031 0.621875 0.070469 0.110000
20 0.282031 0.621875 0.070469 0.110000
7 0.382031 0.621875 0.070469 0.110000
4 0.482031 0.621875 0.070469 0.110000
4 0.582031 0.621875 0.070469 0.110000
4 0.682031 0.621875 0.070469 0.110000
1 0.782031 0.621875 0.070469 0.110000
19 0.882031 0.621875 0.070469 0.110000
1 0.082031 0.765625 0.070469 0.110000
24 0.182031 0.765625 0.070469 0.110000
16 0.282031 0.765625 0.070469 0.110000
2 0.382031 0.765625 0.070469 0.110000
15 0.482031 0.765625 0.070469 0.110000
22 0.582031 0.765625 0.070469 0.110000
9 0.682031 0.765625 0.070469 0.110000
25 0.782031 0.765625 0.070469 0.110000
4 0.882031 0.765625 0.070469 0.110000