19 0.143750 0.181250 0.092812 0.144375
18 0.276562 0.181250 0.092812 0.144375
17 0.409375 0.181250 0.092812 0.144375
23 0.542188 0.181250 0.092812 0.144375
7 0.675000 0.181250 0.092812 0.144375
19 0.807813 0.181250 0.092812 0.144375
23 0.143750 0.373437 0.092812 0.144375
5 0.276562 0.373437 0.092812 0.144375
12 0.409375 0.373437 0.092812 0.144375
3 0.542188 0.373437 0.092812 0.144375
14 0.675000 0.373437 0.092812 0.144375
2 0.807813 0.373437 0.092812 0.144375
0 0.143750 0.565625 0.092812 0.144375
7 0.276562 0.565625 0.092812 0.144375
13 0.409375 0.565625 0.092812 0.144375
11 0.542188 0.565625 0.092812 0.144375
13 0.675000 0.565625 0.092812 0.144375
12 0.807813 0.565625 0.092812 0.144375
1 0.143750 0.757812 0.092812 0.144375
7 0.276562 0.757812 0.092812 0.144375
3 0.409375 0.757812 0.092812 0.144375
0 0.542188 0.757812 0.092812 0.144375
25 0.675000 0.757812 0.092812 0.144375
19 0.807813 0.757812 0.092812 0.144375