19 0.100781 0.189062 0.084219 0.134063
25 0.225781 0.189062 0.084219 0.134063
20 0.350781 0.189062 0.084219 0.134063
5 0.475781 0.189062 0.084219 0.134063
4 0.600781 0.189062 0.084219 0.134063
19 0.725781 0.189062 0.084219 0.134063
1 0.850781 0.189062 0.084219 0.134063
24 0.100781 0.375000 0.084219 0.134063
12 0.225781 0.375000 0.084219 0.134063
20 0.350781 0.375000 0.084219 0.134063
2 0.475781 0.375000 0.084219 0.134063
1 0.600781 0.375000 0.084219 0.134063
6 0.725781 0.375000 0.084219 0.134063
9 0.850781 0.375000 0.084219 0.134063
14 0.100781 0.560937 0.084219 0.134063
18 0.225781 0.560937 0.084219 0.134063
21 0.350781 0.560937 0.084219 0.134063
13 0.475781 0.560937 0.084219 0.134063
21 0.600781 0.560937 0.084219 0.134063
12 0.725781 0.560937 0.084219 0.134063
2 0.850781 0.560937 0.084219 0.134063
2 0.100781 0.746875 0.084219 0.134063
23 0.225781 0.746875 0.084219 0.134063
7 0.350781 0.746875 0.084219 0.134063
8 0.475781 0.746875 0.084219 0.134063
14 0.600781 0.746875 0.084219 0.134063
3 0.725781 0.746875 0.084219 0.134063
9 0.850781 0.746875 0.084219 0.134063