22 0.125781 0.153125 0.080781 0.123750
24 0.242969 0.153125 0.080781 0.123750
6 0.360156 0.153125 0.080781 0.123750
11 0.477344 0.153125 0.080781 0.123750
15 0.594531 0.153125 0.080781 0.123750
19 0.711719 0.153125 0.080781 0.123750
1 0.828906 0.153125 0.080781 0.123750
1 0.125781 0.314063 0.080781 0.123750
11 0.242969 0.314063 0.080781 0.123750
16 0.360156 0.314063 0.080781 0.123750
11 0.477344 0.314063 0.080781 0.123750
2 0.594531 0.314063 0.080781 0.123750
3 0.711719 0.314063 0.080781 0.123750
22 0.828906 0.314063 0.080781 0.123750
24 0.125781 0.475000 0.080781 0.123750
4 0.242969 0.475000 0.080781 0.123750
23 0.360156 0.475000 0.080781 0.123750
19 0.477344 0.475000 0.080781 0.123750
20 0.594531 0.475000 0.080781 0.123750
19 0.711719 0.475000 0.080781 0.123750
10 0.828906 0.475000 0.080781 0.123750
9 0.125781 0.635938 0.080781 0.123750
2 0.242969 0.635938 0.080781 0.123750
17 0.360156 0.635938 0.080781 0.123750
11 0.477344 0.635938 0.080781 0.123750
23 0.594531 0.635938 0.080781 0.123750
22 0.711719 0.635938 0.080781 0.123750
12 0.828906 0.635938 0.080781 0.123750
20 0.125781 0.796875 0.080781 0.123750
0 0.242969 0.796875 0.080781 0.123750
14 0.360156 0.796875 0.080781 0.123750
0 0.477344 0.796875 0.080781 0.123750
8 0.594531 0.796875 0.080781 0.123750
24 0.711719 0.796875 0.080781 0.123750
1 0.828906 0.796875 0.080781 0.123750