15 0.104688 0.182812 0.082500 0.134063
18 0.228125 0.182812 0.082500 0.134063
25 0.351562 0.182812 0.082500 0.134063
4 0.475000 0.182812 0.082500 0.134063
12 0.598437 0.182812 0.082500 0.134063
17 0.721875 0.182812 0.082500 0.134063
25 0.845313 0.182812 0.082500 0.134063
0 0.104688 0.371875 0.082500 0.134063
21 0.228125 0.371875 0.082500 0.134063
10 0.351562 0.371875 0.082500 0.134063
22 0.475000 0.371875 0.082500 0.134063
13 0.598437 0.371875 0.082500 0.134063
1 0.721875 0.371875 0.082500 0.134063
9 0.845313 0.371875 0.082500 0.134063
23 0.104688 0.560937 0.082500 0.134063
1 0.228125 0.560937 0.082500 0.134063
22 0.351562 0.560937 0.082500 0.134063
10 0.475000 0.560937 0.082500 0.134063
21 0.598437 0.560937 0.082500 0.134063
11 0.721875 0.560937 0.082500 0.134063
19 0.845313 0.560937 0.082500 0.134063
13 0.104688 0.750000 0.082500 0.134063
2 0.228125 0.750000 0.082500 0.134063
24 0.351562 0.750000 0.082500 0.134063
0 0.475000 0.750000 0.082500 0.134063
12 0.598437 0.750000 0.082500 0.134063
23 0.721875 0.750000 0.082500 0.134063
22 0.845313 0.750000 0.082500 0.134063