13 0.145313 0.207813 0.085938 0.134063
3 0.276562 0.207813 0.085938 0.134063
20 0.407813 0.207813 0.085938 0.134063
15 0.539062 0.207813 0.085938 0.134063
14 0.670312 0.207813 0.085938 0.134063
5 0.801562 0.207813 0.085938 0.134063
5 0.145313 0.384375 0.085938 0.134063
21 0.276562 0.384375 0.085938 0.134063
0 0.407813 0.384375 0.085938 0.134063
18 0.539062 0.384375 0.085938 0.134063
19 0.670312 0.384375 0.085938 0.134063
17 0.801562 0.384375 0.085938 0.134063
5 0.145313 0.560937 0.085938 0.134063
23 0.276562 0.560937 0.085938 0.134063
16 0.407813 0.560937 0.085938 0.134063
3 0.539062 0.560937 0.085938 0.134063
25 0.670312 0.560937 0.085938 0.134063
12 0.801562 0.560937 0.085938 0.134063
3 0.145313 0.737500 0.085938 0.134063
1 0.276562 0.737500 0.085938 0.134063
7 0.407813 0.737500 0.085938 0.134063
3 0.539062 0.737500 0.085938 0.134063
14 0.670312 0.737500 0.085938 0.134063
18 0.801562 0.737500 0.085938 0.134063