16 0.129688 0.220312 0.075625 0.120313
17 0.245312 0.220312 0.075625 0.120313
8 0.360938 0.220312 0.075625 0.120313
8 0.476562 0.220312 0.075625 0.120313
10 0.592187 0.220312 0.075625 0.120313
4 0.707812 0.220312 0.075625 0.120313
17 0.823438 0.220312 0.075625 0.120313
4 0.129688 0.387500 0.075625 0.120313
4 0.245312 0.387500 0.075625 0.120313
9 0.360938 0.387500 0.075625 0.120313
1 0.476562 0.387500 0.075625 0.120313
6 0.592187 0.387500 0.075625 0.120313
20 0.707812 0.387500 0.075625 0.120313
23 0.823438 0.387500 0.075625 0.120313
2 0.129688 0.554688 0.075625 0.120313
0 0.245312 0.554688 0.075625 0.120313
5 0.360938 0.554688 0.075625 0.120313
8 0.476562 0.554688 0.075625 0.120313
2 0.592187 0.554688 0.075625 0.120313
21 0.707812 0.554688 0.075625 0.120313
15 0.823438 0.554688 0.075625 0.120313
1 0.129688 0.721875 0.075625 0.120313
11 0.245312 0.721875 0.075625 0.120313
14 0.360938 0.721875 0.075625 0.120313
19 0.476562 0.721875 0.075625 0.120313
18 0.592187 0.721875 0.075625 0.120313
10 0.707812 0.721875 0.075625 0.120313
15 0.823438 0.721875 0.075625 0.120313