6 0.179688 0.250000 0.103125 0.161562
17 0.326562 0.250000 0.103125 0.161562
18 0.473438 0.250000 0.103125 0.161562
15 0.620313 0.250000 0.103125 0.161562
13 0.767188 0.250000 0.103125 0.161562
10 0.179688 0.465625 0.103125 0.161562
5 0.326562 0.465625 0.103125 0.161562
3 0.473438 0.465625 0.103125 0.161562
10 0.620313 0.465625 0.103125 0.161562
23 0.767188 0.465625 0.103125 0.161562
19 0.179688 0.681250 0.103125 0.161562
15 0.326562 0.681250 0.103125 0.161562
8 0.473438 0.681250 0.103125 0.161562
9 0.620313 0.681250 0.103125 0.161562
19 0.767188 0.681250 0.103125 0.161562