4 0.099219 0.214062 0.080781 0.127188
13 0.224219 0.214062 0.080781 0.127188
18 0.349219 0.214062 0.080781 0.127188
25 0.474219 0.214062 0.080781 0.127188
9 0.599219 0.214062 0.080781 0.127188
14 0.724219 0.214062 0.080781 0.127188
13 0.849219 0.214062 0.080781 0.127188
5 0.099219 0.385937 0.080781 0.127188
7 0.224219 0.385937 0.080781 0.127188
14 0.349219 0.385937 0.080781 0.127188
7 0.474219 0.385937 0.080781 0.127188
18 0.599219 0.385937 0.080781 0.127188
6 0.724219 0.385937 0.080781 0.127188
15 0.849219 0.385937 0.080781 0.127188
13 0.099219 0.557813 0.080781 0.127188
1 0.224219 0.557813 0.080781 0.127188
22 0.349219 0.557813 0.080781 0.127188
12 0.474219 0.557813 0.080781 0.127188
13 0.599219 0.557813 0.080781 0.127188
11 0.724219 0.557813 0.080781 0.127188
22 0.849219 0.557813 0.080781 0.127188
6 0.099219 0.729688 0.080781 0.127188
25 0.224219 0.729688 0.080781 0.127188
15 0.349219 0.729688 0.080781 0.127188
6 0.474219 0.729688 0.080781 0.127188
11 0.599219 0.729688 0.080781 0.127188
17 0.724219 0.729688 0.080781 0.127188
22 0.849219 0.729688 0.080781 0.127188