21 0.153125 0.248438 0.106563 0.165000
22 0.310937 0.248438 0.106563 0.165000
15 0.468750 0.248438 0.106563 0.165000
18 0.626563 0.248438 0.106563 0.165000
2 0.784375 0.248438 0.106563 0.165000
5 0.153125 0.465625 0.106563 0.165000
20 0.310937 0.465625 0.106563 0.165000
0 0.468750 0.465625 0.106563 0.165000
7 0.626563 0.465625 0.106563 0.165000
19 0.784375 0.465625 0.106563 0.165000
19 0.153125 0.682813 0.106563 0.165000
11 0.310937 0.682813 0.106563 0.165000
4 0.468750 0.682813 0.106563 0.165000
2 0.626563 0.682813 0.106563 0.165000
16 0.784375 0.682813 0.106563 0.165000