11 0.156250 0.170313 0.099687 0.154688
9 0.285938 0.170313 0.099687 0.154688
3 0.415625 0.170313 0.099687 0.154688
10 0.545312 0.170313 0.099687 0.154688
22 0.675000 0.170313 0.099687 0.154688
8 0.804688 0.170313 0.099687 0.154688
10 0.156250 0.370312 0.099687 0.154688
2 0.285938 0.370312 0.099687 0.154688
1 0.415625 0.370312 0.099687 0.154688
2 0.545312 0.370312 0.099687 0.154688
8 0.675000 0.370312 0.099687 0.154688
2 0.804688 0.370312 0.099687 0.154688
5 0.156250 0.570312 0.099687 0.154688
23 0.285938 0.570312 0.099687 0.154688
4 0.415625 0.570312 0.099687 0.154688
4 0.545312 0.570312 0.099687 0.154688
23 0.675000 0.570312 0.099687 0.154688
13 0.804688 0.570312 0.099687 0.154688
21 0.156250 0.770312 0.099687 0.154688
25 0.285938 0.770312 0.099687 0.154688
8 0.415625 0.770312 0.099687 0.154688
20 0.545312 0.770312 0.099687 0.154688
23 0.675000 0.770312 0.099687 0.154688
8 0.804688 0.770312 0.099687 0.154688