7 0.092969 0.181250 0.067031 0.106563
15 0.202344 0.181250 0.067031 0.106563
9 0.311719 0.181250 0.067031 0.106563
7 0.421094 0.181250 0.067031 0.106563
8 0.530469 0.181250 0.067031 0.106563
15 0.639844 0.181250 0.067031 0.106563
1 0.749219 0.181250 0.067031 0.106563
7 0.858594 0.181250 0.067031 0.106563
9 0.092969 0.328125 0.067031 0.106563
25 0.202344 0.328125 0.067031 0.106563
7 0.311719 0.328125 0.067031 0.106563
15 0.421094 0.328125 0.067031 0.106563
14 0.530469 0.328125 0.067031 0.106563
23 0.639844 0.328125 0.067031 0.106563
24 0.749219 0.328125 0.067031 0.106563
21 0.858594 0.328125 0.067031 0.106563
2 0.092969 0.475000 0.067031 0.106563
22 0.202344 0.475000 0.067031 0.106563
12 0.311719 0.475000 0.067031 0.106563
20 0.421094 0.475000 0.067031 0.106563
6 0.530469 0.475000 0.067031 0.106563
17 0.639844 0.475000 0.067031 0.106563
22 0.749219 0.475000 0.067031 0.106563
19 0.858594 0.475000 0.067031 0.106563
7 0.092969 0.621875 0.067031 0.106563
8 0.202344 0.621875 0.067031 0.106563
19 0.311719 0.621875 0.067031 0.106563
3 0.421094 0.621875 0.067031 0.106563
15 0.530469 0.621875 0.067031 0.106563
0 0.639844 0.621875 0.067031 0.106563
2 0.749219 0.621875 0.067031 0.106563
6 0.858594 0.621875 0.067031 0.106563
22 0.092969 0.768750 0.067031 0.106563
23 0.202344 0.768750 0.067031 0.106563
7 0.311719 0.768750 0.067031 0.106563
15 0.421094 0.768750 0.067031 0.106563
20 0.530469 0.768750 0.067031 0.106563
17 0.639844 0.768750 0.067031 0.106563
17 0.749219 0.768750 0.067031 0.106563
10 0.858594 0.768750 0.067031 0.106563