23 0.155469 0.209375 0.077344 0.123750
21 0.282031 0.209375 0.077344 0.123750
25 0.408594 0.209375 0.077344 0.123750
12 0.535156 0.209375 0.077344 0.123750
14 0.661719 0.209375 0.077344 0.123750
6 0.788281 0.209375 0.077344 0.123750
23 0.155469 0.382812 0.077344 0.123750
25 0.282031 0.382812 0.077344 0.123750
4 0.408594 0.382812 0.077344 0.123750
17 0.535156 0.382812 0.077344 0.123750
1 0.661719 0.382812 0.077344 0.123750
8 0.788281 0.382812 0.077344 0.123750
16 0.155469 0.556250 0.077344 0.123750
10 0.282031 0.556250 0.077344 0.123750
12 0.408594 0.556250 0.077344 0.123750
1 0.535156 0.556250 0.077344 0.123750
2 0.661719 0.556250 0.077344 0.123750
19 0.788281 0.556250 0.077344 0.123750
7 0.155469 0.729688 0.077344 0.123750
25 0.282031 0.729688 0.077344 0.123750
7 0.408594 0.729688 0.077344 0.123750
11 0.535156 0.729688 0.077344 0.123750
0 0.661719 0.729688 0.077344 0.123750
19 0.788281 0.729688 0.077344 0.123750