6 0.115625 0.187500 0.092812 0.144375
0 0.237500 0.187500 0.092812 0.144375
19 0.359375 0.187500 0.092812 0.144375
8 0.481250 0.187500 0.092812 0.144375
9 0.603125 0.187500 0.092812 0.144375
7 0.725000 0.187500 0.092812 0.144375
11 0.846875 0.187500 0.092812 0.144375
20 0.115625 0.376563 0.092812 0.144375
3 0.237500 0.376563 0.092812 0.144375
6 0.359375 0.376563 0.092812 0.144375
16 0.481250 0.376563 0.092812 0.144375
5 0.603125 0.376563 0.092812 0.144375
13 0.725000 0.376563 0.092812 0.144375
20 0.846875 0.376563 0.092812 0.144375
5 0.115625 0.565625 0.092812 0.144375
10 0.237500 0.565625 0.092812 0.144375
6 0.359375 0.565625 0.092812 0.144375
17 0.481250 0.565625 0.092812 0.144375
23 0.603125 0.565625 0.092812 0.144375
16 0.725000 0.565625 0.092812 0.144375
12 0.846875 0.565625 0.092812 0.144375
13 0.115625 0.754687 0.092812 0.144375
2 0.237500 0.754687 0.092812 0.144375
13 0.359375 0.754687 0.092812 0.144375
3 0.481250 0.754687 0.092812 0.144375
11 0.603125 0.754687 0.092812 0.144375
1 0.725000 0.754687 0.092812 0.144375
16 0.846875 0.754687 0.092812 0.144375