1 0.134375 0.190625 0.092812 0.144375
4 0.270313 0.190625 0.092812 0.144375
23 0.406250 0.190625 0.092812 0.144375
24 0.542188 0.190625 0.092812 0.144375
15 0.678125 0.190625 0.092812 0.144375
10 0.814063 0.190625 0.092812 0.144375
24 0.134375 0.378125 0.092812 0.144375
6 0.270313 0.378125 0.092812 0.144375
24 0.406250 0.378125 0.092812 0.144375
2 0.542188 0.378125 0.092812 0.144375
25 0.678125 0.378125 0.092812 0.144375
21 0.814063 0.378125 0.092812 0.144375
11 0.134375 0.565625 0.092812 0.144375
22 0.270313 0.565625 0.092812 0.144375
21 0.406250 0.565625 0.092812 0.144375
14 0.542188 0.565625 0.092812 0.144375
12 0.678125 0.565625 0.092812 0.144375
21 0.814063 0.565625 0.092812 0.144375
0 0.134375 0.753125 0.092812 0.144375
19 0.270313 0.753125 0.092812 0.144375
22 0.406250 0.753125 0.092812 0.144375
3 0.542188 0.753125 0.092812 0.144375
17 0.678125 0.753125 0.092812 0.144375
0 0.814063 0.753125 0.092812 0.144375