4 0.173437 0.235937 0.099687 0.161562
1 0.321875 0.235937 0.099687 0.161562
11 0.470313 0.235937 0.099687 0.161562
3 0.618750 0.235937 0.099687 0.161562
4 0.767188 0.235937 0.099687 0.161562
16 0.173437 0.460938 0.099687 0.161562
11 0.321875 0.460938 0.099687 0.161562
17 0.470313 0.460938 0.099687 0.161562
16 0.618750 0.460938 0.099687 0.161562
19 0.767188 0.460938 0.099687 0.161562
17 0.173437 0.685937 0.099687 0.161562
13 0.321875 0.685937 0.099687 0.161562
12 0.470313 0.685937 0.099687 0.161562
23 0.618750 0.685937 0.099687 0.161562
16 0.767188 0.685937 0.099687 0.161562