21 0.142969 0.187500 0.080781 0.130625
22 0.274219 0.187500 0.080781 0.130625
2 0.405469 0.187500 0.080781 0.130625
21 0.536719 0.187500 0.080781 0.130625
13 0.667969 0.187500 0.080781 0.130625
14 0.799219 0.187500 0.080781 0.130625
4 0.142969 0.373437 0.080781 0.130625
20 0.274219 0.373437 0.080781 0.130625
10 0.405469 0.373437 0.080781 0.130625
11 0.536719 0.373437 0.080781 0.130625
5 0.667969 0.373437 0.080781 0.130625
22 0.799219 0.373437 0.080781 0.130625
25 0.142969 0.559375 0.080781 0.130625
12 0.274219 0.559375 0.080781 0.130625
21 0.405469 0.559375 0.080781 0.130625
9 0.536719 0.559375 0.080781 0.130625
12 0.667969 0.559375 0.080781 0.130625
25 0.799219 0.559375 0.080781 0.130625
12 0.142969 0.745313 0.080781 0.130625
0 0.274219 0.745313 0.080781 0.130625
24 0.405469 0.745313 0.080781 0.130625
11 0.536719 0.745313 0.080781 0.130625
1 0.667969 0.745313 0.080781 0.130625
21 0.799219 0.745313 0.080781 0.130625