4 0.157812 0.231250 0.099687 0.161562
12 0.312500 0.231250 0.099687 0.161562
4 0.467187 0.231250 0.099687 0.161562
4 0.621875 0.231250 0.099687 0.161562
8 0.776563 0.231250 0.099687 0.161562
19 0.157812 0.459375 0.099687 0.161562
19 0.312500 0.459375 0.099687 0.161562
1 0.467187 0.459375 0.099687 0.161562
14 0.621875 0.459375 0.099687 0.161562
12 0.776563 0.459375 0.099687 0.161562
9 0.157812 0.687500 0.099687 0.161562
7 0.312500 0.687500 0.099687 0.161562
2 0.467187 0.687500 0.099687 0.161562
3 0.621875 0.687500 0.099687 0.161562
24 0.776563 0.687500 0.099687 0.161562