22 0.166406 0.231250 0.108281 0.171875
16 0.319531 0.231250 0.108281 0.171875
23 0.472656 0.231250 0.108281 0.171875
23 0.625781 0.231250 0.108281 0.171875
3 0.778906 0.231250 0.108281 0.171875
12 0.166406 0.462500 0.108281 0.171875
15 0.319531 0.462500 0.108281 0.171875
9 0.472656 0.462500 0.108281 0.171875
11 0.625781 0.462500 0.108281 0.171875
25 0.778906 0.462500 0.108281 0.171875
16 0.166406 0.693750 0.108281 0.171875
8 0.319531 0.693750 0.108281 0.171875
14 0.472656 0.693750 0.108281 0.171875
2 0.625781 0.693750 0.108281 0.171875
17 0.778906 0.693750 0.108281 0.171875