10 0.144531 0.260937 0.104844 0.161562
7 0.278906 0.260937 0.104844 0.161562
21 0.413281 0.260937 0.104844 0.161562
20 0.547656 0.260937 0.104844 0.161562
21 0.682031 0.260937 0.104844 0.161562
22 0.816406 0.260937 0.104844 0.161562
1 0.144531 0.468750 0.104844 0.161562
16 0.278906 0.468750 0.104844 0.161562
23 0.413281 0.468750 0.104844 0.161562
21 0.547656 0.468750 0.104844 0.161562
23 0.682031 0.468750 0.104844 0.161562
10 0.816406 0.468750 0.104844 0.161562
2 0.144531 0.676562 0.104844 0.161562
10 0.278906 0.676562 0.104844 0.161562
14 0.413281 0.676562 0.104844 0.161562
19 0.547656 0.676562 0.104844 0.161562
23 0.682031 0.676562 0.104844 0.161562
8 0.816406 0.676562 0.104844 0.161562