15 0.125781 0.176563 0.094531 0.147812
2 0.264844 0.176563 0.094531 0.147812
14 0.403906 0.176563 0.094531 0.147812
14 0.542969 0.176563 0.094531 0.147812
25 0.682031 0.176563 0.094531 0.147812
5 0.821094 0.176563 0.094531 0.147812
18 0.125781 0.371875 0.094531 0.147812
4 0.264844 0.371875 0.094531 0.147812
6 0.403906 0.371875 0.094531 0.147812
6 0.542969 0.371875 0.094531 0.147812
12 0.682031 0.371875 0.094531 0.147812
17 0.821094 0.371875 0.094531 0.147812
1 0.125781 0.567187 0.094531 0.147812
18 0.264844 0.567187 0.094531 0.147812
20 0.403906 0.567187 0.094531 0.147812
8 0.542969 0.567187 0.094531 0.147812
20 0.682031 0.567187 0.094531 0.147812
5 0.821094 0.567187 0.094531 0.147812
10 0.125781 0.762500 0.094531 0.147812
2 0.264844 0.762500 0.094531 0.147812
15 0.403906 0.762500 0.094531 0.147812
10 0.542969 0.762500 0.094531 0.147812
21 0.682031 0.762500 0.094531 0.147812
20 0.821094 0.762500 0.094531 0.147812