8 0.094531 0.215625 0.084219 0.130625
16 0.205469 0.215625 0.084219 0.130625
1 0.316406 0.215625 0.084219 0.130625
15 0.427344 0.215625 0.084219 0.130625
0 0.538281 0.215625 0.084219 0.130625
9 0.649219 0.215625 0.084219 0.130625
22 0.760156 0.215625 0.084219 0.130625
14 0.871094 0.215625 0.084219 0.130625
0 0.094531 0.387500 0.084219 0.130625
8 0.205469 0.387500 0.084219 0.130625
12 0.316406 0.387500 0.084219 0.130625
16 0.427344 0.387500 0.084219 0.130625
10 0.538281 0.387500 0.084219 0.130625
22 0.649219 0.387500 0.084219 0.130625
18 0.760156 0.387500 0.084219 0.130625
9 0.871094 0.387500 0.084219 0.130625
18 0.094531 0.559375 0.084219 0.130625
12 0.205469 0.559375 0.084219 0.130625
17 0.316406 0.559375 0.084219 0.130625
10 0.427344 0.559375 0.084219 0.130625
16 0.538281 0.559375 0.084219 0.130625
12 0.649219 0.559375 0.084219 0.130625
19 0.760156 0.559375 0.084219 0.130625
24 0.871094 0.559375 0.084219 0.130625
16 0.094531 0.731250 0.084219 0.130625
1 0.205469 0.731250 0.084219 0.130625
2 0.316406 0.731250 0.084219 0.130625
16 0.427344 0.731250 0.084219 0.130625
2 0.538281 0.731250 0.084219 0.130625
20 0.649219 0.731250 0.084219 0.130625
6 0.760156 0.731250 0.084219 0.130625
17 0.871094 0.731250 0.084219 0.130625