1 0.089844 0.090625 0.046406 0.075625
4 0.161719 0.090625 0.046406 0.075625
0 0.233594 0.090625 0.046406 0.075625
9 0.305469 0.090625 0.046406 0.075625
6 0.377344 0.090625 0.046406 0.075625
4 0.449219 0.090625 0.046406 0.075625
23 0.521094 0.090625 0.046406 0.075625
16 0.592969 0.090625 0.046406 0.075625
14 0.664844 0.090625 0.046406 0.075625
23 0.736719 0.090625 0.046406 0.075625
7 0.808594 0.090625 0.046406 0.075625
14 0.880469 0.090625 0.046406 0.075625
20 0.089844 0.201563 0.046406 0.075625
6 0.161719 0.201563 0.046406 0.075625
22 0.233594 0.201563 0.046406 0.075625
20 0.305469 0.201563 0.046406 0.075625
19 0.377344 0.201563 0.046406 0.075625
20 0.449219 0.201563 0.046406 0.075625
20 0.521094 0.201563 0.046406 0.075625
13 0.592969 0.201563 0.046406 0.075625
22 0.664844 0.201563 0.046406 0.075625
23 0.736719 0.201563 0.046406 0.075625
25 0.808594 0.201563 0.046406 0.075625
22 0.880469 0.201563 0.046406 0.075625
8 0.089844 0.312500 0.046406 0.075625
4 0.161719 0.312500 0.046406 0.075625
4 0.233594 0.312500 0.046406 0.075625
13 0.305469 0.312500 0.046406 0.075625
20 0.377344 0.312500 0.046406 0.075625
25 0.449219 0.312500 0.046406 0.075625
23 0.521094 0.312500 0.046406 0.075625
16 0.592969 0.312500 0.046406 0.075625
23 0.664844 0.312500 0.046406 0.075625
1 0.736719 0.312500 0.046406 0.075625
19 0.808594 0.312500 0.046406 0.075625
7 0.880469 0.312500 0.046406 0.075625
19 0.089844 0.423438 0.046406 0.075625
1 0.161719 0.423438 0.046406 0.075625
19 0.233594 0.423438 0.046406 0.075625
9 0.305469 0.423438 0.046406 0.075625
24 0.377344 0.423438 0.046406 0.075625
17 0.449219 0.423438 0.046406 0.075625
5 0.521094 0.423438 0.046406 0.075625
20 0.592969 0.423438 0.046406 0.075625
0 0.664844 0.423438 0.046406 0.075625
19 0.736719 0.423438 0.046406 0.075625
13 0.808594 0.423438 0.046406 0.075625
25 0.880469 0.423438 0.046406 0.075625
5 0.089844 0.534375 0.046406 0.075625
8 0.161719 0.534375 0.046406 0.075625
20 0.233594 0.534375 0.046406 0.075625
22 0.305469 0.534375 0.046406 0.075625
6 0.377344 0.534375 0.046406 0.075625
23 0.449219 0.534375 0.046406 0.075625
10 0.521094 0.534375 0.046406 0.075625
12 0.592969 0.534375 0.046406 0.075625
20 0.664844 0.534375 0.046406 0.075625
19 0.736719 0.534375 0.046406 0.075625
24 0.808594 0.534375 0.046406 0.075625
2 0.880469 0.534375 0.046406 0.075625
14 0.089844 0.645312 0.046406 0.075625
4 0.161719 0.645312 0.046406 0.075625
16 0.233594 0.645312 0.046406 0.075625
18 0.305469 0.645312 0.046406 0.075625
10 0.377344 0.645312 0.046406 0.075625
18 0.449219 0.645312 0.046406 0.075625
22 0.521094 0.645312 0.046406 0.075625
5 0.592969 0.645312 0.046406 0.075625
13 0.664844 0.645312 0.046406 0.075625
11 0.736719 0.645312 0.046406 0.075625
20 0.808594 0.645312 0.046406 0.075625
0 0.880469 0.645312 0.046406 0.075625
16 0.089844 0.756250 0.046406 0.075625
9 0.161719 0.756250 0.046406 0.075625
19 0.233594 0.756250 0.046406 0.075625
10 0.305469 0.756250 0.046406 0.075625
18 0.377344 0.756250 0.046406 0.075625
12 0.449219 0.756250 0.046406 0.075625
2 0.521094 0.756250 0.046406 0.075625
18 0.592969 0.756250 0.046406 0.075625
15 0.664844 0.756250 0.046406 0.075625
20 0.736719 0.756250 0.046406 0.075625
23 0.808594 0.756250 0.046406 0.075625
14 0.880469 0.756250 0.046406 0.075625
22 0.089844 0.867188 0.046406 0.075625
2 0.161719 0.867188 0.046406 0.075625
6 0.233594 0.867188 0.046406 0.075625
0 0.305469 0.867188 0.046406 0.075625
5 0.377344 0.867188 0.046406 0.075625
7 0.449219 0.867188 0.046406 0.075625
25 0.521094 0.867188 0.046406 0.075625
17 0.592969 0.867188 0.046406 0.075625
8 0.664844 0.867188 0.046406 0.075625
22 0.736719 0.867188 0.046406 0.075625
20 0.808594 0.867188 0.046406 0.075625
19 0.880469 0.867188 0.046406 0.075625