21 0.140625 0.178125 0.075625 0.116875
24 0.253125 0.178125 0.075625 0.116875
18 0.365625 0.178125 0.075625 0.116875
15 0.478125 0.178125 0.075625 0.116875
22 0.590625 0.178125 0.075625 0.116875
9 0.703125 0.178125 0.075625 0.116875
4 0.815625 0.178125 0.075625 0.116875
7 0.140625 0.328125 0.075625 0.116875
25 0.253125 0.328125 0.075625 0.116875
21 0.365625 0.328125 0.075625 0.116875
8 0.478125 0.328125 0.075625 0.116875
4 0.590625 0.328125 0.075625 0.116875
0 0.703125 0.328125 0.075625 0.116875
3 0.815625 0.328125 0.075625 0.116875
18 0.140625 0.478125 0.075625 0.116875
25 0.253125 0.478125 0.075625 0.116875
5 0.365625 0.478125 0.075625 0.116875
9 0.478125 0.478125 0.075625 0.116875
18 0.590625 0.478125 0.075625 0.116875
13 0.703125 0.478125 0.075625 0.116875
17 0.815625 0.478125 0.075625 0.116875
25 0.140625 0.628125 0.075625 0.116875
17 0.253125 0.628125 0.075625 0.116875
8 0.365625 0.628125 0.075625 0.116875
16 0.478125 0.628125 0.075625 0.116875
0 0.590625 0.628125 0.075625 0.116875
17 0.703125 0.628125 0.075625 0.116875
14 0.815625 0.628125 0.075625 0.116875
22 0.140625 0.778125 0.075625 0.116875
4 0.253125 0.778125 0.075625 0.116875
0 0.365625 0.778125 0.075625 0.116875
20 0.478125 0.778125 0.075625 0.116875
24 0.590625 0.778125 0.075625 0.116875
9 0.703125 0.778125 0.075625 0.116875
2 0.815625 0.778125 0.075625 0.116875