7 0.139063 0.171875 0.103125 0.158125
13 0.275000 0.171875 0.103125 0.158125
7 0.410938 0.171875 0.103125 0.158125
9 0.546875 0.171875 0.103125 0.158125
5 0.682813 0.171875 0.103125 0.158125
3 0.818750 0.171875 0.103125 0.158125
17 0.139063 0.371875 0.103125 0.158125
2 0.275000 0.371875 0.103125 0.158125
15 0.410938 0.371875 0.103125 0.158125
16 0.546875 0.371875 0.103125 0.158125
17 0.682813 0.371875 0.103125 0.158125
13 0.818750 0.371875 0.103125 0.158125
19 0.139063 0.571875 0.103125 0.158125
3 0.275000 0.571875 0.103125 0.158125
9 0.410938 0.571875 0.103125 0.158125
9 0.546875 0.571875 0.103125 0.158125
24 0.682813 0.571875 0.103125 0.158125
15 0.818750 0.571875 0.103125 0.158125
7 0.139063 0.771875 0.103125 0.158125
24 0.275000 0.771875 0.103125 0.158125
23 0.410938 0.771875 0.103125 0.158125
1 0.546875 0.771875 0.103125 0.158125
2 0.682813 0.771875 0.103125 0.158125
18 0.818750 0.771875 0.103125 0.158125