12 0.126562 0.265625 0.096250 0.151250
1 0.265625 0.265625 0.096250 0.151250
4 0.404687 0.265625 0.096250 0.151250
22 0.543750 0.265625 0.096250 0.151250
8 0.682813 0.265625 0.096250 0.151250
18 0.821875 0.265625 0.096250 0.151250
10 0.126562 0.467187 0.096250 0.151250
10 0.265625 0.467187 0.096250 0.151250
21 0.404687 0.467187 0.096250 0.151250
24 0.543750 0.467187 0.096250 0.151250
3 0.682813 0.467187 0.096250 0.151250
24 0.821875 0.467187 0.096250 0.151250
17 0.126562 0.668750 0.096250 0.151250
6 0.265625 0.668750 0.096250 0.151250
15 0.404687 0.668750 0.096250 0.151250
11 0.543750 0.668750 0.096250 0.151250
13 0.682813 0.668750 0.096250 0.151250
10 0.821875 0.668750 0.096250 0.151250