6 0.153906 0.217188 0.115156 0.182188
11 0.313281 0.217188 0.115156 0.182188
13 0.472656 0.217188 0.115156 0.182188
4 0.632031 0.217188 0.115156 0.182188
9 0.791406 0.217188 0.115156 0.182188
9 0.153906 0.460938 0.115156 0.182188
21 0.313281 0.460938 0.115156 0.182188
15 0.472656 0.460938 0.115156 0.182188
14 0.632031 0.460938 0.115156 0.182188
20 0.791406 0.460938 0.115156 0.182188
1 0.153906 0.704688 0.115156 0.182188
20 0.313281 0.704688 0.115156 0.182188
25 0.472656 0.704688 0.115156 0.182188
14 0.632031 0.704688 0.115156 0.182188
21 0.791406 0.704688 0.115156 0.182188