21 0.142969 0.178125 0.091094 0.144375
22 0.275781 0.178125 0.091094 0.144375
21 0.408594 0.178125 0.091094 0.144375
15 0.541406 0.178125 0.091094 0.144375
4 0.674219 0.178125 0.091094 0.144375
6 0.807031 0.178125 0.091094 0.144375
19 0.142969 0.371875 0.091094 0.144375
11 0.275781 0.371875 0.091094 0.144375
5 0.408594 0.371875 0.091094 0.144375
14 0.541406 0.371875 0.091094 0.144375
15 0.674219 0.371875 0.091094 0.144375
16 0.807031 0.371875 0.091094 0.144375
17 0.142969 0.565625 0.091094 0.144375
21 0.275781 0.565625 0.091094 0.144375
2 0.408594 0.565625 0.091094 0.144375
6 0.541406 0.565625 0.091094 0.144375
21 0.674219 0.565625 0.091094 0.144375
10 0.807031 0.565625 0.091094 0.144375
5 0.142969 0.759375 0.091094 0.144375
22 0.275781 0.759375 0.091094 0.144375
23 0.408594 0.759375 0.091094 0.144375
25 0.541406 0.759375 0.091094 0.144375
23 0.674219 0.759375 0.091094 0.144375
8 0.807031 0.759375 0.091094 0.144375