21 0.135156 0.212500 0.077344 0.123750
13 0.249219 0.212500 0.077344 0.123750
1 0.363281 0.212500 0.077344 0.123750
19 0.477344 0.212500 0.077344 0.123750
9 0.591406 0.212500 0.077344 0.123750
21 0.705469 0.212500 0.077344 0.123750
12 0.819531 0.212500 0.077344 0.123750
9 0.135156 0.384375 0.077344 0.123750
22 0.249219 0.384375 0.077344 0.123750
21 0.363281 0.384375 0.077344 0.123750
4 0.477344 0.384375 0.077344 0.123750
13 0.591406 0.384375 0.077344 0.123750
13 0.705469 0.384375 0.077344 0.123750
23 0.819531 0.384375 0.077344 0.123750
21 0.135156 0.556250 0.077344 0.123750
25 0.249219 0.556250 0.077344 0.123750
9 0.363281 0.556250 0.077344 0.123750
19 0.477344 0.556250 0.077344 0.123750
15 0.591406 0.556250 0.077344 0.123750
16 0.705469 0.556250 0.077344 0.123750
17 0.819531 0.556250 0.077344 0.123750
8 0.135156 0.728125 0.077344 0.123750
14 0.249219 0.728125 0.077344 0.123750
5 0.363281 0.728125 0.077344 0.123750
4 0.477344 0.728125 0.077344 0.123750
16 0.591406 0.728125 0.077344 0.123750
6 0.705469 0.728125 0.077344 0.123750
16 0.819531 0.728125 0.077344 0.123750