24 0.114062 0.203125 0.089375 0.137500
12 0.235937 0.203125 0.089375 0.137500
23 0.357812 0.203125 0.089375 0.137500
10 0.479687 0.203125 0.089375 0.137500
20 0.601562 0.203125 0.089375 0.137500
17 0.723437 0.203125 0.089375 0.137500
8 0.845313 0.203125 0.089375 0.137500
23 0.114062 0.382812 0.089375 0.137500
20 0.235937 0.382812 0.089375 0.137500
14 0.357812 0.382812 0.089375 0.137500
4 0.479687 0.382812 0.089375 0.137500
17 0.601562 0.382812 0.089375 0.137500
12 0.723437 0.382812 0.089375 0.137500
0 0.845313 0.382812 0.089375 0.137500
16 0.114062 0.562500 0.089375 0.137500
13 0.235937 0.562500 0.089375 0.137500
2 0.357812 0.562500 0.089375 0.137500
2 0.479687 0.562500 0.089375 0.137500
17 0.601562 0.562500 0.089375 0.137500
12 0.723437 0.562500 0.089375 0.137500
3 0.845313 0.562500 0.089375 0.137500
2 0.114062 0.742188 0.089375 0.137500
25 0.235937 0.742188 0.089375 0.137500
13 0.357812 0.742188 0.089375 0.137500
0 0.479687 0.742188 0.089375 0.137500
20 0.601562 0.742188 0.089375 0.137500
0 0.723437 0.742188 0.089375 0.137500
10 0.845313 0.742188 0.089375 0.137500