16 0.073438 0.153125 0.058437 0.092812
22 0.164062 0.153125 0.058437 0.092812
13 0.254688 0.153125 0.058437 0.092812
17 0.345313 0.153125 0.058437 0.092812
10 0.435937 0.153125 0.058437 0.092812
7 0.526563 0.153125 0.058437 0.092812
10 0.617188 0.153125 0.058437 0.092812
1 0.707812 0.153125 0.058437 0.092812
25 0.798438 0.153125 0.058437 0.092812
4 0.889062 0.153125 0.058437 0.092812
13 0.073438 0.282813 0.058437 0.092812
17 0.164062 0.282813 0.058437 0.092812
9 0.254688 0.282813 0.058437 0.092812
8 0.345313 0.282813 0.058437 0.092812
8 0.435937 0.282813 0.058437 0.092812
7 0.526563 0.282813 0.058437 0.092812
22 0.617188 0.282813 0.058437 0.092812
5 0.707812 0.282813 0.058437 0.092812
12 0.798438 0.282813 0.058437 0.092812
15 0.889062 0.282813 0.058437 0.092812
10 0.073438 0.412500 0.058437 0.092812
6 0.164062 0.412500 0.058437 0.092812
21 0.254688 0.412500 0.058437 0.092812
13 0.345313 0.412500 0.058437 0.092812
22 0.435937 0.412500 0.058437 0.092812
8 0.526563 0.412500 0.058437 0.092812
18 0.617188 0.412500 0.058437 0.092812
5 0.707812 0.412500 0.058437 0.092812
1 0.798438 0.412500 0.058437 0.092812
7 0.889062 0.412500 0.058437 0.092812
19 0.073438 0.542188 0.058437 0.092812
25 0.164062 0.542188 0.058437 0.092812
19 0.254688 0.542188 0.058437 0.092812
5 0.345313 0.542188 0.058437 0.092812
24 0.435937 0.542188 0.058437 0.092812
6 0.526563 0.542188 0.058437 0.092812
15 0.617188 0.542188 0.058437 0.092812
2 0.707812 0.542188 0.058437 0.092812
23 0.798438 0.542188 0.058437 0.092812
11 0.889062 0.542188 0.058437 0.092812
18 0.073438 0.671875 0.058437 0.092812
20 0.164062 0.671875 0.058437 0.092812
19 0.254688 0.671875 0.058437 0.092812
1 0.345313 0.671875 0.058437 0.092812
15 0.435937 0.671875 0.058437 0.092812
8 0.526563 0.671875 0.058437 0.092812
14 0.617188 0.671875 0.058437 0.092812
17 0.707812 0.671875 0.058437 0.092812
6 0.798438 0.671875 0.058437 0.092812
21 0.889062 0.671875 0.058437 0.092812
12 0.073438 0.801562 0.058437 0.092812
21 0.164062 0.801562 0.058437 0.092812
2 0.254688 0.801562 0.058437 0.092812
2 0.345313 0.801562 0.058437 0.092812
14 0.435937 0.801562 0.058437 0.092812
1 0.526563 0.801562 0.058437 0.092812
7 0.617188 0.801562 0.058437 0.092812
25 0.707812 0.801562 0.058437 0.092812
17 0.798438 0.801562 0.058437 0.092812
24 0.889062 0.801562 0.058437 0.092812