16 0.100781 0.215625 0.084219 0.130625
6 0.210156 0.215625 0.084219 0.130625
8 0.319531 0.215625 0.084219 0.130625
3 0.428906 0.215625 0.084219 0.130625
20 0.538281 0.215625 0.084219 0.130625
24 0.647656 0.215625 0.084219 0.130625
7 0.757031 0.215625 0.084219 0.130625
7 0.866406 0.215625 0.084219 0.130625
24 0.100781 0.387500 0.084219 0.130625
4 0.210156 0.387500 0.084219 0.130625
10 0.319531 0.387500 0.084219 0.130625
20 0.428906 0.387500 0.084219 0.130625
3 0.538281 0.387500 0.084219 0.130625
11 0.647656 0.387500 0.084219 0.130625
9 0.757031 0.387500 0.084219 0.130625
10 0.866406 0.387500 0.084219 0.130625
13 0.100781 0.559375 0.084219 0.130625
21 0.210156 0.559375 0.084219 0.130625
24 0.319531 0.559375 0.084219 0.130625
18 0.428906 0.559375 0.084219 0.130625
0 0.538281 0.559375 0.084219 0.130625
4 0.647656 0.559375 0.084219 0.130625
3 0.757031 0.559375 0.084219 0.130625
6 0.866406 0.559375 0.084219 0.130625
7 0.100781 0.731250 0.084219 0.130625
1 0.210156 0.731250 0.084219 0.130625
10 0.319531 0.731250 0.084219 0.130625
10 0.428906 0.731250 0.084219 0.130625
18 0.538281 0.731250 0.084219 0.130625
2 0.647656 0.731250 0.084219 0.130625
20 0.757031 0.731250 0.084219 0.130625
23 0.866406 0.731250 0.084219 0.130625