21 0.120313 0.204687 0.079063 0.127188
17 0.239063 0.204687 0.079063 0.127188
23 0.357812 0.204687 0.079063 0.127188
3 0.476562 0.204687 0.079063 0.127188
9 0.595313 0.204687 0.079063 0.127188
18 0.714063 0.204687 0.079063 0.127188
5 0.832812 0.204687 0.079063 0.127188
15 0.120313 0.381250 0.079063 0.127188
9 0.239063 0.381250 0.079063 0.127188
12 0.357812 0.381250 0.079063 0.127188
15 0.476562 0.381250 0.079063 0.127188
14 0.595313 0.381250 0.079063 0.127188
16 0.714063 0.381250 0.079063 0.127188
13 0.832812 0.381250 0.079063 0.127188
14 0.120313 0.557813 0.079063 0.127188
16 0.239063 0.557813 0.079063 0.127188
14 0.357812 0.557813 0.079063 0.127188
2 0.476562 0.557813 0.079063 0.127188
12 0.595313 0.557813 0.079063 0.127188
1 0.714063 0.557813 0.079063 0.127188
20 0.832812 0.557813 0.079063 0.127188
9 0.120313 0.734375 0.079063 0.127188
21 0.239063 0.734375 0.079063 0.127188
22 0.357812 0.734375 0.079063 0.127188
8 0.476562 0.734375 0.079063 0.127188
15 0.595313 0.734375 0.079063 0.127188
23 0.714063 0.734375 0.079063 0.127188
17 0.832812 0.734375 0.079063 0.127188