5 0.110937 0.145313 0.079063 0.123750
10 0.217188 0.145313 0.079063 0.123750
5 0.323437 0.145313 0.079063 0.123750
15 0.429688 0.145313 0.079063 0.123750
21 0.535937 0.145313 0.079063 0.123750
8 0.642188 0.145313 0.079063 0.123750
17 0.748437 0.145313 0.079063 0.123750
16 0.854688 0.145313 0.079063 0.123750
15 0.110937 0.309375 0.079063 0.123750
23 0.217188 0.309375 0.079063 0.123750
9 0.323437 0.309375 0.079063 0.123750
11 0.429688 0.309375 0.079063 0.123750
1 0.535937 0.309375 0.079063 0.123750
13 0.642188 0.309375 0.079063 0.123750
15 0.748437 0.309375 0.079063 0.123750
7 0.854688 0.309375 0.079063 0.123750
8 0.110937 0.473438 0.079063 0.123750
17 0.217188 0.473438 0.079063 0.123750
17 0.323437 0.473438 0.079063 0.123750
9 0.429688 0.473438 0.079063 0.123750
21 0.535937 0.473438 0.079063 0.123750
5 0.642188 0.473438 0.079063 0.123750
4 0.748437 0.473438 0.079063 0.123750
9 0.854688 0.473438 0.079063 0.123750
0 0.110937 0.637500 0.079063 0.123750
22 0.217188 0.637500 0.079063 0.123750
11 0.323437 0.637500 0.079063 0.123750
20 0.429688 0.637500 0.079063 0.123750
14 0.535937 0.637500 0.079063 0.123750
7 0.642188 0.637500 0.079063 0.123750
20 0.748437 0.637500 0.079063 0.123750
5 0.854688 0.637500 0.079063 0.123750
0 0.110937 0.801562 0.079063 0.123750
8 0.217188 0.801562 0.079063 0.123750
12 0.323437 0.801562 0.079063 0.123750
1 0.429688 0.801562 0.079063 0.123750
9 0.535937 0.801562 0.079063 0.123750
16 0.642188 0.801562 0.079063 0.123750
18 0.748437 0.801562 0.079063 0.123750
11 0.854688 0.801562 0.079063 0.123750