19 0.141406 0.173437 0.087656 0.140937
25 0.274219 0.173437 0.087656 0.140937
0 0.407031 0.173437 0.087656 0.140937
10 0.539844 0.173437 0.087656 0.140937
14 0.672656 0.173437 0.087656 0.140937
0 0.805469 0.173437 0.087656 0.140937
17 0.141406 0.368750 0.087656 0.140937
13 0.274219 0.368750 0.087656 0.140937
11 0.407031 0.368750 0.087656 0.140937
10 0.539844 0.368750 0.087656 0.140937
2 0.672656 0.368750 0.087656 0.140937
12 0.805469 0.368750 0.087656 0.140937
2 0.141406 0.564063 0.087656 0.140937
16 0.274219 0.564063 0.087656 0.140937
22 0.407031 0.564063 0.087656 0.140937
15 0.539844 0.564063 0.087656 0.140937
19 0.672656 0.564063 0.087656 0.140937
6 0.805469 0.564063 0.087656 0.140937
18 0.141406 0.759375 0.087656 0.140937
9 0.274219 0.759375 0.087656 0.140937
10 0.407031 0.759375 0.087656 0.140937
14 0.539844 0.759375 0.087656 0.140937
21 0.672656 0.759375 0.087656 0.140937
19 0.805469 0.759375 0.087656 0.140937