2 0.172656 0.167187 0.087656 0.140937
22 0.319531 0.167187 0.087656 0.140937
5 0.466406 0.167187 0.087656 0.140937
16 0.613281 0.167187 0.087656 0.140937
11 0.760156 0.167187 0.087656 0.140937
7 0.172656 0.365625 0.087656 0.140937
5 0.319531 0.365625 0.087656 0.140937
23 0.466406 0.365625 0.087656 0.140937
9 0.613281 0.365625 0.087656 0.140937
1 0.760156 0.365625 0.087656 0.140937
0 0.172656 0.564063 0.087656 0.140937
19 0.319531 0.564063 0.087656 0.140937
4 0.466406 0.564063 0.087656 0.140937
21 0.613281 0.564063 0.087656 0.140937
8 0.760156 0.564063 0.087656 0.140937
13 0.172656 0.762500 0.087656 0.140937
7 0.319531 0.762500 0.087656 0.140937
15 0.466406 0.762500 0.087656 0.140937
25 0.613281 0.762500 0.087656 0.140937
5 0.760156 0.762500 0.087656 0.140937