2 0.126562 0.168750 0.072188 0.113437
18 0.228125 0.168750 0.072188 0.113437
22 0.329688 0.168750 0.072188 0.113437
24 0.431250 0.168750 0.072188 0.113437
5 0.532813 0.168750 0.072188 0.113437
12 0.634375 0.168750 0.072188 0.113437
23 0.735938 0.168750 0.072188 0.113437
24 0.837500 0.168750 0.072188 0.113437
16 0.126562 0.321875 0.072188 0.113437
0 0.228125 0.321875 0.072188 0.113437
17 0.329688 0.321875 0.072188 0.113437
4 0.431250 0.321875 0.072188 0.113437
10 0.532813 0.321875 0.072188 0.113437
11 0.634375 0.321875 0.072188 0.113437
6 0.735938 0.321875 0.072188 0.113437
18 0.837500 0.321875 0.072188 0.113437
14 0.126562 0.475000 0.072188 0.113437
8 0.228125 0.475000 0.072188 0.113437
7 0.329688 0.475000 0.072188 0.113437
12 0.431250 0.475000 0.072188 0.113437
3 0.532813 0.475000 0.072188 0.113437
16 0.634375 0.475000 0.072188 0.113437
24 0.735938 0.475000 0.072188 0.113437
11 0.837500 0.475000 0.072188 0.113437
0 0.126562 0.628125 0.072188 0.113437
23 0.228125 0.628125 0.072188 0.113437
4 0.329688 0.628125 0.072188 0.113437
20 0.431250 0.628125 0.072188 0.113437
14 0.532813 0.628125 0.072188 0.113437
11 0.634375 0.628125 0.072188 0.113437
6 0.735938 0.628125 0.072188 0.113437
23 0.837500 0.628125 0.072188 0.113437
3 0.126562 0.781250 0.072188 0.113437
13 0.228125 0.781250 0.072188 0.113437
6 0.329688 0.781250 0.072188 0.113437
3 0.431250 0.781250 0.072188 0.113437
11 0.532813 0.781250 0.072188 0.113437
10 0.634375 0.781250 0.072188 0.113437
0 0.735938 0.781250 0.072188 0.113437
0 0.837500 0.781250 0.072188 0.113437