2 0.108594 0.212500 0.077344 0.123750
13 0.230469 0.212500 0.077344 0.123750
8 0.352344 0.212500 0.077344 0.123750
9 0.474219 0.212500 0.077344 0.123750
4 0.596094 0.212500 0.077344 0.123750
14 0.717969 0.212500 0.077344 0.123750
2 0.839844 0.212500 0.077344 0.123750
0 0.108594 0.384375 0.077344 0.123750
3 0.230469 0.384375 0.077344 0.123750
8 0.352344 0.384375 0.077344 0.123750
14 0.474219 0.384375 0.077344 0.123750
9 0.596094 0.384375 0.077344 0.123750
10 0.717969 0.384375 0.077344 0.123750
1 0.839844 0.384375 0.077344 0.123750
11 0.108594 0.556250 0.077344 0.123750
15 0.230469 0.556250 0.077344 0.123750
20 0.352344 0.556250 0.077344 0.123750
5 0.474219 0.556250 0.077344 0.123750
12 0.596094 0.556250 0.077344 0.123750
18 0.717969 0.556250 0.077344 0.123750
21 0.839844 0.556250 0.077344 0.123750
11 0.108594 0.728125 0.077344 0.123750
17 0.230469 0.728125 0.077344 0.123750
1 0.352344 0.728125 0.077344 0.123750
17 0.474219 0.728125 0.077344 0.123750
5 0.596094 0.728125 0.077344 0.123750
7 0.717969 0.728125 0.077344 0.123750
3 0.839844 0.728125 0.077344 0.123750