24 0.100000 0.170313 0.068750 0.110000
10 0.207813 0.170313 0.068750 0.110000
8 0.315625 0.170313 0.068750 0.110000
24 0.423438 0.170313 0.068750 0.110000
16 0.531250 0.170313 0.068750 0.110000
9 0.639062 0.170313 0.068750 0.110000
6 0.746875 0.170313 0.068750 0.110000
14 0.854688 0.170313 0.068750 0.110000
24 0.100000 0.321875 0.068750 0.110000
7 0.207813 0.321875 0.068750 0.110000
19 0.315625 0.321875 0.068750 0.110000
16 0.423438 0.321875 0.068750 0.110000
1 0.531250 0.321875 0.068750 0.110000
21 0.639062 0.321875 0.068750 0.110000
0 0.746875 0.321875 0.068750 0.110000
0 0.854688 0.321875 0.068750 0.110000
21 0.100000 0.473438 0.068750 0.110000
5 0.207813 0.473438 0.068750 0.110000
8 0.315625 0.473438 0.068750 0.110000
4 0.423438 0.473438 0.068750 0.110000
17 0.531250 0.473438 0.068750 0.110000
21 0.639062 0.473438 0.068750 0.110000
14 0.746875 0.473438 0.068750 0.110000
11 0.854688 0.473438 0.068750 0.110000
22 0.100000 0.625000 0.068750 0.110000
5 0.207813 0.625000 0.068750 0.110000
2 0.315625 0.625000 0.068750 0.110000
13 0.423438 0.625000 0.068750 0.110000
20 0.531250 0.625000 0.068750 0.110000
14 0.639062 0.625000 0.068750 0.110000
21 0.746875 0.625000 0.068750 0.110000
6 0.854688 0.625000 0.068750 0.110000
21 0.100000 0.776563 0.068750 0.110000
22 0.207813 0.776563 0.068750 0.110000
8 0.315625 0.776563 0.068750 0.110000
20 0.423438 0.776563 0.068750 0.110000
2 0.531250 0.776563 0.068750 0.110000
17 0.639062 0.776563 0.068750 0.110000
9 0.746875 0.776563 0.068750 0.110000
0 0.854688 0.776563 0.068750 0.110000