18 0.101562 0.225000 0.085938 0.130625
22 0.210938 0.225000 0.085938 0.130625
2 0.320312 0.225000 0.085938 0.130625
9 0.429688 0.225000 0.085938 0.130625
15 0.539062 0.225000 0.085938 0.130625
15 0.648438 0.225000 0.085938 0.130625
8 0.757812 0.225000 0.085938 0.130625
12 0.867188 0.225000 0.085938 0.130625
13 0.101562 0.392188 0.085938 0.130625
25 0.210938 0.392188 0.085938 0.130625
6 0.320312 0.392188 0.085938 0.130625
20 0.429688 0.392188 0.085938 0.130625
5 0.539062 0.392188 0.085938 0.130625
20 0.648438 0.392188 0.085938 0.130625
8 0.757812 0.392188 0.085938 0.130625
24 0.867188 0.392188 0.085938 0.130625
13 0.101562 0.559375 0.085938 0.130625
24 0.210938 0.559375 0.085938 0.130625
22 0.320312 0.559375 0.085938 0.130625
0 0.429688 0.559375 0.085938 0.130625
8 0.539062 0.559375 0.085938 0.130625
0 0.648438 0.559375 0.085938 0.130625
13 0.757812 0.559375 0.085938 0.130625
8 0.867188 0.559375 0.085938 0.130625
16 0.101562 0.726562 0.085938 0.130625
25 0.210938 0.726562 0.085938 0.130625
3 0.320312 0.726562 0.085938 0.130625
4 0.429688 0.726562 0.085938 0.130625
14 0.539062 0.726562 0.085938 0.130625
0 0.648438 0.726562 0.085938 0.130625
17 0.757812 0.726562 0.085938 0.130625
16 0.867188 0.726562 0.085938 0.130625