14 0.178906 0.229687 0.111719 0.175313
22 0.327344 0.229687 0.111719 0.175313
0 0.475781 0.229687 0.111719 0.175313
15 0.624219 0.229687 0.111719 0.175313
7 0.772656 0.229687 0.111719 0.175313
20 0.178906 0.462500 0.111719 0.175313
2 0.327344 0.462500 0.111719 0.175313
19 0.475781 0.462500 0.111719 0.175313
25 0.624219 0.462500 0.111719 0.175313
12 0.772656 0.462500 0.111719 0.175313
23 0.178906 0.695312 0.111719 0.175313
17 0.327344 0.695312 0.111719 0.175313
16 0.475781 0.695312 0.111719 0.175313
12 0.624219 0.695312 0.111719 0.175313
10 0.772656 0.695312 0.111719 0.175313