12 0.184375 0.251563 0.096250 0.154688
9 0.328125 0.251563 0.096250 0.154688
12 0.471875 0.251563 0.096250 0.154688
20 0.615625 0.251563 0.096250 0.154688
20 0.759375 0.251563 0.096250 0.154688
22 0.184375 0.464062 0.096250 0.154688
8 0.328125 0.464062 0.096250 0.154688
8 0.471875 0.464062 0.096250 0.154688
0 0.615625 0.464062 0.096250 0.154688
9 0.759375 0.464062 0.096250 0.154688
3 0.184375 0.676562 0.096250 0.154688
0 0.328125 0.676562 0.096250 0.154688
16 0.471875 0.676562 0.096250 0.154688
3 0.615625 0.676562 0.096250 0.154688
11 0.759375 0.676562 0.096250 0.154688