12 0.128906 0.154688 0.073906 0.116875
7 0.244531 0.154688 0.073906 0.116875
1 0.360156 0.154688 0.073906 0.116875
13 0.475781 0.154688 0.073906 0.116875
2 0.591406 0.154688 0.073906 0.116875
10 0.707031 0.154688 0.073906 0.116875
24 0.822656 0.154688 0.073906 0.116875
22 0.128906 0.314063 0.073906 0.116875
8 0.244531 0.314063 0.073906 0.116875
8 0.360156 0.314063 0.073906 0.116875
20 0.475781 0.314063 0.073906 0.116875
5 0.591406 0.314063 0.073906 0.116875
3 0.707031 0.314063 0.073906 0.116875
24 0.822656 0.314063 0.073906 0.116875
22 0.128906 0.473438 0.073906 0.116875
12 0.244531 0.473438 0.073906 0.116875
3 0.360156 0.473438 0.073906 0.116875
19 0.475781 0.473438 0.073906 0.116875
20 0.591406 0.473438 0.073906 0.116875
17 0.707031 0.473438 0.073906 0.116875
18 0.822656 0.473438 0.073906 0.116875
6 0.128906 0.632812 0.073906 0.116875
8 0.244531 0.632812 0.073906 0.116875
8 0.360156 0.632812 0.073906 0.116875
18 0.475781 0.632812 0.073906 0.116875
22 0.591406 0.632812 0.073906 0.116875
7 0.707031 0.632812 0.073906 0.116875
17 0.822656 0.632812 0.073906 0.116875
3 0.128906 0.792188 0.073906 0.116875
5 0.244531 0.792188 0.073906 0.116875
23 0.360156 0.792188 0.073906 0.116875
2 0.475781 0.792188 0.073906 0.116875
1 0.591406 0.792188 0.073906 0.116875
1 0.707031 0.792188 0.073906 0.116875
15 0.822656 0.792188 0.073906 0.116875