22 0.094531 0.176563 0.067031 0.106563
9 0.191406 0.176563 0.067031 0.106563
22 0.288281 0.176563 0.067031 0.106563
20 0.385156 0.176563 0.067031 0.106563
2 0.482031 0.176563 0.067031 0.106563
17 0.578906 0.176563 0.067031 0.106563
17 0.675781 0.176563 0.067031 0.106563
6 0.772656 0.176563 0.067031 0.106563
18 0.869531 0.176563 0.067031 0.106563
21 0.094531 0.325000 0.067031 0.106563
5 0.191406 0.325000 0.067031 0.106563
6 0.288281 0.325000 0.067031 0.106563
9 0.385156 0.325000 0.067031 0.106563
18 0.482031 0.325000 0.067031 0.106563
18 0.578906 0.325000 0.067031 0.106563
23 0.675781 0.325000 0.067031 0.106563
15 0.772656 0.325000 0.067031 0.106563
2 0.869531 0.325000 0.067031 0.106563
0 0.094531 0.473438 0.067031 0.106563
5 0.191406 0.473438 0.067031 0.106563
25 0.288281 0.473438 0.067031 0.106563
1 0.385156 0.473438 0.067031 0.106563
3 0.482031 0.473438 0.067031 0.106563
7 0.578906 0.473438 0.067031 0.106563
25 0.675781 0.473438 0.067031 0.106563
14 0.772656 0.473438 0.067031 0.106563
3 0.869531 0.473438 0.067031 0.106563
16 0.094531 0.621875 0.067031 0.106563
8 0.191406 0.621875 0.067031 0.106563
5 0.288281 0.621875 0.067031 0.106563
17 0.385156 0.621875 0.067031 0.106563
18 0.482031 0.621875 0.067031 0.106563
6 0.578906 0.621875 0.067031 0.106563
12 0.675781 0.621875 0.067031 0.106563
2 0.772656 0.621875 0.067031 0.106563
5 0.869531 0.621875 0.067031 0.106563
24 0.094531 0.770312 0.067031 0.106563
15 0.191406 0.770312 0.067031 0.106563
9 0.288281 0.770312 0.067031 0.106563
5 0.385156 0.770312 0.067031 0.106563
3 0.482031 0.770312 0.067031 0.106563
1 0.578906 0.770312 0.067031 0.106563
6 0.675781 0.770312 0.067031 0.106563
9 0.772656 0.770312 0.067031 0.106563
14 0.869531 0.770312 0.067031 0.106563