18 0.139063 0.206250 0.110000 0.178750
0 0.303125 0.206250 0.110000 0.178750
7 0.467187 0.206250 0.110000 0.178750
4 0.631250 0.206250 0.110000 0.178750
2 0.795312 0.206250 0.110000 0.178750
15 0.139063 0.456250 0.110000 0.178750
24 0.303125 0.456250 0.110000 0.178750
19 0.467187 0.456250 0.110000 0.178750
13 0.631250 0.456250 0.110000 0.178750
7 0.795312 0.456250 0.110000 0.178750
3 0.139063 0.706250 0.110000 0.178750
22 0.303125 0.706250 0.110000 0.178750
8 0.467187 0.706250 0.110000 0.178750
8 0.631250 0.706250 0.110000 0.178750
24 0.795312 0.706250 0.110000 0.178750