22 0.164844 0.260937 0.097969 0.154688
13 0.316406 0.260937 0.097969 0.154688
8 0.467969 0.260937 0.097969 0.154688
20 0.619531 0.260937 0.097969 0.154688
6 0.771094 0.260937 0.097969 0.154688
19 0.164844 0.467187 0.097969 0.154688
21 0.316406 0.467187 0.097969 0.154688
11 0.467969 0.467187 0.097969 0.154688
9 0.619531 0.467187 0.097969 0.154688
10 0.771094 0.467187 0.097969 0.154688
19 0.164844 0.673438 0.097969 0.154688
20 0.316406 0.673438 0.097969 0.154688
4 0.467969 0.673438 0.097969 0.154688
12 0.619531 0.673438 0.097969 0.154688
18 0.771094 0.673438 0.097969 0.154688