3 0.112500 0.170313 0.068750 0.110000
5 0.217188 0.170313 0.068750 0.110000
12 0.321875 0.170313 0.068750 0.110000
12 0.426563 0.170313 0.068750 0.110000
14 0.531250 0.170313 0.068750 0.110000
16 0.635938 0.170313 0.068750 0.110000
6 0.740625 0.170313 0.068750 0.110000
8 0.845313 0.170313 0.068750 0.110000
13 0.112500 0.321875 0.068750 0.110000
16 0.217188 0.321875 0.068750 0.110000
7 0.321875 0.321875 0.068750 0.110000
7 0.426563 0.321875 0.068750 0.110000
14 0.531250 0.321875 0.068750 0.110000
21 0.635938 0.321875 0.068750 0.110000
11 0.740625 0.321875 0.068750 0.110000
6 0.845313 0.321875 0.068750 0.110000
12 0.112500 0.473438 0.068750 0.110000
17 0.217188 0.473438 0.068750 0.110000
17 0.321875 0.473438 0.068750 0.110000
21 0.426563 0.473438 0.068750 0.110000
4 0.531250 0.473438 0.068750 0.110000
2 0.635938 0.473438 0.068750 0.110000
14 0.740625 0.473438 0.068750 0.110000
3 0.845313 0.473438 0.068750 0.110000
13 0.112500 0.625000 0.068750 0.110000
15 0.217188 0.625000 0.068750 0.110000
3 0.321875 0.625000 0.068750 0.110000
10 0.426563 0.625000 0.068750 0.110000
18 0.531250 0.625000 0.068750 0.110000
24 0.635938 0.625000 0.068750 0.110000
1 0.740625 0.625000 0.068750 0.110000
8 0.845313 0.625000 0.068750 0.110000
22 0.112500 0.776563 0.068750 0.110000
6 0.217188 0.776563 0.068750 0.110000
5 0.321875 0.776563 0.068750 0.110000
8 0.426563 0.776563 0.068750 0.110000
11 0.531250 0.776563 0.068750 0.110000
2 0.635938 0.776563 0.068750 0.110000
2 0.740625 0.776563 0.068750 0.110000
22 0.845313 0.776563 0.068750 0.110000