10 0.157812 0.203125 0.082500 0.130625
16 0.284375 0.203125 0.082500 0.130625
16 0.410938 0.203125 0.082500 0.130625
2 0.537500 0.203125 0.082500 0.130625
14 0.664062 0.203125 0.082500 0.130625
11 0.790625 0.203125 0.082500 0.130625
24 0.157812 0.381250 0.082500 0.130625
1 0.284375 0.381250 0.082500 0.130625
7 0.410938 0.381250 0.082500 0.130625
2 0.537500 0.381250 0.082500 0.130625
24 0.664062 0.381250 0.082500 0.130625
21 0.790625 0.381250 0.082500 0.130625
11 0.157812 0.559375 0.082500 0.130625
25 0.284375 0.559375 0.082500 0.130625
6 0.410938 0.559375 0.082500 0.130625
5 0.537500 0.559375 0.082500 0.130625
20 0.664062 0.559375 0.082500 0.130625
3 0.790625 0.559375 0.082500 0.130625
20 0.157812 0.737500 0.082500 0.130625
13 0.284375 0.737500 0.082500 0.130625
1 0.410938 0.737500 0.082500 0.130625
0 0.537500 0.737500 0.082500 0.130625
14 0.664062 0.737500 0.082500 0.130625
17 0.790625 0.737500 0.082500 0.130625