5 0.138281 0.226562 0.108281 0.171875
10 0.302344 0.226562 0.108281 0.171875
15 0.466406 0.226562 0.108281 0.171875
4 0.630469 0.226562 0.108281 0.171875
24 0.794531 0.226562 0.108281 0.171875
2 0.138281 0.460938 0.108281 0.171875
0 0.302344 0.460938 0.108281 0.171875
4 0.466406 0.460938 0.108281 0.171875
19 0.630469 0.460938 0.108281 0.171875
14 0.794531 0.460938 0.108281 0.171875
10 0.138281 0.695312 0.108281 0.171875
11 0.302344 0.695312 0.108281 0.171875
4 0.466406 0.695312 0.108281 0.171875
19 0.630469 0.695312 0.108281 0.171875
1 0.794531 0.695312 0.108281 0.171875