23 0.145313 0.218750 0.106563 0.171875
17 0.306250 0.218750 0.106563 0.171875
2 0.467187 0.218750 0.106563 0.171875
22 0.628125 0.218750 0.106563 0.171875
21 0.789062 0.218750 0.106563 0.171875
3 0.145313 0.457813 0.106563 0.171875
0 0.306250 0.457813 0.106563 0.171875
7 0.467187 0.457813 0.106563 0.171875
1 0.628125 0.457813 0.106563 0.171875
1 0.789062 0.457813 0.106563 0.171875
8 0.145313 0.696875 0.106563 0.171875
14 0.306250 0.696875 0.106563 0.171875
4 0.467187 0.696875 0.106563 0.171875
3 0.628125 0.696875 0.106563 0.171875
9 0.789062 0.696875 0.106563 0.171875