9 0.153125 0.221875 0.106563 0.171875
12 0.310937 0.221875 0.106563 0.171875
24 0.468750 0.221875 0.106563 0.171875
6 0.626563 0.221875 0.106563 0.171875
2 0.784375 0.221875 0.106563 0.171875
2 0.153125 0.459375 0.106563 0.171875
24 0.310937 0.459375 0.106563 0.171875
10 0.468750 0.459375 0.106563 0.171875
21 0.626563 0.459375 0.106563 0.171875
22 0.784375 0.459375 0.106563 0.171875
0 0.153125 0.696875 0.106563 0.171875
15 0.310937 0.696875 0.106563 0.171875
0 0.468750 0.696875 0.106563 0.171875
22 0.626563 0.696875 0.106563 0.171875
8 0.784375 0.696875 0.106563 0.171875