9 0.129688 0.251563 0.103125 0.161562
14 0.268750 0.251563 0.103125 0.161562
2 0.407813 0.251563 0.103125 0.161562
1 0.546875 0.251563 0.103125 0.161562
25 0.685937 0.251563 0.103125 0.161562
15 0.825000 0.251563 0.103125 0.161562
23 0.129688 0.465625 0.103125 0.161562
20 0.268750 0.465625 0.103125 0.161562
15 0.407813 0.465625 0.103125 0.161562
15 0.546875 0.465625 0.103125 0.161562
2 0.685937 0.465625 0.103125 0.161562
1 0.825000 0.465625 0.103125 0.161562
24 0.129688 0.679688 0.103125 0.161562
22 0.268750 0.679688 0.103125 0.161562
13 0.407813 0.679688 0.103125 0.161562
11 0.546875 0.679688 0.103125 0.161562
1 0.685937 0.679688 0.103125 0.161562
18 0.825000 0.679688 0.103125 0.161562