9 0.128125 0.170313 0.099687 0.154688
25 0.267188 0.170313 0.099687 0.154688
17 0.406250 0.170313 0.099687 0.154688
23 0.545312 0.170313 0.099687 0.154688
16 0.684375 0.170313 0.099687 0.154688
21 0.823438 0.170313 0.099687 0.154688
15 0.128125 0.370312 0.099687 0.154688
12 0.267188 0.370312 0.099687 0.154688
2 0.406250 0.370312 0.099687 0.154688
11 0.545312 0.370312 0.099687 0.154688
23 0.684375 0.370312 0.099687 0.154688
17 0.823438 0.370312 0.099687 0.154688
18 0.128125 0.570312 0.099687 0.154688
14 0.267188 0.570312 0.099687 0.154688
24 0.406250 0.570312 0.099687 0.154688
7 0.545312 0.570312 0.099687 0.154688
15 0.684375 0.570312 0.099687 0.154688
23 0.823438 0.570312 0.099687 0.154688
25 0.128125 0.770312 0.099687 0.154688
5 0.267188 0.770312 0.099687 0.154688
12 0.406250 0.770312 0.099687 0.154688
3 0.545312 0.770312 0.099687 0.154688
11 0.684375 0.770312 0.099687 0.154688
23 0.823438 0.770312 0.099687 0.154688