12 0.151562 0.185938 0.089375 0.140937
25 0.281250 0.185938 0.089375 0.140937
25 0.410938 0.185938 0.089375 0.140937
19 0.540625 0.185938 0.089375 0.140937
1 0.670312 0.185938 0.089375 0.140937
8 0.800000 0.185938 0.089375 0.140937
11 0.151562 0.375000 0.089375 0.140937
8 0.281250 0.375000 0.089375 0.140937
18 0.410938 0.375000 0.089375 0.140937
6 0.540625 0.375000 0.089375 0.140937
11 0.670312 0.375000 0.089375 0.140937
16 0.800000 0.375000 0.089375 0.140937
15 0.151562 0.564063 0.089375 0.140937
7 0.281250 0.564063 0.089375 0.140937
19 0.410938 0.564063 0.089375 0.140937
13 0.540625 0.564063 0.089375 0.140937
15 0.670312 0.564063 0.089375 0.140937
24 0.800000 0.564063 0.089375 0.140937
9 0.151562 0.753125 0.089375 0.140937
0 0.281250 0.753125 0.089375 0.140937
24 0.410938 0.753125 0.089375 0.140937
3 0.540625 0.753125 0.089375 0.140937
19 0.670312 0.753125 0.089375 0.140937
9 0.800000 0.753125 0.089375 0.140937