22 0.187500 0.267188 0.103125 0.158125
4 0.331250 0.267188 0.103125 0.158125
5 0.475000 0.267188 0.103125 0.158125
19 0.618750 0.267188 0.103125 0.158125
3 0.762500 0.267188 0.103125 0.158125
1 0.187500 0.470313 0.103125 0.158125
7 0.331250 0.470313 0.103125 0.158125
20 0.475000 0.470313 0.103125 0.158125
16 0.618750 0.470313 0.103125 0.158125
5 0.762500 0.470313 0.103125 0.158125
16 0.187500 0.673438 0.103125 0.158125
9 0.331250 0.673438 0.103125 0.158125
12 0.475000 0.673438 0.103125 0.158125
15 0.618750 0.673438 0.103125 0.158125
20 0.762500 0.673438 0.103125 0.158125