4 0.133594 0.221875 0.104844 0.168437
2 0.299219 0.221875 0.104844 0.168437
5 0.464844 0.221875 0.104844 0.168437
13 0.630469 0.221875 0.104844 0.168437
9 0.796094 0.221875 0.104844 0.168437
15 0.133594 0.457813 0.104844 0.168437
11 0.299219 0.457813 0.104844 0.168437
5 0.464844 0.457813 0.104844 0.168437
3 0.630469 0.457813 0.104844 0.168437
13 0.796094 0.457813 0.104844 0.168437
11 0.133594 0.693750 0.104844 0.168437
23 0.299219 0.693750 0.104844 0.168437
22 0.464844 0.693750 0.104844 0.168437
25 0.630469 0.693750 0.104844 0.168437
24 0.796094 0.693750 0.104844 0.168437