0 0.143750 0.237500 0.110000 0.171875
17 0.306250 0.237500 0.110000 0.171875
0 0.468750 0.237500 0.110000 0.171875
14 0.631250 0.237500 0.110000 0.171875
9 0.793750 0.237500 0.110000 0.171875
12 0.143750 0.464062 0.110000 0.171875
12 0.306250 0.464062 0.110000 0.171875
8 0.468750 0.464062 0.110000 0.171875
7 0.631250 0.464062 0.110000 0.171875
15 0.793750 0.464062 0.110000 0.171875
17 0.143750 0.690625 0.110000 0.171875
6 0.306250 0.690625 0.110000 0.171875
9 0.468750 0.690625 0.110000 0.171875
5 0.631250 0.690625 0.110000 0.171875
14 0.793750 0.690625 0.110000 0.171875