3 0.132812 0.260937 0.089375 0.144375
11 0.268750 0.260937 0.089375 0.144375
1 0.404687 0.260937 0.089375 0.144375
5 0.540625 0.260937 0.089375 0.144375
1 0.676562 0.260937 0.089375 0.144375
13 0.812500 0.260937 0.089375 0.144375
25 0.132812 0.464062 0.089375 0.144375
5 0.268750 0.464062 0.089375 0.144375
7 0.404687 0.464062 0.089375 0.144375
1 0.540625 0.464062 0.089375 0.144375
2 0.676562 0.464062 0.089375 0.144375
12 0.812500 0.464062 0.089375 0.144375
19 0.132812 0.667188 0.089375 0.144375
8 0.268750 0.667188 0.089375 0.144375
14 0.404687 0.667188 0.089375 0.144375
10 0.540625 0.667188 0.089375 0.144375
7 0.676562 0.667188 0.089375 0.144375
24 0.812500 0.667188 0.089375 0.144375