9 0.132812 0.182812 0.089375 0.140937
14 0.268750 0.182812 0.089375 0.140937
14 0.404687 0.182812 0.089375 0.140937
12 0.540625 0.182812 0.089375 0.140937
17 0.676562 0.182812 0.089375 0.140937
16 0.812500 0.182812 0.089375 0.140937
18 0.132812 0.373437 0.089375 0.140937
12 0.268750 0.373437 0.089375 0.140937
22 0.404687 0.373437 0.089375 0.140937
10 0.540625 0.373437 0.089375 0.140937
6 0.676562 0.373437 0.089375 0.140937
15 0.812500 0.373437 0.089375 0.140937
7 0.132812 0.564063 0.089375 0.140937
24 0.268750 0.564063 0.089375 0.140937
15 0.404687 0.564063 0.089375 0.140937
13 0.540625 0.564063 0.089375 0.140937
16 0.676562 0.564063 0.089375 0.140937
7 0.812500 0.564063 0.089375 0.140937
19 0.132812 0.754687 0.089375 0.140937
15 0.268750 0.754687 0.089375 0.140937
2 0.404687 0.754687 0.089375 0.140937
18 0.540625 0.754687 0.089375 0.140937
11 0.676562 0.754687 0.089375 0.140937
18 0.812500 0.754687 0.089375 0.140937