12 0.173437 0.265625 0.099687 0.154688
8 0.321875 0.265625 0.099687 0.154688
23 0.470313 0.265625 0.099687 0.154688
10 0.618750 0.265625 0.099687 0.154688
9 0.767188 0.265625 0.099687 0.154688
8 0.173437 0.468750 0.099687 0.154688
7 0.321875 0.468750 0.099687 0.154688
13 0.470313 0.468750 0.099687 0.154688
6 0.618750 0.468750 0.099687 0.154688
22 0.767188 0.468750 0.099687 0.154688
22 0.173437 0.671875 0.099687 0.154688
18 0.321875 0.671875 0.099687 0.154688
8 0.470313 0.671875 0.099687 0.154688
13 0.618750 0.671875 0.099687 0.154688
13 0.767188 0.671875 0.099687 0.154688