10 0.178906 0.176563 0.094531 0.147812
10 0.324219 0.176563 0.094531 0.147812
23 0.469531 0.176563 0.094531 0.147812
21 0.614844 0.176563 0.094531 0.147812
4 0.760156 0.176563 0.094531 0.147812
4 0.178906 0.371875 0.094531 0.147812
3 0.324219 0.371875 0.094531 0.147812
25 0.469531 0.371875 0.094531 0.147812
9 0.614844 0.371875 0.094531 0.147812
19 0.760156 0.371875 0.094531 0.147812
9 0.178906 0.567187 0.094531 0.147812
17 0.324219 0.567187 0.094531 0.147812
8 0.469531 0.567187 0.094531 0.147812
22 0.614844 0.567187 0.094531 0.147812
10 0.760156 0.567187 0.094531 0.147812
1 0.178906 0.762500 0.094531 0.147812
24 0.324219 0.762500 0.094531 0.147812
4 0.469531 0.762500 0.094531 0.147812
1 0.614844 0.762500 0.094531 0.147812
25 0.760156 0.762500 0.094531 0.147812