2 0.145313 0.187500 0.085938 0.137500
24 0.276562 0.187500 0.085938 0.137500
9 0.407813 0.187500 0.085938 0.137500
19 0.539062 0.187500 0.085938 0.137500
25 0.670312 0.187500 0.085938 0.137500
19 0.801562 0.187500 0.085938 0.137500
3 0.145313 0.375000 0.085938 0.137500
16 0.276562 0.375000 0.085938 0.137500
8 0.407813 0.375000 0.085938 0.137500
10 0.539062 0.375000 0.085938 0.137500
1 0.670312 0.375000 0.085938 0.137500
11 0.801562 0.375000 0.085938 0.137500
6 0.145313 0.562500 0.085938 0.137500
25 0.276562 0.562500 0.085938 0.137500
12 0.407813 0.562500 0.085938 0.137500
20 0.539062 0.562500 0.085938 0.137500
19 0.670312 0.562500 0.085938 0.137500
17 0.801562 0.562500 0.085938 0.137500
8 0.145313 0.750000 0.085938 0.137500
0 0.276562 0.750000 0.085938 0.137500
2 0.407813 0.750000 0.085938 0.137500
4 0.539062 0.750000 0.085938 0.137500
21 0.670312 0.750000 0.085938 0.137500
7 0.801562 0.750000 0.085938 0.137500