2 0.160938 0.234375 0.106563 0.168437
6 0.315625 0.234375 0.106563 0.168437
22 0.470313 0.234375 0.106563 0.168437
20 0.625000 0.234375 0.106563 0.168437
12 0.779687 0.234375 0.106563 0.168437
22 0.160938 0.462500 0.106563 0.168437
23 0.315625 0.462500 0.106563 0.168437
2 0.470313 0.462500 0.106563 0.168437
12 0.625000 0.462500 0.106563 0.168437
24 0.779687 0.462500 0.106563 0.168437
5 0.160938 0.690625 0.106563 0.168437
22 0.315625 0.690625 0.106563 0.168437
12 0.470313 0.690625 0.106563 0.168437
3 0.625000 0.690625 0.106563 0.168437
16 0.779687 0.690625 0.106563 0.168437