2 0.109375 0.190625 0.092812 0.144375
8 0.232813 0.190625 0.092812 0.144375
19 0.356250 0.190625 0.092812 0.144375
14 0.479687 0.190625 0.092812 0.144375
20 0.603125 0.190625 0.092812 0.144375
25 0.726562 0.190625 0.092812 0.144375
11 0.850000 0.190625 0.092812 0.144375
7 0.109375 0.378125 0.092812 0.144375
22 0.232813 0.378125 0.092812 0.144375
1 0.356250 0.378125 0.092812 0.144375
1 0.479687 0.378125 0.092812 0.144375
1 0.603125 0.378125 0.092812 0.144375
23 0.726562 0.378125 0.092812 0.144375
23 0.850000 0.378125 0.092812 0.144375
12 0.109375 0.565625 0.092812 0.144375
12 0.232813 0.565625 0.092812 0.144375
21 0.356250 0.565625 0.092812 0.144375
16 0.479687 0.565625 0.092812 0.144375
4 0.603125 0.565625 0.092812 0.144375
14 0.726562 0.565625 0.092812 0.144375
17 0.850000 0.565625 0.092812 0.144375
9 0.109375 0.753125 0.092812 0.144375
19 0.232813 0.753125 0.092812 0.144375
23 0.356250 0.753125 0.092812 0.144375
13 0.479687 0.753125 0.092812 0.144375
13 0.603125 0.753125 0.092812 0.144375
8 0.726562 0.753125 0.092812 0.144375
22 0.850000 0.753125 0.092812 0.144375