14 0.136719 0.196875 0.087656 0.137500
21 0.271094 0.196875 0.087656 0.137500
15 0.405469 0.196875 0.087656 0.137500
9 0.539844 0.196875 0.087656 0.137500
2 0.674219 0.196875 0.087656 0.137500
5 0.808594 0.196875 0.087656 0.137500
19 0.136719 0.379688 0.087656 0.137500
11 0.271094 0.379688 0.087656 0.137500
24 0.405469 0.379688 0.087656 0.137500
18 0.539844 0.379688 0.087656 0.137500
0 0.674219 0.379688 0.087656 0.137500
7 0.808594 0.379688 0.087656 0.137500
21 0.136719 0.562500 0.087656 0.137500
24 0.271094 0.562500 0.087656 0.137500
21 0.405469 0.562500 0.087656 0.137500
25 0.539844 0.562500 0.087656 0.137500
5 0.674219 0.562500 0.087656 0.137500
7 0.808594 0.562500 0.087656 0.137500
1 0.136719 0.745313 0.087656 0.137500
21 0.271094 0.745313 0.087656 0.137500
20 0.405469 0.745313 0.087656 0.137500
7 0.539844 0.745313 0.087656 0.137500
23 0.674219 0.745313 0.087656 0.137500
1 0.808594 0.745313 0.087656 0.137500