16 0.128125 0.250000 0.099687 0.158125
25 0.267188 0.250000 0.099687 0.158125
10 0.406250 0.250000 0.099687 0.158125
6 0.545312 0.250000 0.099687 0.158125
23 0.684375 0.250000 0.099687 0.158125
20 0.823438 0.250000 0.099687 0.158125
5 0.128125 0.464062 0.099687 0.158125
23 0.267188 0.464062 0.099687 0.158125
24 0.406250 0.464062 0.099687 0.158125
25 0.545312 0.464062 0.099687 0.158125
3 0.684375 0.464062 0.099687 0.158125
18 0.823438 0.464062 0.099687 0.158125
8 0.128125 0.678125 0.099687 0.158125
16 0.267188 0.678125 0.099687 0.158125
18 0.406250 0.678125 0.099687 0.158125
8 0.545312 0.678125 0.099687 0.158125
19 0.684375 0.678125 0.099687 0.158125
20 0.823438 0.678125 0.099687 0.158125