14 0.175781 0.170313 0.094531 0.147812
9 0.322656 0.170313 0.094531 0.147812
9 0.469531 0.170313 0.094531 0.147812
2 0.616406 0.170313 0.094531 0.147812
11 0.763281 0.170313 0.094531 0.147812
25 0.175781 0.368750 0.094531 0.147812
0 0.322656 0.368750 0.094531 0.147812
13 0.469531 0.368750 0.094531 0.147812
7 0.616406 0.368750 0.094531 0.147812
18 0.763281 0.368750 0.094531 0.147812
12 0.175781 0.567187 0.094531 0.147812
6 0.322656 0.567187 0.094531 0.147812
15 0.469531 0.567187 0.094531 0.147812
9 0.616406 0.567187 0.094531 0.147812
10 0.763281 0.567187 0.094531 0.147812
3 0.175781 0.765625 0.094531 0.147812
23 0.322656 0.765625 0.094531 0.147812
1 0.469531 0.765625 0.094531 0.147812
8 0.616406 0.765625 0.094531 0.147812
16 0.763281 0.765625 0.094531 0.147812