5 0.150000 0.248438 0.106563 0.165000
1 0.309375 0.248438 0.106563 0.165000
15 0.468750 0.248438 0.106563 0.165000
12 0.628125 0.248438 0.106563 0.165000
6 0.787500 0.248438 0.106563 0.165000
16 0.150000 0.465625 0.106563 0.165000
16 0.309375 0.465625 0.106563 0.165000
19 0.468750 0.465625 0.106563 0.165000
13 0.628125 0.465625 0.106563 0.165000
4 0.787500 0.465625 0.106563 0.165000
2 0.150000 0.682813 0.106563 0.165000
7 0.309375 0.682813 0.106563 0.165000
16 0.468750 0.682813 0.106563 0.165000
0 0.628125 0.682813 0.106563 0.165000
12 0.787500 0.682813 0.106563 0.165000