16 0.135937 0.215625 0.110000 0.175313
8 0.301563 0.215625 0.110000 0.175313
0 0.467187 0.215625 0.110000 0.175313
1 0.632812 0.215625 0.110000 0.175313
13 0.798438 0.215625 0.110000 0.175313
16 0.135937 0.457813 0.110000 0.175313
13 0.301563 0.457813 0.110000 0.175313
10 0.467187 0.457813 0.110000 0.175313
15 0.632812 0.457813 0.110000 0.175313
4 0.798438 0.457813 0.110000 0.175313
22 0.135937 0.700000 0.110000 0.175313
20 0.301563 0.700000 0.110000 0.175313
21 0.467187 0.700000 0.110000 0.175313
18 0.632812 0.700000 0.110000 0.175313
20 0.798438 0.700000 0.110000 0.175313