23 0.136719 0.232813 0.111719 0.175313
24 0.302344 0.232813 0.111719 0.175313
9 0.467969 0.232813 0.111719 0.175313
13 0.633594 0.232813 0.111719 0.175313
18 0.799219 0.232813 0.111719 0.175313
1 0.136719 0.464062 0.111719 0.175313
6 0.302344 0.464062 0.111719 0.175313
13 0.467969 0.464062 0.111719 0.175313
9 0.633594 0.464062 0.111719 0.175313
14 0.799219 0.464062 0.111719 0.175313
16 0.136719 0.695312 0.111719 0.175313
19 0.302344 0.695312 0.111719 0.175313
24 0.467969 0.695312 0.111719 0.175313
9 0.633594 0.695312 0.111719 0.175313
5 0.799219 0.695312 0.111719 0.175313