22 0.132031 0.217188 0.080781 0.127188
12 0.247656 0.217188 0.080781 0.127188
25 0.363281 0.217188 0.080781 0.127188
14 0.478906 0.217188 0.080781 0.127188
22 0.594531 0.217188 0.080781 0.127188
22 0.710156 0.217188 0.080781 0.127188
15 0.825781 0.217188 0.080781 0.127188
5 0.132031 0.387500 0.080781 0.127188
4 0.247656 0.387500 0.080781 0.127188
10 0.363281 0.387500 0.080781 0.127188
10 0.478906 0.387500 0.080781 0.127188
11 0.594531 0.387500 0.080781 0.127188
6 0.710156 0.387500 0.080781 0.127188
6 0.825781 0.387500 0.080781 0.127188
11 0.132031 0.557813 0.080781 0.127188
11 0.247656 0.557813 0.080781 0.127188
19 0.363281 0.557813 0.080781 0.127188
15 0.478906 0.557813 0.080781 0.127188
24 0.594531 0.557813 0.080781 0.127188
0 0.710156 0.557813 0.080781 0.127188
0 0.825781 0.557813 0.080781 0.127188
10 0.132031 0.728125 0.080781 0.127188
24 0.247656 0.728125 0.080781 0.127188
8 0.363281 0.728125 0.080781 0.127188
8 0.478906 0.728125 0.080781 0.127188
17 0.594531 0.728125 0.080781 0.127188
23 0.710156 0.728125 0.080781 0.127188
3 0.825781 0.728125 0.080781 0.127188