5 0.137500 0.146875 0.082500 0.127188
3 0.251563 0.146875 0.082500 0.127188
1 0.365625 0.146875 0.082500 0.127188
0 0.479687 0.146875 0.082500 0.127188
10 0.593750 0.146875 0.082500 0.127188
24 0.707812 0.146875 0.082500 0.127188
9 0.821875 0.146875 0.082500 0.127188
14 0.137500 0.310937 0.082500 0.127188
24 0.251563 0.310937 0.082500 0.127188
5 0.365625 0.310937 0.082500 0.127188
4 0.479687 0.310937 0.082500 0.127188
10 0.593750 0.310937 0.082500 0.127188
2 0.707812 0.310937 0.082500 0.127188
21 0.821875 0.310937 0.082500 0.127188
1 0.137500 0.475000 0.082500 0.127188
25 0.251563 0.475000 0.082500 0.127188
9 0.365625 0.475000 0.082500 0.127188
7 0.479687 0.475000 0.082500 0.127188
13 0.593750 0.475000 0.082500 0.127188
3 0.707812 0.475000 0.082500 0.127188
24 0.821875 0.475000 0.082500 0.127188
24 0.137500 0.639062 0.082500 0.127188
13 0.251563 0.639062 0.082500 0.127188
25 0.365625 0.639062 0.082500 0.127188
20 0.479687 0.639062 0.082500 0.127188
2 0.593750 0.639062 0.082500 0.127188
0 0.707812 0.639062 0.082500 0.127188
20 0.821875 0.639062 0.082500 0.127188
22 0.137500 0.803125 0.082500 0.127188
9 0.251563 0.803125 0.082500 0.127188
18 0.365625 0.803125 0.082500 0.127188
10 0.479687 0.803125 0.082500 0.127188
2 0.593750 0.803125 0.082500 0.127188
14 0.707812 0.803125 0.082500 0.127188
12 0.821875 0.803125 0.082500 0.127188