7 0.139063 0.209375 0.116875 0.185625
23 0.304688 0.209375 0.116875 0.185625
22 0.470313 0.209375 0.116875 0.185625
12 0.635938 0.209375 0.116875 0.185625
1 0.801562 0.209375 0.116875 0.185625
8 0.139063 0.459375 0.116875 0.185625
6 0.304688 0.459375 0.116875 0.185625
10 0.470313 0.459375 0.116875 0.185625
3 0.635938 0.459375 0.116875 0.185625
1 0.801562 0.459375 0.116875 0.185625
0 0.139063 0.709375 0.116875 0.185625
22 0.304688 0.709375 0.116875 0.185625
1 0.470313 0.709375 0.116875 0.185625
20 0.635938 0.709375 0.116875 0.185625
18 0.801562 0.709375 0.116875 0.185625