17 0.177344 0.235937 0.097969 0.158125
8 0.324219 0.235937 0.097969 0.158125
19 0.471094 0.235937 0.097969 0.158125
20 0.617969 0.235937 0.097969 0.158125
25 0.764844 0.235937 0.097969 0.158125
21 0.177344 0.459375 0.097969 0.158125
9 0.324219 0.459375 0.097969 0.158125
15 0.471094 0.459375 0.097969 0.158125
20 0.617969 0.459375 0.097969 0.158125
1 0.764844 0.459375 0.097969 0.158125
10 0.177344 0.682813 0.097969 0.158125
3 0.324219 0.682813 0.097969 0.158125
4 0.471094 0.682813 0.097969 0.158125
1 0.617969 0.682813 0.097969 0.158125
23 0.764844 0.682813 0.097969 0.158125