2 0.157812 0.179688 0.082500 0.134063
17 0.284375 0.179688 0.082500 0.134063
11 0.410938 0.179688 0.082500 0.134063
20 0.537500 0.179688 0.082500 0.134063
10 0.664062 0.179688 0.082500 0.134063
22 0.790625 0.179688 0.082500 0.134063
3 0.157812 0.370312 0.082500 0.134063
12 0.284375 0.370312 0.082500 0.134063
14 0.410938 0.370312 0.082500 0.134063
13 0.537500 0.370312 0.082500 0.134063
20 0.664062 0.370312 0.082500 0.134063
22 0.790625 0.370312 0.082500 0.134063
10 0.157812 0.560937 0.082500 0.134063
6 0.284375 0.560937 0.082500 0.134063
10 0.410938 0.560937 0.082500 0.134063
5 0.537500 0.560937 0.082500 0.134063
13 0.664062 0.560937 0.082500 0.134063
24 0.790625 0.560937 0.082500 0.134063
15 0.157812 0.751563 0.082500 0.134063
15 0.284375 0.751563 0.082500 0.134063
12 0.410938 0.751563 0.082500 0.134063
14 0.537500 0.751563 0.082500 0.134063
24 0.664062 0.751563 0.082500 0.134063
16 0.790625 0.751563 0.082500 0.134063