22 0.157031 0.235937 0.097969 0.158125
3 0.311719 0.235937 0.097969 0.158125
4 0.466406 0.235937 0.097969 0.158125
16 0.621094 0.235937 0.097969 0.158125
18 0.775781 0.235937 0.097969 0.158125
7 0.157031 0.459375 0.097969 0.158125
6 0.311719 0.459375 0.097969 0.158125
24 0.466406 0.459375 0.097969 0.158125
2 0.621094 0.459375 0.097969 0.158125
8 0.775781 0.459375 0.097969 0.158125
20 0.157031 0.682813 0.097969 0.158125
9 0.311719 0.682813 0.097969 0.158125
21 0.466406 0.682813 0.097969 0.158125
9 0.621094 0.682813 0.097969 0.158125
4 0.775781 0.682813 0.097969 0.158125