2 0.166406 0.257812 0.101406 0.158125
8 0.317969 0.257812 0.101406 0.158125
8 0.469531 0.257812 0.101406 0.158125
22 0.621094 0.257812 0.101406 0.158125
4 0.772656 0.257812 0.101406 0.158125
18 0.166406 0.467187 0.101406 0.158125
9 0.317969 0.467187 0.101406 0.158125
19 0.469531 0.467187 0.101406 0.158125
6 0.621094 0.467187 0.101406 0.158125
20 0.772656 0.467187 0.101406 0.158125
12 0.166406 0.676562 0.101406 0.158125
9 0.317969 0.676562 0.101406 0.158125
4 0.469531 0.676562 0.101406 0.158125
6 0.621094 0.676562 0.101406 0.158125
6 0.772656 0.676562 0.101406 0.158125