2 0.131250 0.150000 0.079063 0.123750
5 0.246875 0.150000 0.079063 0.123750
3 0.362500 0.150000 0.079063 0.123750
3 0.478125 0.150000 0.079063 0.123750
4 0.593750 0.150000 0.079063 0.123750
18 0.709375 0.150000 0.079063 0.123750
3 0.825000 0.150000 0.079063 0.123750
5 0.131250 0.312500 0.079063 0.123750
12 0.246875 0.312500 0.079063 0.123750
15 0.362500 0.312500 0.079063 0.123750
16 0.478125 0.312500 0.079063 0.123750
12 0.593750 0.312500 0.079063 0.123750
24 0.709375 0.312500 0.079063 0.123750
2 0.825000 0.312500 0.079063 0.123750
9 0.131250 0.475000 0.079063 0.123750
22 0.246875 0.475000 0.079063 0.123750
16 0.362500 0.475000 0.079063 0.123750
2 0.478125 0.475000 0.079063 0.123750
3 0.593750 0.475000 0.079063 0.123750
6 0.709375 0.475000 0.079063 0.123750
18 0.825000 0.475000 0.079063 0.123750
1 0.131250 0.637500 0.079063 0.123750
8 0.246875 0.637500 0.079063 0.123750
10 0.362500 0.637500 0.079063 0.123750
4 0.478125 0.637500 0.079063 0.123750
4 0.593750 0.637500 0.079063 0.123750
18 0.709375 0.637500 0.079063 0.123750
10 0.825000 0.637500 0.079063 0.123750
9 0.131250 0.800000 0.079063 0.123750
12 0.246875 0.800000 0.079063 0.123750
17 0.362500 0.800000 0.079063 0.123750
23 0.478125 0.800000 0.079063 0.123750
23 0.593750 0.800000 0.079063 0.123750
11 0.709375 0.800000 0.079063 0.123750
2 0.825000 0.800000 0.079063 0.123750