23 0.155469 0.251563 0.094531 0.151250
16 0.310156 0.251563 0.094531 0.151250
22 0.464844 0.251563 0.094531 0.151250
12 0.619531 0.251563 0.094531 0.151250
1 0.774219 0.251563 0.094531 0.151250
3 0.155469 0.462500 0.094531 0.151250
4 0.310156 0.462500 0.094531 0.151250
19 0.464844 0.462500 0.094531 0.151250
22 0.619531 0.462500 0.094531 0.151250
9 0.774219 0.462500 0.094531 0.151250
21 0.155469 0.673438 0.094531 0.151250
10 0.310156 0.673438 0.094531 0.151250
25 0.464844 0.673438 0.094531 0.151250
7 0.619531 0.673438 0.094531 0.151250
13 0.774219 0.673438 0.094531 0.151250