19 0.134375 0.264062 0.103125 0.158125
20 0.271875 0.264062 0.103125 0.158125
25 0.409375 0.264062 0.103125 0.158125
16 0.546875 0.264062 0.103125 0.158125
9 0.684375 0.264062 0.103125 0.158125
8 0.821875 0.264062 0.103125 0.158125
11 0.134375 0.468750 0.103125 0.158125
0 0.271875 0.468750 0.103125 0.158125
23 0.409375 0.468750 0.103125 0.158125
24 0.546875 0.468750 0.103125 0.158125
21 0.684375 0.468750 0.103125 0.158125
6 0.821875 0.468750 0.103125 0.158125
25 0.134375 0.673438 0.103125 0.158125
16 0.271875 0.673438 0.103125 0.158125
10 0.409375 0.673438 0.103125 0.158125
14 0.546875 0.673438 0.103125 0.158125
21 0.684375 0.673438 0.103125 0.158125
19 0.821875 0.673438 0.103125 0.158125