20 0.077344 0.140625 0.060156 0.096250
17 0.177344 0.140625 0.060156 0.096250
13 0.277344 0.140625 0.060156 0.096250
24 0.377344 0.140625 0.060156 0.096250
7 0.477344 0.140625 0.060156 0.096250
4 0.577344 0.140625 0.060156 0.096250
4 0.677344 0.140625 0.060156 0.096250
18 0.777344 0.140625 0.060156 0.096250
8 0.877344 0.140625 0.060156 0.096250
8 0.077344 0.275000 0.060156 0.096250
22 0.177344 0.275000 0.060156 0.096250
12 0.277344 0.275000 0.060156 0.096250
8 0.377344 0.275000 0.060156 0.096250
2 0.477344 0.275000 0.060156 0.096250
10 0.577344 0.275000 0.060156 0.096250
13 0.677344 0.275000 0.060156 0.096250
0 0.777344 0.275000 0.060156 0.096250
6 0.877344 0.275000 0.060156 0.096250
11 0.077344 0.409375 0.060156 0.096250
24 0.177344 0.409375 0.060156 0.096250
11 0.277344 0.409375 0.060156 0.096250
10 0.377344 0.409375 0.060156 0.096250
3 0.477344 0.409375 0.060156 0.096250
23 0.577344 0.409375 0.060156 0.096250
12 0.677344 0.409375 0.060156 0.096250
15 0.777344 0.409375 0.060156 0.096250
25 0.877344 0.409375 0.060156 0.096250
23 0.077344 0.543750 0.060156 0.096250
1 0.177344 0.543750 0.060156 0.096250
6 0.277344 0.543750 0.060156 0.096250
15 0.377344 0.543750 0.060156 0.096250
8 0.477344 0.543750 0.060156 0.096250
4 0.577344 0.543750 0.060156 0.096250
7 0.677344 0.543750 0.060156 0.096250
4 0.777344 0.543750 0.060156 0.096250
13 0.877344 0.543750 0.060156 0.096250
10 0.077344 0.678125 0.060156 0.096250
24 0.177344 0.678125 0.060156 0.096250
24 0.277344 0.678125 0.060156 0.096250
24 0.377344 0.678125 0.060156 0.096250
8 0.477344 0.678125 0.060156 0.096250
20 0.577344 0.678125 0.060156 0.096250
0 0.677344 0.678125 0.060156 0.096250
19 0.777344 0.678125 0.060156 0.096250
18 0.877344 0.678125 0.060156 0.096250
22 0.077344 0.812500 0.060156 0.096250
14 0.177344 0.812500 0.060156 0.096250
2 0.277344 0.812500 0.060156 0.096250
14 0.377344 0.812500 0.060156 0.096250
3 0.477344 0.812500 0.060156 0.096250
13 0.577344 0.812500 0.060156 0.096250
2 0.677344 0.812500 0.060156 0.096250
5 0.777344 0.812500 0.060156 0.096250
18 0.877344 0.812500 0.060156 0.096250