0 0.145313 0.210938 0.085938 0.134063
10 0.276562 0.210938 0.085938 0.134063
15 0.407813 0.210938 0.085938 0.134063
24 0.539062 0.210938 0.085938 0.134063
12 0.670312 0.210938 0.085938 0.134063
5 0.801562 0.210938 0.085938 0.134063
5 0.145313 0.385937 0.085938 0.134063
6 0.276562 0.385937 0.085938 0.134063
5 0.407813 0.385937 0.085938 0.134063
24 0.539062 0.385937 0.085938 0.134063
7 0.670312 0.385937 0.085938 0.134063
2 0.801562 0.385937 0.085938 0.134063
18 0.145313 0.560937 0.085938 0.134063
8 0.276562 0.560937 0.085938 0.134063
8 0.407813 0.560937 0.085938 0.134063
3 0.539062 0.560937 0.085938 0.134063
13 0.670312 0.560937 0.085938 0.134063
14 0.801562 0.560937 0.085938 0.134063
1 0.145313 0.735938 0.085938 0.134063
23 0.276562 0.735938 0.085938 0.134063
23 0.407813 0.735938 0.085938 0.134063
17 0.539062 0.735938 0.085938 0.134063
17 0.670312 0.735938 0.085938 0.134063
14 0.801562 0.735938 0.085938 0.134063