23 0.164062 0.185938 0.096250 0.147812
12 0.290625 0.185938 0.096250 0.147812
23 0.417187 0.185938 0.096250 0.147812
20 0.543750 0.185938 0.096250 0.147812
9 0.670312 0.185938 0.096250 0.147812
1 0.796875 0.185938 0.096250 0.147812
9 0.164062 0.376563 0.096250 0.147812
13 0.290625 0.376563 0.096250 0.147812
25 0.417187 0.376563 0.096250 0.147812
8 0.543750 0.376563 0.096250 0.147812
12 0.670312 0.376563 0.096250 0.147812
3 0.796875 0.376563 0.096250 0.147812
16 0.164062 0.567187 0.096250 0.147812
14 0.290625 0.567187 0.096250 0.147812
24 0.417187 0.567187 0.096250 0.147812
6 0.543750 0.567187 0.096250 0.147812
12 0.670312 0.567187 0.096250 0.147812
8 0.796875 0.567187 0.096250 0.147812
10 0.164062 0.757812 0.096250 0.147812
4 0.290625 0.757812 0.096250 0.147812
18 0.417187 0.757812 0.096250 0.147812
3 0.543750 0.757812 0.096250 0.147812
11 0.670312 0.757812 0.096250 0.147812
14 0.796875 0.757812 0.096250 0.147812