24 0.160938 0.251563 0.096250 0.154688
9 0.314063 0.251563 0.096250 0.154688
8 0.467187 0.251563 0.096250 0.154688
8 0.620313 0.251563 0.096250 0.154688
22 0.773438 0.251563 0.096250 0.154688
3 0.160938 0.464062 0.096250 0.154688
22 0.314063 0.464062 0.096250 0.154688
20 0.467187 0.464062 0.096250 0.154688
3 0.620313 0.464062 0.096250 0.154688
15 0.773438 0.464062 0.096250 0.154688
13 0.160938 0.676562 0.096250 0.154688
2 0.314063 0.676562 0.096250 0.154688
18 0.467187 0.676562 0.096250 0.154688
18 0.620313 0.676562 0.096250 0.154688
25 0.773438 0.676562 0.096250 0.154688