9 0.081250 0.164062 0.061875 0.096250
12 0.162500 0.164062 0.061875 0.096250
6 0.243750 0.164062 0.061875 0.096250
1 0.325000 0.164062 0.061875 0.096250
16 0.406250 0.164062 0.061875 0.096250
8 0.487500 0.164062 0.061875 0.096250
17 0.568750 0.164062 0.061875 0.096250
24 0.650000 0.164062 0.061875 0.096250
23 0.731250 0.164062 0.061875 0.096250
19 0.812500 0.164062 0.061875 0.096250
10 0.893750 0.164062 0.061875 0.096250
5 0.081250 0.290625 0.061875 0.096250
5 0.162500 0.290625 0.061875 0.096250
24 0.243750 0.290625 0.061875 0.096250
13 0.325000 0.290625 0.061875 0.096250
4 0.406250 0.290625 0.061875 0.096250
23 0.487500 0.290625 0.061875 0.096250
3 0.568750 0.290625 0.061875 0.096250
8 0.650000 0.290625 0.061875 0.096250
10 0.731250 0.290625 0.061875 0.096250
16 0.812500 0.290625 0.061875 0.096250
15 0.893750 0.290625 0.061875 0.096250
5 0.081250 0.417187 0.061875 0.096250
23 0.162500 0.417187 0.061875 0.096250
5 0.243750 0.417187 0.061875 0.096250
17 0.325000 0.417187 0.061875 0.096250
5 0.406250 0.417187 0.061875 0.096250
17 0.487500 0.417187 0.061875 0.096250
22 0.568750 0.417187 0.061875 0.096250
3 0.650000 0.417187 0.061875 0.096250
11 0.731250 0.417187 0.061875 0.096250
6 0.812500 0.417187 0.061875 0.096250
18 0.893750 0.417187 0.061875 0.096250
10 0.081250 0.543750 0.061875 0.096250
9 0.162500 0.543750 0.061875 0.096250
9 0.243750 0.543750 0.061875 0.096250
2 0.325000 0.543750 0.061875 0.096250
20 0.406250 0.543750 0.061875 0.096250
10 0.487500 0.543750 0.061875 0.096250
6 0.568750 0.543750 0.061875 0.096250
1 0.650000 0.543750 0.061875 0.096250
22 0.731250 0.543750 0.061875 0.096250
20 0.812500 0.543750 0.061875 0.096250
24 0.893750 0.543750 0.061875 0.096250
11 0.081250 0.670312 0.061875 0.096250
9 0.162500 0.670312 0.061875 0.096250
25 0.243750 0.670312 0.061875 0.096250
13 0.325000 0.670312 0.061875 0.096250
2 0.406250 0.670312 0.061875 0.096250
18 0.487500 0.670312 0.061875 0.096250
22 0.568750 0.670312 0.061875 0.096250
21 0.650000 0.670312 0.061875 0.096250
23 0.731250 0.670312 0.061875 0.096250
7 0.812500 0.670312 0.061875 0.096250
2 0.893750 0.670312 0.061875 0.096250
24 0.081250 0.796875 0.061875 0.096250
2 0.162500 0.796875 0.061875 0.096250
9 0.243750 0.796875 0.061875 0.096250
21 0.325000 0.796875 0.061875 0.096250
0 0.406250 0.796875 0.061875 0.096250
4 0.487500 0.796875 0.061875 0.096250
9 0.568750 0.796875 0.061875 0.096250
16 0.650000 0.796875 0.061875 0.096250
21 0.731250 0.796875 0.061875 0.096250
1 0.812500 0.796875 0.061875 0.096250
8 0.893750 0.796875 0.061875 0.096250