21 0.090625 0.170313 0.075625 0.116875
9 0.201563 0.170313 0.075625 0.116875
7 0.312500 0.170313 0.075625 0.116875
7 0.423438 0.170313 0.075625 0.116875
14 0.534375 0.170313 0.075625 0.116875
0 0.645312 0.170313 0.075625 0.116875
0 0.756250 0.170313 0.075625 0.116875
4 0.867188 0.170313 0.075625 0.116875
7 0.090625 0.323437 0.075625 0.116875
3 0.201563 0.323437 0.075625 0.116875
8 0.312500 0.323437 0.075625 0.116875
1 0.423438 0.323437 0.075625 0.116875
11 0.534375 0.323437 0.075625 0.116875
13 0.645312 0.323437 0.075625 0.116875
16 0.756250 0.323437 0.075625 0.116875
11 0.867188 0.323437 0.075625 0.116875
8 0.090625 0.476562 0.075625 0.116875
14 0.201563 0.476562 0.075625 0.116875
18 0.312500 0.476562 0.075625 0.116875
6 0.423438 0.476562 0.075625 0.116875
20 0.534375 0.476562 0.075625 0.116875
16 0.645312 0.476562 0.075625 0.116875
3 0.756250 0.476562 0.075625 0.116875
8 0.867188 0.476562 0.075625 0.116875
16 0.090625 0.629687 0.075625 0.116875
17 0.201563 0.629687 0.075625 0.116875
21 0.312500 0.629687 0.075625 0.116875
6 0.423438 0.629687 0.075625 0.116875
6 0.534375 0.629687 0.075625 0.116875
4 0.645312 0.629687 0.075625 0.116875
12 0.756250 0.629687 0.075625 0.116875
24 0.867188 0.629687 0.075625 0.116875
5 0.090625 0.782813 0.075625 0.116875
7 0.201563 0.782813 0.075625 0.116875
0 0.312500 0.782813 0.075625 0.116875
14 0.423438 0.782813 0.075625 0.116875
9 0.534375 0.782813 0.075625 0.116875
15 0.645312 0.782813 0.075625 0.116875
8 0.756250 0.782813 0.075625 0.116875
11 0.867188 0.782813 0.075625 0.116875