11 0.117969 0.173437 0.087656 0.140937
9 0.258594 0.173437 0.087656 0.140937
20 0.399219 0.173437 0.087656 0.140937
15 0.539844 0.173437 0.087656 0.140937
9 0.680469 0.173437 0.087656 0.140937
7 0.821094 0.173437 0.087656 0.140937
12 0.117969 0.368750 0.087656 0.140937
3 0.258594 0.368750 0.087656 0.140937
8 0.399219 0.368750 0.087656 0.140937
24 0.539844 0.368750 0.087656 0.140937
3 0.680469 0.368750 0.087656 0.140937
5 0.821094 0.368750 0.087656 0.140937
23 0.117969 0.564063 0.087656 0.140937
12 0.258594 0.564063 0.087656 0.140937
4 0.399219 0.564063 0.087656 0.140937
1 0.539844 0.564063 0.087656 0.140937
4 0.680469 0.564063 0.087656 0.140937
18 0.821094 0.564063 0.087656 0.140937
1 0.117969 0.759375 0.087656 0.140937
19 0.258594 0.759375 0.087656 0.140937
19 0.399219 0.759375 0.087656 0.140937
4 0.539844 0.759375 0.087656 0.140937
8 0.680469 0.759375 0.087656 0.140937
20 0.821094 0.759375 0.087656 0.140937