18 0.119531 0.245312 0.101406 0.161562
4 0.261719 0.245312 0.101406 0.161562
19 0.403906 0.245312 0.101406 0.161562
9 0.546094 0.245312 0.101406 0.161562
14 0.688281 0.245312 0.101406 0.161562
15 0.830469 0.245312 0.101406 0.161562
11 0.119531 0.464062 0.101406 0.161562
8 0.261719 0.464062 0.101406 0.161562
18 0.403906 0.464062 0.101406 0.161562
18 0.546094 0.464062 0.101406 0.161562
19 0.688281 0.464062 0.101406 0.161562
21 0.830469 0.464062 0.101406 0.161562
20 0.119531 0.682813 0.101406 0.161562
1 0.261719 0.682813 0.101406 0.161562
7 0.403906 0.682813 0.101406 0.161562
3 0.546094 0.682813 0.101406 0.161562
25 0.688281 0.682813 0.101406 0.161562
14 0.830469 0.682813 0.101406 0.161562