1 0.092969 0.153125 0.080781 0.123750
14 0.203906 0.153125 0.080781 0.123750
1 0.314844 0.153125 0.080781 0.123750
24 0.425781 0.153125 0.080781 0.123750
14 0.536719 0.153125 0.080781 0.123750
15 0.647656 0.153125 0.080781 0.123750
14 0.758594 0.153125 0.080781 0.123750
3 0.869531 0.153125 0.080781 0.123750
17 0.092969 0.314063 0.080781 0.123750
8 0.203906 0.314063 0.080781 0.123750
21 0.314844 0.314063 0.080781 0.123750
5 0.425781 0.314063 0.080781 0.123750
12 0.536719 0.314063 0.080781 0.123750
22 0.647656 0.314063 0.080781 0.123750
18 0.758594 0.314063 0.080781 0.123750
22 0.869531 0.314063 0.080781 0.123750
0 0.092969 0.475000 0.080781 0.123750
24 0.203906 0.475000 0.080781 0.123750
21 0.314844 0.475000 0.080781 0.123750
6 0.425781 0.475000 0.080781 0.123750
18 0.536719 0.475000 0.080781 0.123750
21 0.647656 0.475000 0.080781 0.123750
6 0.758594 0.475000 0.080781 0.123750
20 0.869531 0.475000 0.080781 0.123750
22 0.092969 0.635938 0.080781 0.123750
18 0.203906 0.635938 0.080781 0.123750
7 0.314844 0.635938 0.080781 0.123750
2 0.425781 0.635938 0.080781 0.123750
1 0.536719 0.635938 0.080781 0.123750
15 0.647656 0.635938 0.080781 0.123750
3 0.758594 0.635938 0.080781 0.123750
8 0.869531 0.635938 0.080781 0.123750
10 0.092969 0.796875 0.080781 0.123750
12 0.203906 0.796875 0.080781 0.123750
3 0.314844 0.796875 0.080781 0.123750
24 0.425781 0.796875 0.080781 0.123750
13 0.536719 0.796875 0.080781 0.123750
11 0.647656 0.796875 0.080781 0.123750
9 0.758594 0.796875 0.080781 0.123750
24 0.869531 0.796875 0.080781 0.123750