2 0.181250 0.262500 0.099687 0.154688
12 0.326562 0.262500 0.099687 0.154688
3 0.471875 0.262500 0.099687 0.154688
19 0.617188 0.262500 0.099687 0.154688
23 0.762500 0.262500 0.099687 0.154688
8 0.181250 0.467187 0.099687 0.154688
23 0.326562 0.467187 0.099687 0.154688
0 0.471875 0.467187 0.099687 0.154688
15 0.617188 0.467187 0.099687 0.154688
12 0.762500 0.467187 0.099687 0.154688
19 0.181250 0.671875 0.099687 0.154688
6 0.326562 0.671875 0.099687 0.154688
4 0.471875 0.671875 0.099687 0.154688
16 0.617188 0.671875 0.099687 0.154688
4 0.762500 0.671875 0.099687 0.154688