3 0.146094 0.193750 0.087656 0.137500
16 0.277344 0.193750 0.087656 0.137500
9 0.408594 0.193750 0.087656 0.137500
2 0.539844 0.193750 0.087656 0.137500
20 0.671094 0.193750 0.087656 0.137500
7 0.802344 0.193750 0.087656 0.137500
11 0.146094 0.378125 0.087656 0.137500
4 0.277344 0.378125 0.087656 0.137500
13 0.408594 0.378125 0.087656 0.137500
14 0.539844 0.378125 0.087656 0.137500
23 0.671094 0.378125 0.087656 0.137500
12 0.802344 0.378125 0.087656 0.137500
20 0.146094 0.562500 0.087656 0.137500
17 0.277344 0.562500 0.087656 0.137500
12 0.408594 0.562500 0.087656 0.137500
22 0.539844 0.562500 0.087656 0.137500
20 0.671094 0.562500 0.087656 0.137500
7 0.802344 0.562500 0.087656 0.137500
8 0.146094 0.746875 0.087656 0.137500
10 0.277344 0.746875 0.087656 0.137500
25 0.408594 0.746875 0.087656 0.137500
0 0.539844 0.746875 0.087656 0.137500
20 0.671094 0.746875 0.087656 0.137500
11 0.802344 0.746875 0.087656 0.137500