8 0.142969 0.223438 0.101406 0.165000
20 0.303906 0.223438 0.101406 0.165000
9 0.464844 0.223438 0.101406 0.165000
22 0.625781 0.223438 0.101406 0.165000
11 0.786719 0.223438 0.101406 0.165000
11 0.142969 0.457813 0.101406 0.165000
23 0.303906 0.457813 0.101406 0.165000
11 0.464844 0.457813 0.101406 0.165000
15 0.625781 0.457813 0.101406 0.165000
11 0.786719 0.457813 0.101406 0.165000
23 0.142969 0.692187 0.101406 0.165000
25 0.303906 0.692187 0.101406 0.165000
3 0.464844 0.692187 0.101406 0.165000
19 0.625781 0.692187 0.101406 0.165000
1 0.786719 0.692187 0.101406 0.165000