4 0.117188 0.187500 0.085938 0.137500
7 0.257812 0.187500 0.085938 0.137500
10 0.398438 0.187500 0.085938 0.137500
5 0.539062 0.187500 0.085938 0.137500
13 0.679688 0.187500 0.085938 0.137500
16 0.820312 0.187500 0.085938 0.137500
12 0.117188 0.375000 0.085938 0.137500
17 0.257812 0.375000 0.085938 0.137500
21 0.398438 0.375000 0.085938 0.137500
13 0.539062 0.375000 0.085938 0.137500
20 0.679688 0.375000 0.085938 0.137500
22 0.820312 0.375000 0.085938 0.137500
5 0.117188 0.562500 0.085938 0.137500
13 0.257812 0.562500 0.085938 0.137500
8 0.398438 0.562500 0.085938 0.137500
1 0.539062 0.562500 0.085938 0.137500
23 0.679688 0.562500 0.085938 0.137500
0 0.820312 0.562500 0.085938 0.137500
4 0.117188 0.750000 0.085938 0.137500
20 0.257812 0.750000 0.085938 0.137500
20 0.398438 0.750000 0.085938 0.137500
16 0.539062 0.750000 0.085938 0.137500
10 0.679688 0.750000 0.085938 0.137500
8 0.820312 0.750000 0.085938 0.137500