22 0.162500 0.231250 0.099687 0.161562
16 0.315625 0.231250 0.099687 0.161562
19 0.468750 0.231250 0.099687 0.161562
11 0.621875 0.231250 0.099687 0.161562
19 0.775000 0.231250 0.099687 0.161562
13 0.162500 0.459375 0.099687 0.161562
12 0.315625 0.459375 0.099687 0.161562
25 0.468750 0.459375 0.099687 0.161562
4 0.621875 0.459375 0.099687 0.161562
12 0.775000 0.459375 0.099687 0.161562
13 0.162500 0.687500 0.099687 0.161562
5 0.315625 0.687500 0.099687 0.161562
22 0.468750 0.687500 0.099687 0.161562
2 0.621875 0.687500 0.099687 0.161562
19 0.775000 0.687500 0.099687 0.161562