20 0.182812 0.254688 0.103125 0.161562
19 0.328125 0.254688 0.103125 0.161562
13 0.473438 0.254688 0.103125 0.161562
24 0.618750 0.254688 0.103125 0.161562
22 0.764062 0.254688 0.103125 0.161562
23 0.182812 0.467187 0.103125 0.161562
17 0.328125 0.467187 0.103125 0.161562
10 0.473438 0.467187 0.103125 0.161562
0 0.618750 0.467187 0.103125 0.161562
21 0.764062 0.467187 0.103125 0.161562
4 0.182812 0.679688 0.103125 0.161562
10 0.328125 0.679688 0.103125 0.161562
23 0.473438 0.679688 0.103125 0.161562
10 0.618750 0.679688 0.103125 0.161562
18 0.764062 0.679688 0.103125 0.161562