20 0.119531 0.237500 0.101406 0.161562
25 0.261719 0.237500 0.101406 0.161562
12 0.403906 0.237500 0.101406 0.161562
2 0.546094 0.237500 0.101406 0.161562
16 0.688281 0.237500 0.101406 0.161562
10 0.830469 0.237500 0.101406 0.161562
4 0.119531 0.460938 0.101406 0.161562
5 0.261719 0.460938 0.101406 0.161562
19 0.403906 0.460938 0.101406 0.161562
20 0.546094 0.460938 0.101406 0.161562
24 0.688281 0.460938 0.101406 0.161562
25 0.830469 0.460938 0.101406 0.161562
25 0.119531 0.684375 0.101406 0.161562
17 0.261719 0.684375 0.101406 0.161562
18 0.403906 0.684375 0.101406 0.161562
23 0.546094 0.684375 0.101406 0.161562
12 0.688281 0.684375 0.101406 0.161562
25 0.830469 0.684375 0.101406 0.161562