7 0.151562 0.165625 0.089375 0.144375
12 0.281250 0.165625 0.089375 0.144375
16 0.410938 0.165625 0.089375 0.144375
20 0.540625 0.165625 0.089375 0.144375
13 0.670312 0.165625 0.089375 0.144375
7 0.800000 0.165625 0.089375 0.144375
1 0.151562 0.365625 0.089375 0.144375
1 0.281250 0.365625 0.089375 0.144375
15 0.410938 0.365625 0.089375 0.144375
12 0.540625 0.365625 0.089375 0.144375
2 0.670312 0.365625 0.089375 0.144375
11 0.800000 0.365625 0.089375 0.144375
25 0.151562 0.565625 0.089375 0.144375
0 0.281250 0.565625 0.089375 0.144375
13 0.410938 0.565625 0.089375 0.144375
3 0.540625 0.565625 0.089375 0.144375
7 0.670312 0.565625 0.089375 0.144375
0 0.800000 0.565625 0.089375 0.144375
2 0.151562 0.765625 0.089375 0.144375
21 0.281250 0.765625 0.089375 0.144375
5 0.410938 0.765625 0.089375 0.144375
14 0.540625 0.765625 0.089375 0.144375
6 0.670312 0.765625 0.089375 0.144375
24 0.800000 0.765625 0.089375 0.144375