22 0.155469 0.200000 0.087656 0.137500
2 0.283594 0.200000 0.087656 0.137500
18 0.411719 0.200000 0.087656 0.137500
0 0.539844 0.200000 0.087656 0.137500
23 0.667969 0.200000 0.087656 0.137500
9 0.796094 0.200000 0.087656 0.137500
10 0.155469 0.381250 0.087656 0.137500
15 0.283594 0.381250 0.087656 0.137500
7 0.411719 0.381250 0.087656 0.137500
24 0.539844 0.381250 0.087656 0.137500
6 0.667969 0.381250 0.087656 0.137500
2 0.796094 0.381250 0.087656 0.137500
4 0.155469 0.562500 0.087656 0.137500
6 0.283594 0.562500 0.087656 0.137500
14 0.411719 0.562500 0.087656 0.137500
14 0.539844 0.562500 0.087656 0.137500
23 0.667969 0.562500 0.087656 0.137500
21 0.796094 0.562500 0.087656 0.137500
14 0.155469 0.743750 0.087656 0.137500
0 0.283594 0.743750 0.087656 0.137500
0 0.411719 0.743750 0.087656 0.137500
2 0.539844 0.743750 0.087656 0.137500
12 0.667969 0.743750 0.087656 0.137500
21 0.796094 0.743750 0.087656 0.137500