5 0.124219 0.192188 0.091094 0.140937
1 0.263281 0.192188 0.091094 0.140937
24 0.402344 0.192188 0.091094 0.140937
5 0.541406 0.192188 0.091094 0.140937
24 0.680469 0.192188 0.091094 0.140937
21 0.819531 0.192188 0.091094 0.140937
3 0.124219 0.378125 0.091094 0.140937
8 0.263281 0.378125 0.091094 0.140937
10 0.402344 0.378125 0.091094 0.140937
1 0.541406 0.378125 0.091094 0.140937
18 0.680469 0.378125 0.091094 0.140937
16 0.819531 0.378125 0.091094 0.140937
1 0.124219 0.564063 0.091094 0.140937
15 0.263281 0.564063 0.091094 0.140937
22 0.402344 0.564063 0.091094 0.140937
9 0.541406 0.564063 0.091094 0.140937
4 0.680469 0.564063 0.091094 0.140937
2 0.819531 0.564063 0.091094 0.140937
4 0.124219 0.750000 0.091094 0.140937
7 0.263281 0.750000 0.091094 0.140937
14 0.402344 0.750000 0.091094 0.140937
15 0.541406 0.750000 0.091094 0.140937
24 0.680469 0.750000 0.091094 0.140937
3 0.819531 0.750000 0.091094 0.140937