17 0.139063 0.262500 0.092812 0.147812
17 0.273438 0.262500 0.092812 0.147812
25 0.407813 0.262500 0.092812 0.147812
0 0.542188 0.262500 0.092812 0.147812
17 0.676562 0.262500 0.092812 0.147812
5 0.810937 0.262500 0.092812 0.147812
20 0.139063 0.465625 0.092812 0.147812
18 0.273438 0.465625 0.092812 0.147812
10 0.407813 0.465625 0.092812 0.147812
5 0.542188 0.465625 0.092812 0.147812
24 0.676562 0.465625 0.092812 0.147812
14 0.810937 0.465625 0.092812 0.147812
7 0.139063 0.668750 0.092812 0.147812
11 0.273438 0.668750 0.092812 0.147812
0 0.407813 0.668750 0.092812 0.147812
23 0.542188 0.668750 0.092812 0.147812
14 0.676562 0.668750 0.092812 0.147812
5 0.810937 0.668750 0.092812 0.147812