9 0.167187 0.259375 0.092812 0.147812
8 0.317188 0.259375 0.092812 0.147812
6 0.467187 0.259375 0.092812 0.147812
10 0.617188 0.259375 0.092812 0.147812
22 0.767188 0.259375 0.092812 0.147812
7 0.167187 0.464062 0.092812 0.147812
13 0.317188 0.464062 0.092812 0.147812
20 0.467187 0.464062 0.092812 0.147812
4 0.617188 0.464062 0.092812 0.147812
0 0.767188 0.464062 0.092812 0.147812
1 0.167187 0.668750 0.092812 0.147812
8 0.317188 0.668750 0.092812 0.147812
25 0.467187 0.668750 0.092812 0.147812
16 0.617188 0.668750 0.092812 0.147812
5 0.767188 0.668750 0.092812 0.147812