22 0.150000 0.217188 0.106563 0.171875
9 0.309375 0.217188 0.106563 0.171875
7 0.468750 0.217188 0.106563 0.171875
13 0.628125 0.217188 0.106563 0.171875
18 0.787500 0.217188 0.106563 0.171875
16 0.150000 0.457813 0.106563 0.171875
15 0.309375 0.457813 0.106563 0.171875
24 0.468750 0.457813 0.106563 0.171875
7 0.628125 0.457813 0.106563 0.171875
16 0.787500 0.457813 0.106563 0.171875
6 0.150000 0.698438 0.106563 0.171875
12 0.309375 0.698438 0.106563 0.171875
8 0.468750 0.698438 0.106563 0.171875
22 0.628125 0.698438 0.106563 0.171875
10 0.787500 0.698438 0.106563 0.171875