5 0.121094 0.192188 0.073906 0.113437
18 0.224219 0.192188 0.073906 0.113437
20 0.327344 0.192188 0.073906 0.113437
21 0.430469 0.192188 0.073906 0.113437
5 0.533594 0.192188 0.073906 0.113437
2 0.636719 0.192188 0.073906 0.113437
19 0.739844 0.192188 0.073906 0.113437
20 0.842969 0.192188 0.073906 0.113437
8 0.121094 0.335938 0.073906 0.113437
19 0.224219 0.335938 0.073906 0.113437
1 0.327344 0.335938 0.073906 0.113437
7 0.430469 0.335938 0.073906 0.113437
4 0.533594 0.335938 0.073906 0.113437
21 0.636719 0.335938 0.073906 0.113437
21 0.739844 0.335938 0.073906 0.113437
2 0.842969 0.335938 0.073906 0.113437
23 0.121094 0.479687 0.073906 0.113437
16 0.224219 0.479687 0.073906 0.113437
17 0.327344 0.479687 0.073906 0.113437
16 0.430469 0.479687 0.073906 0.113437
0 0.533594 0.479687 0.073906 0.113437
3 0.636719 0.479687 0.073906 0.113437
4 0.739844 0.479687 0.073906 0.113437
9 0.842969 0.479687 0.073906 0.113437
19 0.121094 0.623437 0.073906 0.113437
20 0.224219 0.623437 0.073906 0.113437
7 0.327344 0.623437 0.073906 0.113437
1 0.430469 0.623437 0.073906 0.113437
5 0.533594 0.623437 0.073906 0.113437
19 0.636719 0.623437 0.073906 0.113437
8 0.739844 0.623437 0.073906 0.113437
25 0.842969 0.623437 0.073906 0.113437
1 0.121094 0.767188 0.073906 0.113437
15 0.224219 0.767188 0.073906 0.113437
12 0.327344 0.767188 0.073906 0.113437
20 0.430469 0.767188 0.073906 0.113437
15 0.533594 0.767188 0.073906 0.113437
12 0.636719 0.767188 0.073906 0.113437
3 0.739844 0.767188 0.073906 0.113437
23 0.842969 0.767188 0.073906 0.113437