1 0.103125 0.204687 0.079063 0.127188
24 0.226562 0.204687 0.079063 0.127188
10 0.350000 0.204687 0.079063 0.127188
10 0.473438 0.204687 0.079063 0.127188
9 0.596875 0.204687 0.079063 0.127188
0 0.720313 0.204687 0.079063 0.127188
11 0.843750 0.204687 0.079063 0.127188
13 0.103125 0.381250 0.079063 0.127188
19 0.226562 0.381250 0.079063 0.127188
21 0.350000 0.381250 0.079063 0.127188
22 0.473438 0.381250 0.079063 0.127188
8 0.596875 0.381250 0.079063 0.127188
1 0.720313 0.381250 0.079063 0.127188
23 0.843750 0.381250 0.079063 0.127188
1 0.103125 0.557813 0.079063 0.127188
11 0.226562 0.557813 0.079063 0.127188
5 0.350000 0.557813 0.079063 0.127188
12 0.473438 0.557813 0.079063 0.127188
2 0.596875 0.557813 0.079063 0.127188
8 0.720313 0.557813 0.079063 0.127188
23 0.843750 0.557813 0.079063 0.127188
24 0.103125 0.734375 0.079063 0.127188
2 0.226562 0.734375 0.079063 0.127188
10 0.350000 0.734375 0.079063 0.127188
0 0.473438 0.734375 0.079063 0.127188
8 0.596875 0.734375 0.079063 0.127188
14 0.720313 0.734375 0.079063 0.127188
20 0.843750 0.734375 0.079063 0.127188