24 0.105469 0.196875 0.094531 0.144375
9 0.230469 0.196875 0.094531 0.144375
1 0.355469 0.196875 0.094531 0.144375
18 0.480469 0.196875 0.094531 0.144375
3 0.605469 0.196875 0.094531 0.144375
0 0.730469 0.196875 0.094531 0.144375
0 0.855469 0.196875 0.094531 0.144375
21 0.105469 0.381250 0.094531 0.144375
20 0.230469 0.381250 0.094531 0.144375
21 0.355469 0.381250 0.094531 0.144375
7 0.480469 0.381250 0.094531 0.144375
14 0.605469 0.381250 0.094531 0.144375
15 0.730469 0.381250 0.094531 0.144375
10 0.855469 0.381250 0.094531 0.144375
17 0.105469 0.565625 0.094531 0.144375
16 0.230469 0.565625 0.094531 0.144375
11 0.355469 0.565625 0.094531 0.144375
10 0.480469 0.565625 0.094531 0.144375
20 0.605469 0.565625 0.094531 0.144375
19 0.730469 0.565625 0.094531 0.144375
25 0.855469 0.565625 0.094531 0.144375
25 0.105469 0.750000 0.094531 0.144375
2 0.230469 0.750000 0.094531 0.144375
5 0.355469 0.750000 0.094531 0.144375
23 0.480469 0.750000 0.094531 0.144375
5 0.605469 0.750000 0.094531 0.144375
19 0.730469 0.750000 0.094531 0.144375
2 0.855469 0.750000 0.094531 0.144375