20 0.159375 0.232813 0.110000 0.171875
1 0.315625 0.232813 0.110000 0.171875
25 0.471875 0.232813 0.110000 0.171875
19 0.628125 0.232813 0.110000 0.171875
5 0.784375 0.232813 0.110000 0.171875
2 0.159375 0.462500 0.110000 0.171875
8 0.315625 0.462500 0.110000 0.171875
16 0.471875 0.462500 0.110000 0.171875
15 0.628125 0.462500 0.110000 0.171875
17 0.784375 0.462500 0.110000 0.171875
24 0.159375 0.692187 0.110000 0.171875
9 0.315625 0.692187 0.110000 0.171875
11 0.471875 0.692187 0.110000 0.171875
2 0.628125 0.692187 0.110000 0.171875
13 0.784375 0.692187 0.110000 0.171875