0 0.088281 0.185938 0.070469 0.110000
9 0.186719 0.185938 0.070469 0.110000
24 0.285156 0.185938 0.070469 0.110000
14 0.383594 0.185938 0.070469 0.110000
18 0.482031 0.185938 0.070469 0.110000
6 0.580469 0.185938 0.070469 0.110000
24 0.678906 0.185938 0.070469 0.110000
0 0.777344 0.185938 0.070469 0.110000
23 0.875781 0.185938 0.070469 0.110000
1 0.088281 0.331250 0.070469 0.110000
1 0.186719 0.331250 0.070469 0.110000
15 0.285156 0.331250 0.070469 0.110000
18 0.383594 0.331250 0.070469 0.110000
7 0.482031 0.331250 0.070469 0.110000
21 0.580469 0.331250 0.070469 0.110000
2 0.678906 0.331250 0.070469 0.110000
10 0.777344 0.331250 0.070469 0.110000
12 0.875781 0.331250 0.070469 0.110000
8 0.088281 0.476562 0.070469 0.110000
3 0.186719 0.476562 0.070469 0.110000
10 0.285156 0.476562 0.070469 0.110000
17 0.383594 0.476562 0.070469 0.110000
19 0.482031 0.476562 0.070469 0.110000
9 0.580469 0.476562 0.070469 0.110000
18 0.678906 0.476562 0.070469 0.110000
4 0.777344 0.476562 0.070469 0.110000
13 0.875781 0.476562 0.070469 0.110000
10 0.088281 0.621875 0.070469 0.110000
11 0.186719 0.621875 0.070469 0.110000
7 0.285156 0.621875 0.070469 0.110000
10 0.383594 0.621875 0.070469 0.110000
19 0.482031 0.621875 0.070469 0.110000
13 0.580469 0.621875 0.070469 0.110000
9 0.678906 0.621875 0.070469 0.110000
22 0.777344 0.621875 0.070469 0.110000
7 0.875781 0.621875 0.070469 0.110000
1 0.088281 0.767188 0.070469 0.110000
6 0.186719 0.767188 0.070469 0.110000
13 0.285156 0.767188 0.070469 0.110000
13 0.383594 0.767188 0.070469 0.110000
16 0.482031 0.767188 0.070469 0.110000
7 0.580469 0.767188 0.070469 0.110000
0 0.678906 0.767188 0.070469 0.110000
6 0.777344 0.767188 0.070469 0.110000
3 0.875781 0.767188 0.070469 0.110000