9 0.165625 0.262500 0.099687 0.154688
9 0.317188 0.262500 0.099687 0.154688
23 0.468750 0.262500 0.099687 0.154688
6 0.620313 0.262500 0.099687 0.154688
2 0.771875 0.262500 0.099687 0.154688
2 0.165625 0.467187 0.099687 0.154688
12 0.317188 0.467187 0.099687 0.154688
15 0.468750 0.467187 0.099687 0.154688
21 0.620313 0.467187 0.099687 0.154688
9 0.771875 0.467187 0.099687 0.154688
13 0.165625 0.671875 0.099687 0.154688
18 0.317188 0.671875 0.099687 0.154688
25 0.468750 0.671875 0.099687 0.154688
3 0.620313 0.671875 0.099687 0.154688
23 0.771875 0.671875 0.099687 0.154688