13 0.124219 0.153125 0.080781 0.123750
6 0.227344 0.153125 0.080781 0.123750
0 0.330469 0.153125 0.080781 0.123750
15 0.433594 0.153125 0.080781 0.123750
17 0.536719 0.153125 0.080781 0.123750
5 0.639844 0.153125 0.080781 0.123750
22 0.742969 0.153125 0.080781 0.123750
14 0.846094 0.153125 0.080781 0.123750
13 0.124219 0.314063 0.080781 0.123750
18 0.227344 0.314063 0.080781 0.123750
14 0.330469 0.314063 0.080781 0.123750
4 0.433594 0.314063 0.080781 0.123750
15 0.536719 0.314063 0.080781 0.123750
18 0.639844 0.314063 0.080781 0.123750
7 0.742969 0.314063 0.080781 0.123750
3 0.846094 0.314063 0.080781 0.123750
7 0.124219 0.475000 0.080781 0.123750
3 0.227344 0.475000 0.080781 0.123750
25 0.330469 0.475000 0.080781 0.123750
12 0.433594 0.475000 0.080781 0.123750
21 0.536719 0.475000 0.080781 0.123750
14 0.639844 0.475000 0.080781 0.123750
3 0.742969 0.475000 0.080781 0.123750
7 0.846094 0.475000 0.080781 0.123750
9 0.124219 0.635938 0.080781 0.123750
14 0.227344 0.635938 0.080781 0.123750
16 0.330469 0.635938 0.080781 0.123750
12 0.433594 0.635938 0.080781 0.123750
18 0.536719 0.635938 0.080781 0.123750
10 0.639844 0.635938 0.080781 0.123750
4 0.742969 0.635938 0.080781 0.123750
22 0.846094 0.635938 0.080781 0.123750
12 0.124219 0.796875 0.080781 0.123750
2 0.227344 0.796875 0.080781 0.123750
21 0.330469 0.796875 0.080781 0.123750
4 0.433594 0.796875 0.080781 0.123750
4 0.536719 0.796875 0.080781 0.123750
13 0.639844 0.796875 0.080781 0.123750
1 0.742969 0.796875 0.080781 0.123750
2 0.846094 0.796875 0.080781 0.123750