4 0.180469 0.259375 0.104844 0.161562
16 0.327344 0.259375 0.104844 0.161562
0 0.474219 0.259375 0.104844 0.161562
16 0.621094 0.259375 0.104844 0.161562
16 0.767969 0.259375 0.104844 0.161562
3 0.180469 0.468750 0.104844 0.161562
18 0.327344 0.468750 0.104844 0.161562
17 0.474219 0.468750 0.104844 0.161562
11 0.621094 0.468750 0.104844 0.161562
25 0.767969 0.468750 0.104844 0.161562
12 0.180469 0.678125 0.104844 0.161562
6 0.327344 0.678125 0.104844 0.161562
7 0.474219 0.678125 0.104844 0.161562
22 0.621094 0.678125 0.104844 0.161562
23 0.767969 0.678125 0.104844 0.161562