9 0.179688 0.250000 0.103125 0.161562
21 0.326562 0.250000 0.103125 0.161562
14 0.473438 0.250000 0.103125 0.161562
0 0.620313 0.250000 0.103125 0.161562
18 0.767188 0.250000 0.103125 0.161562
10 0.179688 0.465625 0.103125 0.161562
25 0.326562 0.465625 0.103125 0.161562
4 0.473438 0.465625 0.103125 0.161562
1 0.620313 0.465625 0.103125 0.161562
12 0.767188 0.465625 0.103125 0.161562
12 0.179688 0.681250 0.103125 0.161562
20 0.326562 0.681250 0.103125 0.161562
18 0.473438 0.681250 0.103125 0.161562
1 0.620313 0.681250 0.103125 0.161562
1 0.767188 0.681250 0.103125 0.161562