12 0.139063 0.146875 0.072188 0.116875
16 0.251563 0.146875 0.072188 0.116875
18 0.364063 0.146875 0.072188 0.116875
9 0.476562 0.146875 0.072188 0.116875
3 0.589063 0.146875 0.072188 0.116875
10 0.701562 0.146875 0.072188 0.116875
23 0.814063 0.146875 0.072188 0.116875
19 0.139063 0.309375 0.072188 0.116875
9 0.251563 0.309375 0.072188 0.116875
1 0.364063 0.309375 0.072188 0.116875
10 0.476562 0.309375 0.072188 0.116875
19 0.589063 0.309375 0.072188 0.116875
12 0.701562 0.309375 0.072188 0.116875
9 0.814063 0.309375 0.072188 0.116875
13 0.139063 0.471875 0.072188 0.116875
20 0.251563 0.471875 0.072188 0.116875
15 0.364063 0.471875 0.072188 0.116875
5 0.476562 0.471875 0.072188 0.116875
8 0.589063 0.471875 0.072188 0.116875
24 0.701562 0.471875 0.072188 0.116875
14 0.814063 0.471875 0.072188 0.116875
16 0.139063 0.634375 0.072188 0.116875
21 0.251563 0.634375 0.072188 0.116875
4 0.364063 0.634375 0.072188 0.116875
22 0.476562 0.634375 0.072188 0.116875
8 0.589063 0.634375 0.072188 0.116875
6 0.701562 0.634375 0.072188 0.116875
1 0.814063 0.634375 0.072188 0.116875
10 0.139063 0.796875 0.072188 0.116875
20 0.251563 0.796875 0.072188 0.116875
18 0.364063 0.796875 0.072188 0.116875
5 0.476562 0.796875 0.072188 0.116875
18 0.589063 0.796875 0.072188 0.116875
5 0.701562 0.796875 0.072188 0.116875
13 0.814063 0.796875 0.072188 0.116875