9 0.140625 0.143750 0.075625 0.120313
24 0.253125 0.143750 0.075625 0.120313
8 0.365625 0.143750 0.075625 0.120313
2 0.478125 0.143750 0.075625 0.120313
11 0.590625 0.143750 0.075625 0.120313
22 0.703125 0.143750 0.075625 0.120313
20 0.815625 0.143750 0.075625 0.120313
1 0.140625 0.307812 0.075625 0.120313
8 0.253125 0.307812 0.075625 0.120313
15 0.365625 0.307812 0.075625 0.120313
12 0.478125 0.307812 0.075625 0.120313
24 0.590625 0.307812 0.075625 0.120313
5 0.703125 0.307812 0.075625 0.120313
19 0.815625 0.307812 0.075625 0.120313
21 0.140625 0.471875 0.075625 0.120313
3 0.253125 0.471875 0.075625 0.120313
21 0.365625 0.471875 0.075625 0.120313
14 0.478125 0.471875 0.075625 0.120313
0 0.590625 0.471875 0.075625 0.120313
4 0.703125 0.471875 0.075625 0.120313
21 0.815625 0.471875 0.075625 0.120313
3 0.140625 0.635938 0.075625 0.120313
21 0.253125 0.635938 0.075625 0.120313
8 0.365625 0.635938 0.075625 0.120313
13 0.478125 0.635938 0.075625 0.120313
3 0.590625 0.635938 0.075625 0.120313
13 0.703125 0.635938 0.075625 0.120313
13 0.815625 0.635938 0.075625 0.120313
21 0.140625 0.800000 0.075625 0.120313
3 0.253125 0.800000 0.075625 0.120313
6 0.365625 0.800000 0.075625 0.120313
25 0.478125 0.800000 0.075625 0.120313
22 0.590625 0.800000 0.075625 0.120313
2 0.703125 0.800000 0.075625 0.120313
6 0.815625 0.800000 0.075625 0.120313