13 0.139844 0.245312 0.101406 0.161562
11 0.302344 0.245312 0.101406 0.161562
18 0.464844 0.245312 0.101406 0.161562
13 0.627344 0.245312 0.101406 0.161562
14 0.789844 0.245312 0.101406 0.161562
0 0.139844 0.464062 0.101406 0.161562
25 0.302344 0.464062 0.101406 0.161562
22 0.464844 0.464062 0.101406 0.161562
11 0.627344 0.464062 0.101406 0.161562
8 0.789844 0.464062 0.101406 0.161562
10 0.139844 0.682813 0.101406 0.161562
16 0.302344 0.682813 0.101406 0.161562
0 0.464844 0.682813 0.101406 0.161562
20 0.627344 0.682813 0.101406 0.161562
23 0.789844 0.682813 0.101406 0.161562