11 0.074219 0.100000 0.042969 0.065312
6 0.133594 0.100000 0.042969 0.065312
25 0.192969 0.100000 0.042969 0.065312
21 0.252344 0.100000 0.042969 0.065312
3 0.311719 0.100000 0.042969 0.065312
21 0.371094 0.100000 0.042969 0.065312
8 0.430469 0.100000 0.042969 0.065312
16 0.489844 0.100000 0.042969 0.065312
0 0.549219 0.100000 0.042969 0.065312
0 0.608594 0.100000 0.042969 0.065312
3 0.667969 0.100000 0.042969 0.065312
15 0.727344 0.100000 0.042969 0.065312
4 0.786719 0.100000 0.042969 0.065312
9 0.846094 0.100000 0.042969 0.065312
16 0.905469 0.100000 0.042969 0.065312
11 0.074219 0.185938 0.042969 0.065312
6 0.133594 0.185938 0.042969 0.065312
5 0.192969 0.185938 0.042969 0.065312
1 0.252344 0.185938 0.042969 0.065312
9 0.311719 0.185938 0.042969 0.065312
21 0.371094 0.185938 0.042969 0.065312
3 0.430469 0.185938 0.042969 0.065312
19 0.489844 0.185938 0.042969 0.065312
1 0.549219 0.185938 0.042969 0.065312
11 0.608594 0.185938 0.042969 0.065312
13 0.667969 0.185938 0.042969 0.065312
3 0.727344 0.185938 0.042969 0.065312
9 0.786719 0.185938 0.042969 0.065312
2 0.846094 0.185938 0.042969 0.065312
17 0.905469 0.185938 0.042969 0.065312
22 0.074219 0.271875 0.042969 0.065312
23 0.133594 0.271875 0.042969 0.065312
18 0.192969 0.271875 0.042969 0.065312
10 0.252344 0.271875 0.042969 0.065312
4 0.311719 0.271875 0.042969 0.065312
4 0.371094 0.271875 0.042969 0.065312
15 0.430469 0.271875 0.042969 0.065312
9 0.489844 0.271875 0.042969 0.065312
17 0.549219 0.271875 0.042969 0.065312
25 0.608594 0.271875 0.042969 0.065312
22 0.667969 0.271875 0.042969 0.065312
11 0.727344 0.271875 0.042969 0.065312
14 0.786719 0.271875 0.042969 0.065312
4 0.846094 0.271875 0.042969 0.065312
14 0.905469 0.271875 0.042969 0.065312
2 0.074219 0.357812 0.042969 0.065312
0 0.133594 0.357812 0.042969 0.065312
5 0.192969 0.357812 0.042969 0.065312
4 0.252344 0.357812 0.042969 0.065312
18 0.311719 0.357812 0.042969 0.065312
13 0.371094 0.357812 0.042969 0.065312
15 0.430469 0.357812 0.042969 0.065312
1 0.489844 0.357812 0.042969 0.065312
20 0.549219 0.357812 0.042969 0.065312
0 0.608594 0.357812 0.042969 0.065312
2 0.667969 0.357812 0.042969 0.065312
3 0.727344 0.357812 0.042969 0.065312
5 0.786719 0.357812 0.042969 0.065312
25 0.846094 0.357812 0.042969 0.065312
24 0.905469 0.357812 0.042969 0.065312
0 0.074219 0.443750 0.042969 0.065312
25 0.133594 0.443750 0.042969 0.065312
19 0.192969 0.443750 0.042969 0.065312
24 0.252344 0.443750 0.042969 0.065312
8 0.311719 0.443750 0.042969 0.065312
12 0.371094 0.443750 0.042969 0.065312
19 0.430469 0.443750 0.042969 0.065312
8 0.489844 0.443750 0.042969 0.065312
11 0.549219 0.443750 0.042969 0.065312
3 0.608594 0.443750 0.042969 0.065312
23 0.667969 0.443750 0.042969 0.065312
0 0.727344 0.443750 0.042969 0.065312
7 0.786719 0.443750 0.042969 0.065312
17 0.846094 0.443750 0.042969 0.065312
16 0.905469 0.443750 0.042969 0.065312
0 0.074219 0.529687 0.042969 0.065312
7 0.133594 0.529687 0.042969 0.065312
22 0.192969 0.529687 0.042969 0.065312
0 0.252344 0.529687 0.042969 0.065312
22 0.311719 0.529687 0.042969 0.065312
6 0.371094 0.529687 0.042969 0.065312
25 0.430469 0.529687 0.042969 0.065312
2 0.489844 0.529687 0.042969 0.065312
22 0.549219 0.529687 0.042969 0.065312
7 0.608594 0.529687 0.042969 0.065312
5 0.667969 0.529687 0.042969 0.065312
16 0.727344 0.529687 0.042969 0.065312
23 0.786719 0.529687 0.042969 0.065312
14 0.846094 0.529687 0.042969 0.065312
1 0.905469 0.529687 0.042969 0.065312
16 0.074219 0.615625 0.042969 0.065312
20 0.133594 0.615625 0.042969 0.065312
13 0.192969 0.615625 0.042969 0.065312
24 0.252344 0.615625 0.042969 0.065312
15 0.311719 0.615625 0.042969 0.065312
1 0.371094 0.615625 0.042969 0.065312
10 0.430469 0.615625 0.042969 0.065312
16 0.489844 0.615625 0.042969 0.065312
22 0.549219 0.615625 0.042969 0.065312
3 0.608594 0.615625 0.042969 0.065312
1 0.667969 0.615625 0.042969 0.065312
5 0.727344 0.615625 0.042969 0.065312
10 0.786719 0.615625 0.042969 0.065312
5 0.846094 0.615625 0.042969 0.065312
4 0.905469 0.615625 0.042969 0.065312
6 0.074219 0.701562 0.042969 0.065312
16 0.133594 0.701562 0.042969 0.065312
6 0.192969 0.701562 0.042969 0.065312
8 0.252344 0.701562 0.042969 0.065312
16 0.311719 0.701562 0.042969 0.065312
25 0.371094 0.701562 0.042969 0.065312
7 0.430469 0.701562 0.042969 0.065312
0 0.489844 0.701562 0.042969 0.065312
22 0.549219 0.701562 0.042969 0.065312
9 0.608594 0.701562 0.042969 0.065312
19 0.667969 0.701562 0.042969 0.065312
17 0.727344 0.701562 0.042969 0.065312
0 0.786719 0.701562 0.042969 0.065312
17 0.846094 0.701562 0.042969 0.065312
25 0.905469 0.701562 0.042969 0.065312
14 0.074219 0.787500 0.042969 0.065312
8 0.133594 0.787500 0.042969 0.065312
22 0.192969 0.787500 0.042969 0.065312
19 0.252344 0.787500 0.042969 0.065312
2 0.311719 0.787500 0.042969 0.065312
21 0.371094 0.787500 0.042969 0.065312
3 0.430469 0.787500 0.042969 0.065312
0 0.489844 0.787500 0.042969 0.065312
15 0.549219 0.787500 0.042969 0.065312
17 0.608594 0.787500 0.042969 0.065312
23 0.667969 0.787500 0.042969 0.065312
7 0.727344 0.787500 0.042969 0.065312
4 0.786719 0.787500 0.042969 0.065312
13 0.846094 0.787500 0.042969 0.065312
20 0.905469 0.787500 0.042969 0.065312
18 0.074219 0.873437 0.042969 0.065312
11 0.133594 0.873437 0.042969 0.065312
5 0.192969 0.873437 0.042969 0.065312
2 0.252344 0.873437 0.042969 0.065312
13 0.311719 0.873437 0.042969 0.065312
14 0.371094 0.873437 0.042969 0.065312
7 0.430469 0.873437 0.042969 0.065312
24 0.489844 0.873437 0.042969 0.065312
4 0.549219 0.873437 0.042969 0.065312
12 0.608594 0.873437 0.042969 0.065312
0 0.667969 0.873437 0.042969 0.065312
21 0.727344 0.873437 0.042969 0.065312
10 0.786719 0.873437 0.042969 0.065312
19 0.846094 0.873437 0.042969 0.065312
16 0.905469 0.873437 0.042969 0.065312