24 0.166406 0.259375 0.101406 0.158125
18 0.317969 0.259375 0.101406 0.158125
20 0.469531 0.259375 0.101406 0.158125
1 0.621094 0.259375 0.101406 0.158125
25 0.772656 0.259375 0.101406 0.158125
3 0.166406 0.467187 0.101406 0.158125
9 0.317969 0.467187 0.101406 0.158125
21 0.469531 0.467187 0.101406 0.158125
13 0.621094 0.467187 0.101406 0.158125
25 0.772656 0.467187 0.101406 0.158125
11 0.166406 0.675000 0.101406 0.158125
16 0.317969 0.675000 0.101406 0.158125
21 0.469531 0.675000 0.101406 0.158125
25 0.621094 0.675000 0.101406 0.158125
21 0.772656 0.675000 0.101406 0.158125