10 0.104688 0.145313 0.079063 0.123750
23 0.212500 0.145313 0.079063 0.123750
12 0.320312 0.145313 0.079063 0.123750
17 0.428125 0.145313 0.079063 0.123750
19 0.535937 0.145313 0.079063 0.123750
10 0.643750 0.145313 0.079063 0.123750
25 0.751563 0.145313 0.079063 0.123750
1 0.859375 0.145313 0.079063 0.123750
25 0.104688 0.309375 0.079063 0.123750
17 0.212500 0.309375 0.079063 0.123750
18 0.320312 0.309375 0.079063 0.123750
16 0.428125 0.309375 0.079063 0.123750
23 0.535937 0.309375 0.079063 0.123750
5 0.643750 0.309375 0.079063 0.123750
11 0.751563 0.309375 0.079063 0.123750
13 0.859375 0.309375 0.079063 0.123750
5 0.104688 0.473438 0.079063 0.123750
25 0.212500 0.473438 0.079063 0.123750
5 0.320312 0.473438 0.079063 0.123750
0 0.428125 0.473438 0.079063 0.123750
24 0.535937 0.473438 0.079063 0.123750
22 0.643750 0.473438 0.079063 0.123750
0 0.751563 0.473438 0.079063 0.123750
16 0.859375 0.473438 0.079063 0.123750
24 0.104688 0.637500 0.079063 0.123750
13 0.212500 0.637500 0.079063 0.123750
4 0.320312 0.637500 0.079063 0.123750
13 0.428125 0.637500 0.079063 0.123750
25 0.535937 0.637500 0.079063 0.123750
18 0.643750 0.637500 0.079063 0.123750
18 0.751563 0.637500 0.079063 0.123750
5 0.859375 0.637500 0.079063 0.123750
5 0.104688 0.801562 0.079063 0.123750
20 0.212500 0.801562 0.079063 0.123750
8 0.320312 0.801562 0.079063 0.123750
6 0.428125 0.801562 0.079063 0.123750
2 0.535937 0.801562 0.079063 0.123750
13 0.643750 0.801562 0.079063 0.123750
7 0.751563 0.801562 0.079063 0.123750
6 0.859375 0.801562 0.079063 0.123750