13 0.080469 0.107813 0.056719 0.089375
16 0.169531 0.107813 0.056719 0.089375
17 0.258594 0.107813 0.056719 0.089375
13 0.347656 0.107813 0.056719 0.089375
9 0.436719 0.107813 0.056719 0.089375
10 0.525781 0.107813 0.056719 0.089375
10 0.614844 0.107813 0.056719 0.089375
2 0.703906 0.107813 0.056719 0.089375
13 0.792969 0.107813 0.056719 0.089375
5 0.882031 0.107813 0.056719 0.089375
23 0.080469 0.231250 0.056719 0.089375
20 0.169531 0.231250 0.056719 0.089375
25 0.258594 0.231250 0.056719 0.089375
23 0.347656 0.231250 0.056719 0.089375
0 0.436719 0.231250 0.056719 0.089375
4 0.525781 0.231250 0.056719 0.089375
5 0.614844 0.231250 0.056719 0.089375
10 0.703906 0.231250 0.056719 0.089375
1 0.792969 0.231250 0.056719 0.089375
4 0.882031 0.231250 0.056719 0.089375
19 0.080469 0.354687 0.056719 0.089375
1 0.169531 0.354687 0.056719 0.089375
18 0.258594 0.354687 0.056719 0.089375
18 0.347656 0.354687 0.056719 0.089375
15 0.436719 0.354687 0.056719 0.089375
19 0.525781 0.354687 0.056719 0.089375
2 0.614844 0.354687 0.056719 0.089375
17 0.703906 0.354687 0.056719 0.089375
7 0.792969 0.354687 0.056719 0.089375
22 0.882031 0.354687 0.056719 0.089375
22 0.080469 0.478125 0.056719 0.089375
15 0.169531 0.478125 0.056719 0.089375
11 0.258594 0.478125 0.056719 0.089375
2 0.347656 0.478125 0.056719 0.089375
16 0.436719 0.478125 0.056719 0.089375
6 0.525781 0.478125 0.056719 0.089375
14 0.614844 0.478125 0.056719 0.089375
0 0.703906 0.478125 0.056719 0.089375
15 0.792969 0.478125 0.056719 0.089375
3 0.882031 0.478125 0.056719 0.089375
6 0.080469 0.601562 0.056719 0.089375
11 0.169531 0.601562 0.056719 0.089375
15 0.258594 0.601562 0.056719 0.089375
20 0.347656 0.601562 0.056719 0.089375
19 0.436719 0.601562 0.056719 0.089375
21 0.525781 0.601562 0.056719 0.089375
6 0.614844 0.601562 0.056719 0.089375
2 0.703906 0.601562 0.056719 0.089375
9 0.792969 0.601562 0.056719 0.089375
21 0.882031 0.601562 0.056719 0.089375
23 0.080469 0.725000 0.056719 0.089375
13 0.169531 0.725000 0.056719 0.089375
8 0.258594 0.725000 0.056719 0.089375
23 0.347656 0.725000 0.056719 0.089375
20 0.436719 0.725000 0.056719 0.089375
21 0.525781 0.725000 0.056719 0.089375
3 0.614844 0.725000 0.056719 0.089375
11 0.703906 0.725000 0.056719 0.089375
8 0.792969 0.725000 0.056719 0.089375
17 0.882031 0.725000 0.056719 0.089375
10 0.080469 0.848437 0.056719 0.089375
18 0.169531 0.848437 0.056719 0.089375
9 0.258594 0.848437 0.056719 0.089375
12 0.347656 0.848437 0.056719 0.089375
1 0.436719 0.848437 0.056719 0.089375
12 0.525781 0.848437 0.056719 0.089375
1 0.614844 0.848437 0.056719 0.089375
3 0.703906 0.848437 0.056719 0.089375
16 0.792969 0.848437 0.056719 0.089375
9 0.882031 0.848437 0.056719 0.089375