20 0.150000 0.184375 0.085938 0.137500
1 0.279687 0.184375 0.085938 0.137500
21 0.409375 0.184375 0.085938 0.137500
8 0.539062 0.184375 0.085938 0.137500
20 0.668750 0.184375 0.085938 0.137500
7 0.798438 0.184375 0.085938 0.137500
6 0.150000 0.373437 0.085938 0.137500
2 0.279687 0.373437 0.085938 0.137500
24 0.409375 0.373437 0.085938 0.137500
5 0.539062 0.373437 0.085938 0.137500
2 0.668750 0.373437 0.085938 0.137500
22 0.798438 0.373437 0.085938 0.137500
9 0.150000 0.562500 0.085938 0.137500
12 0.279687 0.562500 0.085938 0.137500
6 0.409375 0.562500 0.085938 0.137500
18 0.539062 0.562500 0.085938 0.137500
8 0.668750 0.562500 0.085938 0.137500
0 0.798438 0.562500 0.085938 0.137500
4 0.150000 0.751563 0.085938 0.137500
0 0.279687 0.751563 0.085938 0.137500
9 0.409375 0.751563 0.085938 0.137500
6 0.539062 0.751563 0.085938 0.137500
5 0.668750 0.751563 0.085938 0.137500
24 0.798438 0.751563 0.085938 0.137500