16 0.157031 0.217188 0.115156 0.182188
6 0.314844 0.217188 0.115156 0.182188
18 0.472656 0.217188 0.115156 0.182188
11 0.630469 0.217188 0.115156 0.182188
20 0.788281 0.217188 0.115156 0.182188
3 0.157031 0.460938 0.115156 0.182188
11 0.314844 0.460938 0.115156 0.182188
20 0.472656 0.460938 0.115156 0.182188
15 0.630469 0.460938 0.115156 0.182188
3 0.788281 0.460938 0.115156 0.182188
22 0.157031 0.704688 0.115156 0.182188
8 0.314844 0.704688 0.115156 0.182188
7 0.472656 0.704688 0.115156 0.182188
12 0.630469 0.704688 0.115156 0.182188
22 0.788281 0.704688 0.115156 0.182188