15 0.188281 0.243750 0.104844 0.165000
12 0.332031 0.243750 0.104844 0.165000
16 0.475781 0.243750 0.104844 0.165000
18 0.619531 0.243750 0.104844 0.165000
14 0.763281 0.243750 0.104844 0.165000
23 0.188281 0.464062 0.104844 0.165000
20 0.332031 0.464062 0.104844 0.165000
7 0.475781 0.464062 0.104844 0.165000
21 0.619531 0.464062 0.104844 0.165000
22 0.763281 0.464062 0.104844 0.165000
21 0.188281 0.684375 0.104844 0.165000
15 0.332031 0.684375 0.104844 0.165000
4 0.475781 0.684375 0.104844 0.165000
24 0.619531 0.684375 0.104844 0.165000
1 0.763281 0.684375 0.104844 0.165000