3 0.119531 0.156250 0.070469 0.113437
23 0.222656 0.156250 0.070469 0.113437
25 0.325781 0.156250 0.070469 0.113437
2 0.428906 0.156250 0.070469 0.113437
17 0.532031 0.156250 0.070469 0.113437
12 0.635156 0.156250 0.070469 0.113437
3 0.738281 0.156250 0.070469 0.113437
1 0.841406 0.156250 0.070469 0.113437
10 0.119531 0.314063 0.070469 0.113437
18 0.222656 0.314063 0.070469 0.113437
0 0.325781 0.314063 0.070469 0.113437
22 0.428906 0.314063 0.070469 0.113437
15 0.532031 0.314063 0.070469 0.113437
22 0.635156 0.314063 0.070469 0.113437
4 0.738281 0.314063 0.070469 0.113437
23 0.841406 0.314063 0.070469 0.113437
15 0.119531 0.471875 0.070469 0.113437
11 0.222656 0.471875 0.070469 0.113437
17 0.325781 0.471875 0.070469 0.113437
18 0.428906 0.471875 0.070469 0.113437
9 0.532031 0.471875 0.070469 0.113437
3 0.635156 0.471875 0.070469 0.113437
0 0.738281 0.471875 0.070469 0.113437
18 0.841406 0.471875 0.070469 0.113437
22 0.119531 0.629687 0.070469 0.113437
1 0.222656 0.629687 0.070469 0.113437
25 0.325781 0.629687 0.070469 0.113437
23 0.428906 0.629687 0.070469 0.113437
5 0.532031 0.629687 0.070469 0.113437
3 0.635156 0.629687 0.070469 0.113437
1 0.738281 0.629687 0.070469 0.113437
12 0.841406 0.629687 0.070469 0.113437
24 0.119531 0.787500 0.070469 0.113437
9 0.222656 0.787500 0.070469 0.113437
24 0.325781 0.787500 0.070469 0.113437
21 0.428906 0.787500 0.070469 0.113437
0 0.532031 0.787500 0.070469 0.113437
4 0.635156 0.787500 0.070469 0.113437
14 0.738281 0.787500 0.070469 0.113437
21 0.841406 0.787500 0.070469 0.113437