24 0.153906 0.198437 0.084219 0.134063
5 0.282031 0.198437 0.084219 0.134063
7 0.410156 0.198437 0.084219 0.134063
17 0.538281 0.198437 0.084219 0.134063
24 0.666406 0.198437 0.084219 0.134063
9 0.794531 0.198437 0.084219 0.134063
9 0.153906 0.379688 0.084219 0.134063
16 0.282031 0.379688 0.084219 0.134063
23 0.410156 0.379688 0.084219 0.134063
18 0.538281 0.379688 0.084219 0.134063
1 0.666406 0.379688 0.084219 0.134063
5 0.794531 0.379688 0.084219 0.134063
16 0.153906 0.560937 0.084219 0.134063
2 0.282031 0.560937 0.084219 0.134063
24 0.410156 0.560937 0.084219 0.134063
9 0.538281 0.560937 0.084219 0.134063
15 0.666406 0.560937 0.084219 0.134063
14 0.794531 0.560937 0.084219 0.134063
8 0.153906 0.742188 0.084219 0.134063
7 0.282031 0.742188 0.084219 0.134063
23 0.410156 0.742188 0.084219 0.134063
13 0.538281 0.742188 0.084219 0.134063
2 0.666406 0.742188 0.084219 0.134063
5 0.794531 0.742188 0.084219 0.134063