19 0.167969 0.221875 0.104844 0.168437
15 0.319531 0.221875 0.104844 0.168437
13 0.471094 0.221875 0.104844 0.168437
0 0.622656 0.221875 0.104844 0.168437
0 0.774219 0.221875 0.104844 0.168437
23 0.167969 0.457813 0.104844 0.168437
21 0.319531 0.457813 0.104844 0.168437
4 0.471094 0.457813 0.104844 0.168437
0 0.622656 0.457813 0.104844 0.168437
12 0.774219 0.457813 0.104844 0.168437
22 0.167969 0.693750 0.104844 0.168437
8 0.319531 0.693750 0.104844 0.168437
2 0.471094 0.693750 0.104844 0.168437
8 0.622656 0.693750 0.104844 0.168437
18 0.774219 0.693750 0.104844 0.168437