17 0.157812 0.268750 0.103125 0.158125
2 0.287500 0.268750 0.103125 0.158125
20 0.417187 0.268750 0.103125 0.158125
14 0.546875 0.268750 0.103125 0.158125
6 0.676562 0.268750 0.103125 0.158125
12 0.806250 0.268750 0.103125 0.158125
22 0.157812 0.470313 0.103125 0.158125
11 0.287500 0.470313 0.103125 0.158125
3 0.417187 0.470313 0.103125 0.158125
1 0.546875 0.470313 0.103125 0.158125
1 0.676562 0.470313 0.103125 0.158125
17 0.806250 0.470313 0.103125 0.158125
21 0.157812 0.671875 0.103125 0.158125
22 0.287500 0.671875 0.103125 0.158125
0 0.417187 0.671875 0.103125 0.158125
7 0.546875 0.671875 0.103125 0.158125
10 0.676562 0.671875 0.103125 0.158125
19 0.806250 0.671875 0.103125 0.158125