19 0.104688 0.209375 0.082500 0.130625
16 0.228125 0.209375 0.082500 0.130625
16 0.351562 0.209375 0.082500 0.130625
3 0.475000 0.209375 0.082500 0.130625
21 0.598437 0.209375 0.082500 0.130625
6 0.721875 0.209375 0.082500 0.130625
18 0.845313 0.209375 0.082500 0.130625
9 0.104688 0.384375 0.082500 0.130625
7 0.228125 0.384375 0.082500 0.130625
3 0.351562 0.384375 0.082500 0.130625
17 0.475000 0.384375 0.082500 0.130625
25 0.598437 0.384375 0.082500 0.130625
6 0.721875 0.384375 0.082500 0.130625
12 0.845313 0.384375 0.082500 0.130625
17 0.104688 0.559375 0.082500 0.130625
22 0.228125 0.559375 0.082500 0.130625
7 0.351562 0.559375 0.082500 0.130625
3 0.475000 0.559375 0.082500 0.130625
1 0.598437 0.559375 0.082500 0.130625
24 0.721875 0.559375 0.082500 0.130625
22 0.845313 0.559375 0.082500 0.130625
18 0.104688 0.734375 0.082500 0.130625
6 0.228125 0.734375 0.082500 0.130625
1 0.351562 0.734375 0.082500 0.130625
18 0.475000 0.734375 0.082500 0.130625
24 0.598437 0.734375 0.082500 0.130625
23 0.721875 0.734375 0.082500 0.130625
21 0.845313 0.734375 0.082500 0.130625