12 0.129688 0.267188 0.103125 0.158125
15 0.268750 0.267188 0.103125 0.158125
9 0.407813 0.267188 0.103125 0.158125
6 0.546875 0.267188 0.103125 0.158125
2 0.685937 0.267188 0.103125 0.158125
22 0.825000 0.267188 0.103125 0.158125
20 0.129688 0.470313 0.103125 0.158125
4 0.268750 0.470313 0.103125 0.158125
8 0.407813 0.470313 0.103125 0.158125
6 0.546875 0.470313 0.103125 0.158125
16 0.685937 0.470313 0.103125 0.158125
18 0.825000 0.470313 0.103125 0.158125
22 0.129688 0.673438 0.103125 0.158125
17 0.268750 0.673438 0.103125 0.158125
20 0.407813 0.673438 0.103125 0.158125
14 0.546875 0.673438 0.103125 0.158125
25 0.685937 0.673438 0.103125 0.158125
12 0.825000 0.673438 0.103125 0.158125