23 0.125000 0.187500 0.092812 0.144375
18 0.264062 0.187500 0.092812 0.144375
3 0.403125 0.187500 0.092812 0.144375
1 0.542188 0.187500 0.092812 0.144375
0 0.681250 0.187500 0.092812 0.144375
7 0.820312 0.187500 0.092812 0.144375
1 0.125000 0.376563 0.092812 0.144375
3 0.264062 0.376563 0.092812 0.144375
5 0.403125 0.376563 0.092812 0.144375
2 0.542188 0.376563 0.092812 0.144375
20 0.681250 0.376563 0.092812 0.144375
19 0.820312 0.376563 0.092812 0.144375
11 0.125000 0.565625 0.092812 0.144375
9 0.264062 0.565625 0.092812 0.144375
14 0.403125 0.565625 0.092812 0.144375
23 0.542188 0.565625 0.092812 0.144375
6 0.681250 0.565625 0.092812 0.144375
14 0.820312 0.565625 0.092812 0.144375
22 0.125000 0.754687 0.092812 0.144375
4 0.264062 0.754687 0.092812 0.144375
21 0.403125 0.754687 0.092812 0.144375
6 0.542188 0.754687 0.092812 0.144375
14 0.681250 0.754687 0.092812 0.144375
21 0.820312 0.754687 0.092812 0.144375