3 0.117188 0.189062 0.096250 0.147812
1 0.239063 0.189062 0.096250 0.147812
3 0.360938 0.189062 0.096250 0.147812
21 0.482812 0.189062 0.096250 0.147812
11 0.604688 0.189062 0.096250 0.147812
16 0.726562 0.189062 0.096250 0.147812
20 0.848437 0.189062 0.096250 0.147812
11 0.117188 0.378125 0.096250 0.147812
13 0.239063 0.378125 0.096250 0.147812
14 0.360938 0.378125 0.096250 0.147812
8 0.482812 0.378125 0.096250 0.147812
10 0.604688 0.378125 0.096250 0.147812
24 0.726562 0.378125 0.096250 0.147812
13 0.848437 0.378125 0.096250 0.147812
7 0.117188 0.567187 0.096250 0.147812
12 0.239063 0.567187 0.096250 0.147812
13 0.360938 0.567187 0.096250 0.147812
1 0.482812 0.567187 0.096250 0.147812
25 0.604688 0.567187 0.096250 0.147812
18 0.726562 0.567187 0.096250 0.147812
7 0.848437 0.567187 0.096250 0.147812
20 0.117188 0.756250 0.096250 0.147812
3 0.239063 0.756250 0.096250 0.147812
6 0.360938 0.756250 0.096250 0.147812
14 0.482812 0.756250 0.096250 0.147812
12 0.604688 0.756250 0.096250 0.147812
2 0.726562 0.756250 0.096250 0.147812
18 0.848437 0.756250 0.096250 0.147812