23 0.160156 0.229687 0.104844 0.168437
2 0.314844 0.229687 0.104844 0.168437
12 0.469531 0.229687 0.104844 0.168437
15 0.624219 0.229687 0.104844 0.168437
11 0.778906 0.229687 0.104844 0.168437
5 0.160156 0.460938 0.104844 0.168437
16 0.314844 0.460938 0.104844 0.168437
15 0.469531 0.460938 0.104844 0.168437
4 0.624219 0.460938 0.104844 0.168437
6 0.778906 0.460938 0.104844 0.168437
22 0.160156 0.692187 0.104844 0.168437
16 0.314844 0.692187 0.104844 0.168437
23 0.469531 0.692187 0.104844 0.168437
0 0.624219 0.692187 0.104844 0.168437
2 0.778906 0.692187 0.104844 0.168437