15 0.126562 0.182812 0.096250 0.147812
25 0.265625 0.182812 0.096250 0.147812
9 0.404687 0.182812 0.096250 0.147812
14 0.543750 0.182812 0.096250 0.147812
6 0.682813 0.182812 0.096250 0.147812
18 0.821875 0.182812 0.096250 0.147812
4 0.126562 0.375000 0.096250 0.147812
16 0.265625 0.375000 0.096250 0.147812
19 0.404687 0.375000 0.096250 0.147812
15 0.543750 0.375000 0.096250 0.147812
18 0.682813 0.375000 0.096250 0.147812
17 0.821875 0.375000 0.096250 0.147812
1 0.126562 0.567187 0.096250 0.147812
6 0.265625 0.567187 0.096250 0.147812
25 0.404687 0.567187 0.096250 0.147812
10 0.543750 0.567187 0.096250 0.147812
6 0.682813 0.567187 0.096250 0.147812
14 0.821875 0.567187 0.096250 0.147812
8 0.126562 0.759375 0.096250 0.147812
7 0.265625 0.759375 0.096250 0.147812
4 0.404687 0.759375 0.096250 0.147812
10 0.543750 0.759375 0.096250 0.147812
19 0.682813 0.759375 0.096250 0.147812
9 0.821875 0.759375 0.096250 0.147812