25 0.159375 0.250000 0.092812 0.151250
5 0.312500 0.250000 0.092812 0.151250
25 0.465625 0.250000 0.092812 0.151250
11 0.618750 0.250000 0.092812 0.151250
23 0.771875 0.250000 0.092812 0.151250
15 0.159375 0.462500 0.092812 0.151250
16 0.312500 0.462500 0.092812 0.151250
21 0.465625 0.462500 0.092812 0.151250
17 0.618750 0.462500 0.092812 0.151250
8 0.771875 0.462500 0.092812 0.151250
1 0.159375 0.675000 0.092812 0.151250
6 0.312500 0.675000 0.092812 0.151250
3 0.465625 0.675000 0.092812 0.151250
18 0.618750 0.675000 0.092812 0.151250
13 0.771875 0.675000 0.092812 0.151250