16 0.094531 0.212500 0.084219 0.130625
18 0.205469 0.212500 0.084219 0.130625
3 0.316406 0.212500 0.084219 0.130625
1 0.427344 0.212500 0.084219 0.130625
11 0.538281 0.212500 0.084219 0.130625
9 0.649219 0.212500 0.084219 0.130625
20 0.760156 0.212500 0.084219 0.130625
24 0.871094 0.212500 0.084219 0.130625
21 0.094531 0.385937 0.084219 0.130625
24 0.205469 0.385937 0.084219 0.130625
23 0.316406 0.385937 0.084219 0.130625
5 0.427344 0.385937 0.084219 0.130625
11 0.538281 0.385937 0.084219 0.130625
1 0.649219 0.385937 0.084219 0.130625
6 0.760156 0.385937 0.084219 0.130625
5 0.871094 0.385937 0.084219 0.130625
2 0.094531 0.559375 0.084219 0.130625
7 0.205469 0.559375 0.084219 0.130625
16 0.316406 0.559375 0.084219 0.130625
13 0.427344 0.559375 0.084219 0.130625
21 0.538281 0.559375 0.084219 0.130625
1 0.649219 0.559375 0.084219 0.130625
12 0.760156 0.559375 0.084219 0.130625
9 0.871094 0.559375 0.084219 0.130625
25 0.094531 0.732812 0.084219 0.130625
19 0.205469 0.732812 0.084219 0.130625
23 0.316406 0.732812 0.084219 0.130625
18 0.427344 0.732812 0.084219 0.130625
21 0.538281 0.732812 0.084219 0.130625
24 0.649219 0.732812 0.084219 0.130625
20 0.760156 0.732812 0.084219 0.130625
6 0.871094 0.732812 0.084219 0.130625