8 0.153906 0.245312 0.108281 0.168437
19 0.311719 0.245312 0.108281 0.168437
5 0.469531 0.245312 0.108281 0.168437
11 0.627344 0.245312 0.108281 0.168437
17 0.785156 0.245312 0.108281 0.168437
25 0.153906 0.465625 0.108281 0.168437
25 0.311719 0.465625 0.108281 0.168437
16 0.469531 0.465625 0.108281 0.168437
18 0.627344 0.465625 0.108281 0.168437
1 0.785156 0.465625 0.108281 0.168437
16 0.153906 0.685937 0.108281 0.168437
24 0.311719 0.685937 0.108281 0.168437
11 0.469531 0.685937 0.108281 0.168437
15 0.627344 0.685937 0.108281 0.168437
16 0.785156 0.685937 0.108281 0.168437