0 0.108594 0.139063 0.067031 0.103125
14 0.202344 0.139063 0.067031 0.103125
8 0.296094 0.139063 0.067031 0.103125
10 0.389844 0.139063 0.067031 0.103125
9 0.483594 0.139063 0.067031 0.103125
5 0.577344 0.139063 0.067031 0.103125
18 0.671094 0.139063 0.067031 0.103125
1 0.764844 0.139063 0.067031 0.103125
14 0.858594 0.139063 0.067031 0.103125
9 0.108594 0.275000 0.067031 0.103125
9 0.202344 0.275000 0.067031 0.103125
20 0.296094 0.275000 0.067031 0.103125
19 0.389844 0.275000 0.067031 0.103125
0 0.483594 0.275000 0.067031 0.103125
4 0.577344 0.275000 0.067031 0.103125
20 0.671094 0.275000 0.067031 0.103125
11 0.764844 0.275000 0.067031 0.103125
6 0.858594 0.275000 0.067031 0.103125
20 0.108594 0.410938 0.067031 0.103125
13 0.202344 0.410938 0.067031 0.103125
12 0.296094 0.410938 0.067031 0.103125
5 0.389844 0.410938 0.067031 0.103125
11 0.483594 0.410938 0.067031 0.103125
19 0.577344 0.410938 0.067031 0.103125
8 0.671094 0.410938 0.067031 0.103125
0 0.764844 0.410938 0.067031 0.103125
3 0.858594 0.410938 0.067031 0.103125
7 0.108594 0.546875 0.067031 0.103125
20 0.202344 0.546875 0.067031 0.103125
2 0.296094 0.546875 0.067031 0.103125
12 0.389844 0.546875 0.067031 0.103125
4 0.483594 0.546875 0.067031 0.103125
20 0.577344 0.546875 0.067031 0.103125
23 0.671094 0.546875 0.067031 0.103125
25 0.764844 0.546875 0.067031 0.103125
17 0.858594 0.546875 0.067031 0.103125
12 0.108594 0.682813 0.067031 0.103125
3 0.202344 0.682813 0.067031 0.103125
18 0.296094 0.682813 0.067031 0.103125
20 0.389844 0.682813 0.067031 0.103125
5 0.483594 0.682813 0.067031 0.103125
23 0.577344 0.682813 0.067031 0.103125
24 0.671094 0.682813 0.067031 0.103125
1 0.764844 0.682813 0.067031 0.103125
2 0.858594 0.682813 0.067031 0.103125
13 0.108594 0.818750 0.067031 0.103125
16 0.202344 0.818750 0.067031 0.103125
17 0.296094 0.818750 0.067031 0.103125
0 0.389844 0.818750 0.067031 0.103125
15 0.483594 0.818750 0.067031 0.103125
7 0.577344 0.818750 0.067031 0.103125
1 0.671094 0.818750 0.067031 0.103125
7 0.764844 0.818750 0.067031 0.103125
0 0.858594 0.818750 0.067031 0.103125