1 0.185938 0.267188 0.099687 0.154688
6 0.329688 0.267188 0.099687 0.154688
14 0.473438 0.267188 0.099687 0.154688
16 0.617188 0.267188 0.099687 0.154688
20 0.760938 0.267188 0.099687 0.154688
20 0.185938 0.468750 0.099687 0.154688
2 0.329688 0.468750 0.099687 0.154688
19 0.473438 0.468750 0.099687 0.154688
13 0.617188 0.468750 0.099687 0.154688
0 0.760938 0.468750 0.099687 0.154688
22 0.185938 0.670312 0.099687 0.154688
23 0.329688 0.670312 0.099687 0.154688
21 0.473438 0.670312 0.099687 0.154688
20 0.617188 0.670312 0.099687 0.154688
13 0.760938 0.670312 0.099687 0.154688