9 0.157031 0.239063 0.104844 0.165000
17 0.313281 0.239063 0.104844 0.165000
10 0.469531 0.239063 0.104844 0.165000
0 0.625781 0.239063 0.104844 0.165000
11 0.782031 0.239063 0.104844 0.165000
6 0.157031 0.462500 0.104844 0.165000
9 0.313281 0.462500 0.104844 0.165000
3 0.469531 0.462500 0.104844 0.165000
1 0.625781 0.462500 0.104844 0.165000
20 0.782031 0.462500 0.104844 0.165000
0 0.157031 0.685937 0.104844 0.165000
15 0.313281 0.685937 0.104844 0.165000
12 0.469531 0.685937 0.104844 0.165000
17 0.625781 0.685937 0.104844 0.165000
24 0.782031 0.685937 0.104844 0.165000