17 0.150781 0.175000 0.097969 0.151250
8 0.282031 0.175000 0.097969 0.151250
3 0.413281 0.175000 0.097969 0.151250
14 0.544531 0.175000 0.097969 0.151250
3 0.675781 0.175000 0.097969 0.151250
19 0.807031 0.175000 0.097969 0.151250
6 0.150781 0.371875 0.097969 0.151250
23 0.282031 0.371875 0.097969 0.151250
11 0.413281 0.371875 0.097969 0.151250
6 0.544531 0.371875 0.097969 0.151250
14 0.675781 0.371875 0.097969 0.151250
8 0.807031 0.371875 0.097969 0.151250
4 0.150781 0.568750 0.097969 0.151250
2 0.282031 0.568750 0.097969 0.151250
1 0.413281 0.568750 0.097969 0.151250
5 0.544531 0.568750 0.097969 0.151250
2 0.675781 0.568750 0.097969 0.151250
23 0.807031 0.568750 0.097969 0.151250
14 0.150781 0.765625 0.097969 0.151250
7 0.282031 0.765625 0.097969 0.151250
15 0.413281 0.765625 0.097969 0.151250
23 0.544531 0.765625 0.097969 0.151250
12 0.675781 0.765625 0.097969 0.151250
13 0.807031 0.765625 0.097969 0.151250