7 0.171094 0.254688 0.094531 0.151250
4 0.319531 0.254688 0.094531 0.151250
18 0.467969 0.254688 0.094531 0.151250
4 0.616406 0.254688 0.094531 0.151250
21 0.764844 0.254688 0.094531 0.151250
13 0.171094 0.464062 0.094531 0.151250
19 0.319531 0.464062 0.094531 0.151250
22 0.467969 0.464062 0.094531 0.151250
23 0.616406 0.464062 0.094531 0.151250
9 0.764844 0.464062 0.094531 0.151250
12 0.171094 0.673438 0.094531 0.151250
12 0.319531 0.673438 0.094531 0.151250
13 0.467969 0.673438 0.094531 0.151250
4 0.616406 0.673438 0.094531 0.151250
24 0.764844 0.673438 0.094531 0.151250