6 0.168750 0.248438 0.106563 0.165000
17 0.320312 0.248438 0.106563 0.165000
3 0.471875 0.248438 0.106563 0.165000
5 0.623437 0.248438 0.106563 0.165000
22 0.775000 0.248438 0.106563 0.165000
15 0.168750 0.465625 0.106563 0.165000
16 0.320312 0.465625 0.106563 0.165000
2 0.471875 0.465625 0.106563 0.165000
18 0.623437 0.465625 0.106563 0.165000
9 0.775000 0.465625 0.106563 0.165000
3 0.168750 0.682813 0.106563 0.165000
13 0.320312 0.682813 0.106563 0.165000
6 0.471875 0.682813 0.106563 0.165000
20 0.623437 0.682813 0.106563 0.165000
22 0.775000 0.682813 0.106563 0.165000