0 0.157031 0.253125 0.097969 0.154688
11 0.311719 0.253125 0.097969 0.154688
12 0.466406 0.253125 0.097969 0.154688
25 0.621094 0.253125 0.097969 0.154688
0 0.775781 0.253125 0.097969 0.154688
1 0.157031 0.464062 0.097969 0.154688
10 0.311719 0.464062 0.097969 0.154688
12 0.466406 0.464062 0.097969 0.154688
18 0.621094 0.464062 0.097969 0.154688
12 0.775781 0.464062 0.097969 0.154688
19 0.157031 0.675000 0.097969 0.154688
2 0.311719 0.675000 0.097969 0.154688
8 0.466406 0.675000 0.097969 0.154688
7 0.621094 0.675000 0.097969 0.154688
2 0.775781 0.675000 0.097969 0.154688