12 0.162500 0.245312 0.092812 0.151250
2 0.314063 0.245312 0.092812 0.151250
18 0.465625 0.245312 0.092812 0.151250
14 0.617188 0.245312 0.092812 0.151250
9 0.768750 0.245312 0.092812 0.151250
14 0.162500 0.460938 0.092812 0.151250
6 0.314063 0.460938 0.092812 0.151250
3 0.465625 0.460938 0.092812 0.151250
13 0.617188 0.460938 0.092812 0.151250
20 0.768750 0.460938 0.092812 0.151250
10 0.162500 0.676562 0.092812 0.151250
9 0.314063 0.676562 0.092812 0.151250
1 0.465625 0.676562 0.092812 0.151250
20 0.617188 0.676562 0.092812 0.151250
20 0.768750 0.676562 0.092812 0.151250