18 0.175000 0.251563 0.103125 0.161562
11 0.323437 0.251563 0.103125 0.161562
6 0.471875 0.251563 0.103125 0.161562
25 0.620313 0.251563 0.103125 0.161562
7 0.768750 0.251563 0.103125 0.161562
4 0.175000 0.465625 0.103125 0.161562
5 0.323437 0.465625 0.103125 0.161562
23 0.471875 0.465625 0.103125 0.161562
1 0.620313 0.465625 0.103125 0.161562
4 0.768750 0.465625 0.103125 0.161562
7 0.175000 0.679688 0.103125 0.161562
10 0.323437 0.679688 0.103125 0.161562
2 0.471875 0.679688 0.103125 0.161562
3 0.620313 0.679688 0.103125 0.161562
3 0.768750 0.679688 0.103125 0.161562