19 0.129688 0.209375 0.089375 0.137500
10 0.246875 0.209375 0.089375 0.137500
17 0.364063 0.209375 0.089375 0.137500
0 0.481250 0.209375 0.089375 0.137500
25 0.598437 0.209375 0.089375 0.137500
9 0.715625 0.209375 0.089375 0.137500
15 0.832812 0.209375 0.089375 0.137500
23 0.129688 0.385937 0.089375 0.137500
9 0.246875 0.385937 0.089375 0.137500
12 0.364063 0.385937 0.089375 0.137500
14 0.481250 0.385937 0.089375 0.137500
5 0.598437 0.385937 0.089375 0.137500
25 0.715625 0.385937 0.089375 0.137500
1 0.832812 0.385937 0.089375 0.137500
24 0.129688 0.562500 0.089375 0.137500
2 0.246875 0.562500 0.089375 0.137500
0 0.364063 0.562500 0.089375 0.137500
19 0.481250 0.562500 0.089375 0.137500
24 0.598437 0.562500 0.089375 0.137500
1 0.715625 0.562500 0.089375 0.137500
1 0.832812 0.562500 0.089375 0.137500
17 0.129688 0.739062 0.089375 0.137500
4 0.246875 0.739062 0.089375 0.137500
7 0.364063 0.739062 0.089375 0.137500
7 0.481250 0.739062 0.089375 0.137500
11 0.598437 0.739062 0.089375 0.137500
0 0.715625 0.739062 0.089375 0.137500
23 0.832812 0.739062 0.089375 0.137500