18 0.091406 0.156250 0.077344 0.120313
12 0.202344 0.156250 0.077344 0.120313
25 0.313281 0.156250 0.077344 0.120313
8 0.424219 0.156250 0.077344 0.120313
23 0.535156 0.156250 0.077344 0.120313
16 0.646094 0.156250 0.077344 0.120313
17 0.757031 0.156250 0.077344 0.120313
3 0.867969 0.156250 0.077344 0.120313
24 0.091406 0.315625 0.077344 0.120313
13 0.202344 0.315625 0.077344 0.120313
20 0.313281 0.315625 0.077344 0.120313
21 0.424219 0.315625 0.077344 0.120313
4 0.535156 0.315625 0.077344 0.120313
20 0.646094 0.315625 0.077344 0.120313
7 0.757031 0.315625 0.077344 0.120313
23 0.867969 0.315625 0.077344 0.120313
6 0.091406 0.475000 0.077344 0.120313
13 0.202344 0.475000 0.077344 0.120313
12 0.313281 0.475000 0.077344 0.120313
11 0.424219 0.475000 0.077344 0.120313
3 0.535156 0.475000 0.077344 0.120313
23 0.646094 0.475000 0.077344 0.120313
25 0.757031 0.475000 0.077344 0.120313
4 0.867969 0.475000 0.077344 0.120313
5 0.091406 0.634375 0.077344 0.120313
20 0.202344 0.634375 0.077344 0.120313
1 0.313281 0.634375 0.077344 0.120313
6 0.424219 0.634375 0.077344 0.120313
20 0.535156 0.634375 0.077344 0.120313
13 0.646094 0.634375 0.077344 0.120313
20 0.757031 0.634375 0.077344 0.120313
6 0.867969 0.634375 0.077344 0.120313
20 0.091406 0.793750 0.077344 0.120313
16 0.202344 0.793750 0.077344 0.120313
4 0.313281 0.793750 0.077344 0.120313
22 0.424219 0.793750 0.077344 0.120313
6 0.535156 0.793750 0.077344 0.120313
14 0.646094 0.793750 0.077344 0.120313
5 0.757031 0.793750 0.077344 0.120313
9 0.867969 0.793750 0.077344 0.120313