6 0.110937 0.179688 0.082500 0.134063
0 0.232813 0.179688 0.082500 0.134063
0 0.354687 0.179688 0.082500 0.134063
20 0.476562 0.179688 0.082500 0.134063
21 0.598437 0.179688 0.082500 0.134063
3 0.720313 0.179688 0.082500 0.134063
7 0.842187 0.179688 0.082500 0.134063
7 0.110937 0.370312 0.082500 0.134063
3 0.232813 0.370312 0.082500 0.134063
0 0.354687 0.370312 0.082500 0.134063
14 0.476562 0.370312 0.082500 0.134063
21 0.598437 0.370312 0.082500 0.134063
16 0.720313 0.370312 0.082500 0.134063
18 0.842187 0.370312 0.082500 0.134063
8 0.110937 0.560937 0.082500 0.134063
23 0.232813 0.560937 0.082500 0.134063
3 0.354687 0.560937 0.082500 0.134063
0 0.476562 0.560937 0.082500 0.134063
7 0.598437 0.560937 0.082500 0.134063
16 0.720313 0.560937 0.082500 0.134063
14 0.842187 0.560937 0.082500 0.134063
4 0.110937 0.751563 0.082500 0.134063
22 0.232813 0.751563 0.082500 0.134063
8 0.354687 0.751563 0.082500 0.134063
8 0.476562 0.751563 0.082500 0.134063
1 0.598437 0.751563 0.082500 0.134063
24 0.720313 0.751563 0.082500 0.134063
23 0.842187 0.751563 0.082500 0.134063