0 0.118750 0.148438 0.075625 0.120313
22 0.237500 0.148438 0.075625 0.120313
15 0.356250 0.148438 0.075625 0.120313
3 0.475000 0.148438 0.075625 0.120313
1 0.593750 0.148438 0.075625 0.120313
25 0.712500 0.148438 0.075625 0.120313
19 0.831250 0.148438 0.075625 0.120313
7 0.118750 0.310937 0.075625 0.120313
25 0.237500 0.310937 0.075625 0.120313
18 0.356250 0.310937 0.075625 0.120313
6 0.475000 0.310937 0.075625 0.120313
20 0.593750 0.310937 0.075625 0.120313
10 0.712500 0.310937 0.075625 0.120313
20 0.831250 0.310937 0.075625 0.120313
1 0.118750 0.473438 0.075625 0.120313
1 0.237500 0.473438 0.075625 0.120313
5 0.356250 0.473438 0.075625 0.120313
3 0.475000 0.473438 0.075625 0.120313
14 0.593750 0.473438 0.075625 0.120313
13 0.712500 0.473438 0.075625 0.120313
11 0.831250 0.473438 0.075625 0.120313
5 0.118750 0.635938 0.075625 0.120313
22 0.237500 0.635938 0.075625 0.120313
13 0.356250 0.635938 0.075625 0.120313
2 0.475000 0.635938 0.075625 0.120313
8 0.593750 0.635938 0.075625 0.120313
24 0.712500 0.635938 0.075625 0.120313
14 0.831250 0.635938 0.075625 0.120313
4 0.118750 0.798438 0.075625 0.120313
1 0.237500 0.798438 0.075625 0.120313
19 0.356250 0.798438 0.075625 0.120313
16 0.475000 0.798438 0.075625 0.120313
6 0.593750 0.798438 0.075625 0.120313
17 0.712500 0.798438 0.075625 0.120313
5 0.831250 0.798438 0.075625 0.120313