1 0.105469 0.153125 0.080781 0.123750
1 0.213281 0.153125 0.080781 0.123750
8 0.321094 0.153125 0.080781 0.123750
19 0.428906 0.153125 0.080781 0.123750
10 0.536719 0.153125 0.080781 0.123750
14 0.644531 0.153125 0.080781 0.123750
19 0.752344 0.153125 0.080781 0.123750
12 0.860156 0.153125 0.080781 0.123750
1 0.105469 0.314063 0.080781 0.123750
11 0.213281 0.314063 0.080781 0.123750
17 0.321094 0.314063 0.080781 0.123750
25 0.428906 0.314063 0.080781 0.123750
12 0.536719 0.314063 0.080781 0.123750
19 0.644531 0.314063 0.080781 0.123750
1 0.752344 0.314063 0.080781 0.123750
12 0.860156 0.314063 0.080781 0.123750
25 0.105469 0.475000 0.080781 0.123750
21 0.213281 0.475000 0.080781 0.123750
1 0.321094 0.475000 0.080781 0.123750
10 0.428906 0.475000 0.080781 0.123750
4 0.536719 0.475000 0.080781 0.123750
21 0.644531 0.475000 0.080781 0.123750
4 0.752344 0.475000 0.080781 0.123750
10 0.860156 0.475000 0.080781 0.123750
7 0.105469 0.635938 0.080781 0.123750
0 0.213281 0.635938 0.080781 0.123750
8 0.321094 0.635938 0.080781 0.123750
19 0.428906 0.635938 0.080781 0.123750
17 0.536719 0.635938 0.080781 0.123750
17 0.644531 0.635938 0.080781 0.123750
5 0.752344 0.635938 0.080781 0.123750
14 0.860156 0.635938 0.080781 0.123750
19 0.105469 0.796875 0.080781 0.123750
3 0.213281 0.796875 0.080781 0.123750
23 0.321094 0.796875 0.080781 0.123750
23 0.428906 0.796875 0.080781 0.123750
17 0.536719 0.796875 0.080781 0.123750
7 0.644531 0.796875 0.080781 0.123750
25 0.752344 0.796875 0.080781 0.123750
23 0.860156 0.796875 0.080781 0.123750