6 0.152344 0.175000 0.091094 0.144375
19 0.282031 0.175000 0.091094 0.144375
5 0.411719 0.175000 0.091094 0.144375
2 0.541406 0.175000 0.091094 0.144375
20 0.671094 0.175000 0.091094 0.144375
8 0.800781 0.175000 0.091094 0.144375
3 0.152344 0.370312 0.091094 0.144375
4 0.282031 0.370312 0.091094 0.144375
4 0.411719 0.370312 0.091094 0.144375
4 0.541406 0.370312 0.091094 0.144375
12 0.671094 0.370312 0.091094 0.144375
14 0.800781 0.370312 0.091094 0.144375
6 0.152344 0.565625 0.091094 0.144375
5 0.282031 0.565625 0.091094 0.144375
21 0.411719 0.565625 0.091094 0.144375
6 0.541406 0.565625 0.091094 0.144375
2 0.671094 0.565625 0.091094 0.144375
24 0.800781 0.565625 0.091094 0.144375
25 0.152344 0.760938 0.091094 0.144375
10 0.282031 0.760938 0.091094 0.144375
2 0.411719 0.760938 0.091094 0.144375
21 0.541406 0.760938 0.091094 0.144375
1 0.671094 0.760938 0.091094 0.144375
0 0.800781 0.760938 0.091094 0.144375