0 0.103125 0.170313 0.075625 0.116875
11 0.210938 0.170313 0.075625 0.116875
8 0.318750 0.170313 0.075625 0.116875
13 0.426563 0.170313 0.075625 0.116875
14 0.534375 0.170313 0.075625 0.116875
20 0.642188 0.170313 0.075625 0.116875
25 0.750000 0.170313 0.075625 0.116875
4 0.857812 0.170313 0.075625 0.116875
20 0.103125 0.323437 0.075625 0.116875
1 0.210938 0.323437 0.075625 0.116875
25 0.318750 0.323437 0.075625 0.116875
17 0.426563 0.323437 0.075625 0.116875
21 0.534375 0.323437 0.075625 0.116875
10 0.642188 0.323437 0.075625 0.116875
1 0.750000 0.323437 0.075625 0.116875
25 0.857812 0.323437 0.075625 0.116875
2 0.103125 0.476562 0.075625 0.116875
11 0.210938 0.476562 0.075625 0.116875
0 0.318750 0.476562 0.075625 0.116875
13 0.426563 0.476562 0.075625 0.116875
14 0.534375 0.476562 0.075625 0.116875
22 0.642188 0.476562 0.075625 0.116875
15 0.750000 0.476562 0.075625 0.116875
10 0.857812 0.476562 0.075625 0.116875
9 0.103125 0.629687 0.075625 0.116875
21 0.210938 0.629687 0.075625 0.116875
11 0.318750 0.629687 0.075625 0.116875
3 0.426563 0.629687 0.075625 0.116875
3 0.534375 0.629687 0.075625 0.116875
19 0.642188 0.629687 0.075625 0.116875
19 0.750000 0.629687 0.075625 0.116875
6 0.857812 0.629687 0.075625 0.116875
13 0.103125 0.782813 0.075625 0.116875
2 0.210938 0.782813 0.075625 0.116875
16 0.318750 0.782813 0.075625 0.116875
2 0.426563 0.782813 0.075625 0.116875
1 0.534375 0.782813 0.075625 0.116875
7 0.642188 0.782813 0.075625 0.116875
22 0.750000 0.782813 0.075625 0.116875
17 0.857812 0.782813 0.075625 0.116875