20 0.118750 0.162500 0.068750 0.110000
9 0.221875 0.162500 0.068750 0.110000
14 0.325000 0.162500 0.068750 0.110000
0 0.428125 0.162500 0.068750 0.110000
17 0.531250 0.162500 0.068750 0.110000
13 0.634375 0.162500 0.068750 0.110000
22 0.737500 0.162500 0.068750 0.110000
24 0.840625 0.162500 0.068750 0.110000
12 0.118750 0.317188 0.068750 0.110000
2 0.221875 0.317188 0.068750 0.110000
12 0.325000 0.317188 0.068750 0.110000
8 0.428125 0.317188 0.068750 0.110000
17 0.531250 0.317188 0.068750 0.110000
2 0.634375 0.317188 0.068750 0.110000
14 0.737500 0.317188 0.068750 0.110000
15 0.840625 0.317188 0.068750 0.110000
12 0.118750 0.471875 0.068750 0.110000
10 0.221875 0.471875 0.068750 0.110000
4 0.325000 0.471875 0.068750 0.110000
19 0.428125 0.471875 0.068750 0.110000
22 0.531250 0.471875 0.068750 0.110000
4 0.634375 0.471875 0.068750 0.110000
23 0.737500 0.471875 0.068750 0.110000
7 0.840625 0.471875 0.068750 0.110000
15 0.118750 0.626563 0.068750 0.110000
16 0.221875 0.626563 0.068750 0.110000
14 0.325000 0.626563 0.068750 0.110000
15 0.428125 0.626563 0.068750 0.110000
3 0.531250 0.626563 0.068750 0.110000
24 0.634375 0.626563 0.068750 0.110000
18 0.737500 0.626563 0.068750 0.110000
4 0.840625 0.626563 0.068750 0.110000
12 0.118750 0.781250 0.068750 0.110000
23 0.221875 0.781250 0.068750 0.110000
8 0.325000 0.781250 0.068750 0.110000
2 0.428125 0.781250 0.068750 0.110000
4 0.531250 0.781250 0.068750 0.110000
23 0.634375 0.781250 0.068750 0.110000
17 0.737500 0.781250 0.068750 0.110000
21 0.840625 0.781250 0.068750 0.110000