6 0.157812 0.245312 0.099687 0.158125
2 0.312500 0.245312 0.099687 0.158125
20 0.467187 0.245312 0.099687 0.158125
7 0.621875 0.245312 0.099687 0.158125
25 0.776563 0.245312 0.099687 0.158125
4 0.157812 0.462500 0.099687 0.158125
4 0.312500 0.462500 0.099687 0.158125
21 0.467187 0.462500 0.099687 0.158125
3 0.621875 0.462500 0.099687 0.158125
8 0.776563 0.462500 0.099687 0.158125
1 0.157812 0.679688 0.099687 0.158125
1 0.312500 0.679688 0.099687 0.158125
22 0.467187 0.679688 0.099687 0.158125
17 0.621875 0.679688 0.099687 0.158125
3 0.776563 0.679688 0.099687 0.158125