25 0.093750 0.223438 0.082500 0.127188
13 0.204687 0.223438 0.082500 0.127188
19 0.315625 0.223438 0.082500 0.127188
11 0.426563 0.223438 0.082500 0.127188
11 0.537500 0.223438 0.082500 0.127188
21 0.648438 0.223438 0.082500 0.127188
19 0.759375 0.223438 0.082500 0.127188
12 0.870313 0.223438 0.082500 0.127188
13 0.093750 0.390625 0.082500 0.127188
5 0.204687 0.390625 0.082500 0.127188
3 0.315625 0.390625 0.082500 0.127188
23 0.426563 0.390625 0.082500 0.127188
1 0.537500 0.390625 0.082500 0.127188
15 0.648438 0.390625 0.082500 0.127188
2 0.759375 0.390625 0.082500 0.127188
5 0.870313 0.390625 0.082500 0.127188
12 0.093750 0.557813 0.082500 0.127188
7 0.204687 0.557813 0.082500 0.127188
14 0.315625 0.557813 0.082500 0.127188
8 0.426563 0.557813 0.082500 0.127188
4 0.537500 0.557813 0.082500 0.127188
7 0.648438 0.557813 0.082500 0.127188
4 0.759375 0.557813 0.082500 0.127188
2 0.870313 0.557813 0.082500 0.127188
0 0.093750 0.725000 0.082500 0.127188
11 0.204687 0.725000 0.082500 0.127188
2 0.315625 0.725000 0.082500 0.127188
2 0.426563 0.725000 0.082500 0.127188
5 0.537500 0.725000 0.082500 0.127188
6 0.648438 0.725000 0.082500 0.127188
19 0.759375 0.725000 0.082500 0.127188
12 0.870313 0.725000 0.082500 0.127188