11 0.116406 0.182812 0.063594 0.103125
1 0.219531 0.182812 0.063594 0.103125
25 0.322656 0.182812 0.063594 0.103125
16 0.425781 0.182812 0.063594 0.103125
6 0.528906 0.182812 0.063594 0.103125
9 0.632031 0.182812 0.063594 0.103125
9 0.735156 0.182812 0.063594 0.103125
22 0.838281 0.182812 0.063594 0.103125
10 0.116406 0.328125 0.063594 0.103125
2 0.219531 0.328125 0.063594 0.103125
21 0.322656 0.328125 0.063594 0.103125
17 0.425781 0.328125 0.063594 0.103125
20 0.528906 0.328125 0.063594 0.103125
3 0.632031 0.328125 0.063594 0.103125
18 0.735156 0.328125 0.063594 0.103125
1 0.838281 0.328125 0.063594 0.103125
14 0.116406 0.473438 0.063594 0.103125
8 0.219531 0.473438 0.063594 0.103125
7 0.322656 0.473438 0.063594 0.103125
11 0.425781 0.473438 0.063594 0.103125
13 0.528906 0.473438 0.063594 0.103125
5 0.632031 0.473438 0.063594 0.103125
17 0.735156 0.473438 0.063594 0.103125
12 0.838281 0.473438 0.063594 0.103125
1 0.116406 0.618750 0.063594 0.103125
4 0.219531 0.618750 0.063594 0.103125
18 0.322656 0.618750 0.063594 0.103125
0 0.425781 0.618750 0.063594 0.103125
3 0.528906 0.618750 0.063594 0.103125
14 0.632031 0.618750 0.063594 0.103125
21 0.735156 0.618750 0.063594 0.103125
19 0.838281 0.618750 0.063594 0.103125
0 0.116406 0.764062 0.063594 0.103125
21 0.219531 0.764062 0.063594 0.103125
11 0.322656 0.764062 0.063594 0.103125
19 0.425781 0.764062 0.063594 0.103125
7 0.528906 0.764062 0.063594 0.103125
0 0.632031 0.764062 0.063594 0.103125
22 0.735156 0.764062 0.063594 0.103125
24 0.838281 0.764062 0.063594 0.103125