3 0.157812 0.214062 0.106563 0.171875
14 0.314063 0.214062 0.106563 0.171875
10 0.470313 0.214062 0.106563 0.171875
23 0.626563 0.214062 0.106563 0.171875
24 0.782813 0.214062 0.106563 0.171875
1 0.157812 0.456250 0.106563 0.171875
4 0.314063 0.456250 0.106563 0.171875
8 0.470313 0.456250 0.106563 0.171875
23 0.626563 0.456250 0.106563 0.171875
19 0.782813 0.456250 0.106563 0.171875
9 0.157812 0.698438 0.106563 0.171875
21 0.314063 0.698438 0.106563 0.171875
14 0.470313 0.698438 0.106563 0.171875
23 0.626563 0.698438 0.106563 0.171875
21 0.782813 0.698438 0.106563 0.171875