22 0.099219 0.220312 0.080781 0.127188
9 0.224219 0.220312 0.080781 0.127188
5 0.349219 0.220312 0.080781 0.127188
20 0.474219 0.220312 0.080781 0.127188
22 0.599219 0.220312 0.080781 0.127188
14 0.724219 0.220312 0.080781 0.127188
24 0.849219 0.220312 0.080781 0.127188
24 0.099219 0.389062 0.080781 0.127188
25 0.224219 0.389062 0.080781 0.127188
23 0.349219 0.389062 0.080781 0.127188
25 0.474219 0.389062 0.080781 0.127188
15 0.599219 0.389062 0.080781 0.127188
8 0.724219 0.389062 0.080781 0.127188
20 0.849219 0.389062 0.080781 0.127188
9 0.099219 0.557813 0.080781 0.127188
23 0.224219 0.557813 0.080781 0.127188
15 0.349219 0.557813 0.080781 0.127188
3 0.474219 0.557813 0.080781 0.127188
8 0.599219 0.557813 0.080781 0.127188
15 0.724219 0.557813 0.080781 0.127188
18 0.849219 0.557813 0.080781 0.127188
14 0.099219 0.726562 0.080781 0.127188
6 0.224219 0.726562 0.080781 0.127188
4 0.349219 0.726562 0.080781 0.127188
17 0.474219 0.726562 0.080781 0.127188
0 0.599219 0.726562 0.080781 0.127188
13 0.724219 0.726562 0.080781 0.127188
12 0.849219 0.726562 0.080781 0.127188