19 0.146875 0.232813 0.110000 0.171875
7 0.307812 0.232813 0.110000 0.171875
2 0.468750 0.232813 0.110000 0.171875
11 0.629687 0.232813 0.110000 0.171875
1 0.790625 0.232813 0.110000 0.171875
18 0.146875 0.462500 0.110000 0.171875
15 0.307812 0.462500 0.110000 0.171875
24 0.468750 0.462500 0.110000 0.171875
23 0.629687 0.462500 0.110000 0.171875
0 0.790625 0.462500 0.110000 0.171875
11 0.146875 0.692187 0.110000 0.171875
7 0.307812 0.692187 0.110000 0.171875
0 0.468750 0.692187 0.110000 0.171875
12 0.629687 0.692187 0.110000 0.171875
18 0.790625 0.692187 0.110000 0.171875