19 0.095312 0.145313 0.055000 0.085938
16 0.173437 0.145313 0.055000 0.085938
8 0.251563 0.145313 0.055000 0.085938
5 0.329688 0.145313 0.055000 0.085938
23 0.407813 0.145313 0.055000 0.085938
19 0.485938 0.145313 0.055000 0.085938
0 0.564063 0.145313 0.055000 0.085938
0 0.642188 0.145313 0.055000 0.085938
9 0.720313 0.145313 0.055000 0.085938
4 0.798438 0.145313 0.055000 0.085938
25 0.876563 0.145313 0.055000 0.085938
12 0.095312 0.257812 0.055000 0.085938
4 0.173437 0.257812 0.055000 0.085938
15 0.251563 0.257812 0.055000 0.085938
3 0.329688 0.257812 0.055000 0.085938
18 0.407813 0.257812 0.055000 0.085938
22 0.485938 0.257812 0.055000 0.085938
0 0.564063 0.257812 0.055000 0.085938
7 0.642188 0.257812 0.055000 0.085938
2 0.720313 0.257812 0.055000 0.085938
14 0.798438 0.257812 0.055000 0.085938
2 0.876563 0.257812 0.055000 0.085938
7 0.095312 0.370312 0.055000 0.085938
25 0.173437 0.370312 0.055000 0.085938
25 0.251563 0.370312 0.055000 0.085938
19 0.329688 0.370312 0.055000 0.085938
25 0.407813 0.370312 0.055000 0.085938
18 0.485938 0.370312 0.055000 0.085938
1 0.564063 0.370312 0.055000 0.085938
23 0.642188 0.370312 0.055000 0.085938
25 0.720313 0.370312 0.055000 0.085938
4 0.798438 0.370312 0.055000 0.085938
17 0.876563 0.370312 0.055000 0.085938
3 0.095312 0.482812 0.055000 0.085938
20 0.173437 0.482812 0.055000 0.085938
12 0.251563 0.482812 0.055000 0.085938
9 0.329688 0.482812 0.055000 0.085938
25 0.407813 0.482812 0.055000 0.085938
7 0.485938 0.482812 0.055000 0.085938
17 0.564063 0.482812 0.055000 0.085938
23 0.642188 0.482812 0.055000 0.085938
11 0.720313 0.482812 0.055000 0.085938
23 0.798438 0.482812 0.055000 0.085938
2 0.876563 0.482812 0.055000 0.085938
3 0.095312 0.595313 0.055000 0.085938
1 0.173437 0.595313 0.055000 0.085938
21 0.251563 0.595313 0.055000 0.085938
8 0.329688 0.595313 0.055000 0.085938
12 0.407813 0.595313 0.055000 0.085938
23 0.485938 0.595313 0.055000 0.085938
11 0.564063 0.595313 0.055000 0.085938
4 0.642188 0.595313 0.055000 0.085938
5 0.720313 0.595313 0.055000 0.085938
15 0.798438 0.595313 0.055000 0.085938
3 0.876563 0.595313 0.055000 0.085938
21 0.095312 0.707812 0.055000 0.085938
17 0.173437 0.707812 0.055000 0.085938
8 0.251563 0.707812 0.055000 0.085938
11 0.329688 0.707812 0.055000 0.085938
21 0.407813 0.707812 0.055000 0.085938
14 0.485938 0.707812 0.055000 0.085938
6 0.564063 0.707812 0.055000 0.085938
17 0.642188 0.707812 0.055000 0.085938
4 0.720313 0.707812 0.055000 0.085938
5 0.798438 0.707812 0.055000 0.085938
8 0.876563 0.707812 0.055000 0.085938
5 0.095312 0.820312 0.055000 0.085938
21 0.173437 0.820312 0.055000 0.085938
7 0.251563 0.820312 0.055000 0.085938
21 0.329688 0.820312 0.055000 0.085938
14 0.407813 0.820312 0.055000 0.085938
20 0.485938 0.820312 0.055000 0.085938
4 0.564063 0.820312 0.055000 0.085938
14 0.642188 0.820312 0.055000 0.085938
6 0.720313 0.820312 0.055000 0.085938
2 0.798438 0.820312 0.055000 0.085938
14 0.876563 0.820312 0.055000 0.085938