1 0.146094 0.171875 0.097969 0.151250
11 0.278906 0.171875 0.097969 0.151250
0 0.411719 0.171875 0.097969 0.151250
13 0.544531 0.171875 0.097969 0.151250
22 0.677344 0.171875 0.097969 0.151250
14 0.810156 0.171875 0.097969 0.151250
2 0.146094 0.370312 0.097969 0.151250
0 0.278906 0.370312 0.097969 0.151250
15 0.411719 0.370312 0.097969 0.151250
6 0.544531 0.370312 0.097969 0.151250
12 0.677344 0.370312 0.097969 0.151250
22 0.810156 0.370312 0.097969 0.151250
11 0.146094 0.568750 0.097969 0.151250
17 0.278906 0.568750 0.097969 0.151250
23 0.411719 0.568750 0.097969 0.151250
13 0.544531 0.568750 0.097969 0.151250
10 0.677344 0.568750 0.097969 0.151250
21 0.810156 0.568750 0.097969 0.151250
22 0.146094 0.767188 0.097969 0.151250
6 0.278906 0.767188 0.097969 0.151250
9 0.411719 0.767188 0.097969 0.151250
19 0.544531 0.767188 0.097969 0.151250
3 0.677344 0.767188 0.097969 0.151250
10 0.810156 0.767188 0.097969 0.151250