21 0.073438 0.076563 0.041250 0.065312
4 0.132812 0.076563 0.041250 0.065312
10 0.192188 0.076563 0.041250 0.065312
22 0.251563 0.076563 0.041250 0.065312
3 0.310937 0.076563 0.041250 0.065312
1 0.370312 0.076563 0.041250 0.065312
17 0.429688 0.076563 0.041250 0.065312
11 0.489063 0.076563 0.041250 0.065312
4 0.548438 0.076563 0.041250 0.065312
24 0.607812 0.076563 0.041250 0.065312
15 0.667188 0.076563 0.041250 0.065312
3 0.726562 0.076563 0.041250 0.065312
4 0.785937 0.076563 0.041250 0.065312
20 0.845313 0.076563 0.041250 0.065312
16 0.904687 0.076563 0.041250 0.065312
0 0.073438 0.167187 0.041250 0.065312
4 0.132812 0.167187 0.041250 0.065312
20 0.192188 0.167187 0.041250 0.065312
8 0.251563 0.167187 0.041250 0.065312
0 0.310937 0.167187 0.041250 0.065312
0 0.370312 0.167187 0.041250 0.065312
3 0.429688 0.167187 0.041250 0.065312
23 0.489063 0.167187 0.041250 0.065312
12 0.548438 0.167187 0.041250 0.065312
6 0.607812 0.167187 0.041250 0.065312
21 0.667188 0.167187 0.041250 0.065312
5 0.726562 0.167187 0.041250 0.065312
16 0.785937 0.167187 0.041250 0.065312
17 0.845313 0.167187 0.041250 0.065312
21 0.904687 0.167187 0.041250 0.065312
1 0.073438 0.257812 0.041250 0.065312
9 0.132812 0.257812 0.041250 0.065312
20 0.192188 0.257812 0.041250 0.065312
21 0.251563 0.257812 0.041250 0.065312
21 0.310937 0.257812 0.041250 0.065312
20 0.370312 0.257812 0.041250 0.065312
5 0.429688 0.257812 0.041250 0.065312
24 0.489063 0.257812 0.041250 0.065312
2 0.548438 0.257812 0.041250 0.065312
24 0.607812 0.257812 0.041250 0.065312
23 0.667188 0.257812 0.041250 0.065312
14 0.726562 0.257812 0.041250 0.065312
23 0.785937 0.257812 0.041250 0.065312
8 0.845313 0.257812 0.041250 0.065312
7 0.904687 0.257812 0.041250 0.065312
20 0.073438 0.348438 0.041250 0.065312
12 0.132812 0.348438 0.041250 0.065312
24 0.192188 0.348438 0.041250 0.065312
21 0.251563 0.348438 0.041250 0.065312
8 0.310937 0.348438 0.041250 0.065312
5 0.370312 0.348438 0.041250 0.065312
2 0.429688 0.348438 0.041250 0.065312
17 0.489063 0.348438 0.041250 0.065312
1 0.548438 0.348438 0.041250 0.065312
25 0.607812 0.348438 0.041250 0.065312
21 0.667188 0.348438 0.041250 0.065312
16 0.726562 0.348438 0.041250 0.065312
14 0.785937 0.348438 0.041250 0.065312
3 0.845313 0.348438 0.041250 0.065312
6 0.904687 0.348438 0.041250 0.065312
0 0.073438 0.439063 0.041250 0.065312
13 0.132812 0.439063 0.041250 0.065312
8 0.192188 0.439063 0.041250 0.065312
12 0.251563 0.439063 0.041250 0.065312
21 0.310937 0.439063 0.041250 0.065312
17 0.370312 0.439063 0.041250 0.065312
14 0.429688 0.439063 0.041250 0.065312
19 0.489063 0.439063 0.041250 0.065312
24 0.548438 0.439063 0.041250 0.065312
17 0.607812 0.439063 0.041250 0.065312
17 0.667188 0.439063 0.041250 0.065312
2 0.726562 0.439063 0.041250 0.065312
4 0.785937 0.439063 0.041250 0.065312
4 0.845313 0.439063 0.041250 0.065312
6 0.904687 0.439063 0.041250 0.065312
20 0.073438 0.529687 0.041250 0.065312
8 0.132812 0.529687 0.041250 0.065312
23 0.192188 0.529687 0.041250 0.065312
22 0.251563 0.529687 0.041250 0.065312
1 0.310937 0.529687 0.041250 0.065312
22 0.370312 0.529687 0.041250 0.065312
11 0.429688 0.529687 0.041250 0.065312
24 0.489063 0.529687 0.041250 0.065312
10 0.548438 0.529687 0.041250 0.065312
9 0.607812 0.529687 0.041250 0.065312
14 0.667188 0.529687 0.041250 0.065312
25 0.726562 0.529687 0.041250 0.065312
24 0.785937 0.529687 0.041250 0.065312
6 0.845313 0.529687 0.041250 0.065312
23 0.904687 0.529687 0.041250 0.065312
6 0.073438 0.620313 0.041250 0.065312
6 0.132812 0.620313 0.041250 0.065312
3 0.192188 0.620313 0.041250 0.065312
12 0.251563 0.620313 0.041250 0.065312
20 0.310937 0.620313 0.041250 0.065312
10 0.370312 0.620313 0.041250 0.065312
23 0.429688 0.620313 0.041250 0.065312
12 0.489063 0.620313 0.041250 0.065312
2 0.548438 0.620313 0.041250 0.065312
6 0.607812 0.620313 0.041250 0.065312
22 0.667188 0.620313 0.041250 0.065312
10 0.726562 0.620313 0.041250 0.065312
14 0.785937 0.620313 0.041250 0.065312
6 0.845313 0.620313 0.041250 0.065312
9 0.904687 0.620313 0.041250 0.065312
0 0.073438 0.710938 0.041250 0.065312
5 0.132812 0.710938 0.041250 0.065312
5 0.192188 0.710938 0.041250 0.065312
8 0.251563 0.710938 0.041250 0.065312
25 0.310937 0.710938 0.041250 0.065312
1 0.370312 0.710938 0.041250 0.065312
23 0.429688 0.710938 0.041250 0.065312
5 0.489063 0.710938 0.041250 0.065312
17 0.548438 0.710938 0.041250 0.065312
25 0.607812 0.710938 0.041250 0.065312
21 0.667188 0.710938 0.041250 0.065312
12 0.726562 0.710938 0.041250 0.065312
4 0.785937 0.710938 0.041250 0.065312
24 0.845313 0.710938 0.041250 0.065312
0 0.904687 0.710938 0.041250 0.065312
23 0.073438 0.801562 0.041250 0.065312
19 0.132812 0.801562 0.041250 0.065312
17 0.192188 0.801562 0.041250 0.065312
7 0.251563 0.801562 0.041250 0.065312
5 0.310937 0.801562 0.041250 0.065312
4 0.370312 0.801562 0.041250 0.065312
19 0.429688 0.801562 0.041250 0.065312
14 0.489063 0.801562 0.041250 0.065312
8 0.548438 0.801562 0.041250 0.065312
11 0.607812 0.801562 0.041250 0.065312
11 0.667188 0.801562 0.041250 0.065312
0 0.726562 0.801562 0.041250 0.065312
14 0.785937 0.801562 0.041250 0.065312
2 0.845313 0.801562 0.041250 0.065312
7 0.904687 0.801562 0.041250 0.065312
20 0.073438 0.892188 0.041250 0.065312
12 0.132812 0.892188 0.041250 0.065312
21 0.192188 0.892188 0.041250 0.065312
1 0.251563 0.892188 0.041250 0.065312
22 0.310937 0.892188 0.041250 0.065312
11 0.370312 0.892188 0.041250 0.065312
1 0.429688 0.892188 0.041250 0.065312
20 0.489063 0.892188 0.041250 0.065312
4 0.548438 0.892188 0.041250 0.065312
6 0.607812 0.892188 0.041250 0.065312
19 0.667188 0.892188 0.041250 0.065312
2 0.726562 0.892188 0.041250 0.065312
4 0.785937 0.892188 0.041250 0.065312
13 0.845313 0.892188 0.041250 0.065312
14 0.904687 0.892188 0.041250 0.065312