6 0.178906 0.245312 0.101406 0.161562
20 0.325781 0.245312 0.101406 0.161562
1 0.472656 0.245312 0.101406 0.161562
7 0.619531 0.245312 0.101406 0.161562
0 0.766406 0.245312 0.101406 0.161562
7 0.178906 0.464062 0.101406 0.161562
0 0.325781 0.464062 0.101406 0.161562
14 0.472656 0.464062 0.101406 0.161562
17 0.619531 0.464062 0.101406 0.161562
0 0.766406 0.464062 0.101406 0.161562
18 0.178906 0.682813 0.101406 0.161562
7 0.325781 0.682813 0.101406 0.161562
2 0.472656 0.682813 0.101406 0.161562
6 0.619531 0.682813 0.101406 0.161562
7 0.766406 0.682813 0.101406 0.161562