17 0.127344 0.212500 0.084219 0.130625
18 0.244531 0.212500 0.084219 0.130625
25 0.361719 0.212500 0.084219 0.130625
9 0.478906 0.212500 0.084219 0.130625
7 0.596094 0.212500 0.084219 0.130625
22 0.713281 0.212500 0.084219 0.130625
5 0.830469 0.212500 0.084219 0.130625
12 0.127344 0.385937 0.084219 0.130625
3 0.244531 0.385937 0.084219 0.130625
8 0.361719 0.385937 0.084219 0.130625
13 0.478906 0.385937 0.084219 0.130625
4 0.596094 0.385937 0.084219 0.130625
13 0.713281 0.385937 0.084219 0.130625
10 0.830469 0.385937 0.084219 0.130625
2 0.127344 0.559375 0.084219 0.130625
10 0.244531 0.559375 0.084219 0.130625
2 0.361719 0.559375 0.084219 0.130625
5 0.478906 0.559375 0.084219 0.130625
10 0.596094 0.559375 0.084219 0.130625
22 0.713281 0.559375 0.084219 0.130625
17 0.830469 0.559375 0.084219 0.130625
7 0.127344 0.732812 0.084219 0.130625
2 0.244531 0.732812 0.084219 0.130625
4 0.361719 0.732812 0.084219 0.130625
17 0.478906 0.732812 0.084219 0.130625
23 0.596094 0.732812 0.084219 0.130625
3 0.713281 0.732812 0.084219 0.130625
25 0.830469 0.732812 0.084219 0.130625