12 0.106250 0.146875 0.072188 0.116875
13 0.228125 0.146875 0.072188 0.116875
20 0.350000 0.146875 0.072188 0.116875
13 0.471875 0.146875 0.072188 0.116875
7 0.593750 0.146875 0.072188 0.116875
19 0.715625 0.146875 0.072188 0.116875
17 0.837500 0.146875 0.072188 0.116875
13 0.106250 0.309375 0.072188 0.116875
15 0.228125 0.309375 0.072188 0.116875
12 0.350000 0.309375 0.072188 0.116875
10 0.471875 0.309375 0.072188 0.116875
1 0.593750 0.309375 0.072188 0.116875
13 0.715625 0.309375 0.072188 0.116875
21 0.837500 0.309375 0.072188 0.116875
3 0.106250 0.471875 0.072188 0.116875
14 0.228125 0.471875 0.072188 0.116875
21 0.350000 0.471875 0.072188 0.116875
21 0.471875 0.471875 0.072188 0.116875
8 0.593750 0.471875 0.072188 0.116875
2 0.715625 0.471875 0.072188 0.116875
15 0.837500 0.471875 0.072188 0.116875
5 0.106250 0.634375 0.072188 0.116875
0 0.228125 0.634375 0.072188 0.116875
8 0.350000 0.634375 0.072188 0.116875
23 0.471875 0.634375 0.072188 0.116875
16 0.593750 0.634375 0.072188 0.116875
4 0.715625 0.634375 0.072188 0.116875
1 0.837500 0.634375 0.072188 0.116875
4 0.106250 0.796875 0.072188 0.116875
4 0.228125 0.796875 0.072188 0.116875
12 0.350000 0.796875 0.072188 0.116875
19 0.471875 0.796875 0.072188 0.116875
12 0.593750 0.796875 0.072188 0.116875
22 0.715625 0.796875 0.072188 0.116875
7 0.837500 0.796875 0.072188 0.116875