1 0.185938 0.232813 0.099687 0.161562
7 0.329688 0.232813 0.099687 0.161562
24 0.473438 0.232813 0.099687 0.161562
9 0.617188 0.232813 0.099687 0.161562
5 0.760938 0.232813 0.099687 0.161562
24 0.185938 0.459375 0.099687 0.161562
20 0.329688 0.459375 0.099687 0.161562
5 0.473438 0.459375 0.099687 0.161562
13 0.617188 0.459375 0.099687 0.161562
4 0.760938 0.459375 0.099687 0.161562
23 0.185938 0.685937 0.099687 0.161562
24 0.329688 0.685937 0.099687 0.161562
19 0.473438 0.685937 0.099687 0.161562
24 0.617188 0.685937 0.099687 0.161562
12 0.760938 0.685937 0.099687 0.161562