17 0.175000 0.264062 0.103125 0.158125
3 0.323437 0.264062 0.103125 0.158125
11 0.471875 0.264062 0.103125 0.158125
22 0.620313 0.264062 0.103125 0.158125
15 0.768750 0.264062 0.103125 0.158125
25 0.175000 0.468750 0.103125 0.158125
21 0.323437 0.468750 0.103125 0.158125
2 0.471875 0.468750 0.103125 0.158125
3 0.620313 0.468750 0.103125 0.158125
17 0.768750 0.468750 0.103125 0.158125
6 0.175000 0.673438 0.103125 0.158125
17 0.323437 0.673438 0.103125 0.158125
3 0.471875 0.673438 0.103125 0.158125
18 0.620313 0.673438 0.103125 0.158125
24 0.768750 0.673438 0.103125 0.158125