1 0.177344 0.245312 0.108281 0.168437
9 0.325781 0.245312 0.108281 0.168437
8 0.474219 0.245312 0.108281 0.168437
1 0.622656 0.245312 0.108281 0.168437
9 0.771094 0.245312 0.108281 0.168437
0 0.177344 0.465625 0.108281 0.168437
8 0.325781 0.465625 0.108281 0.168437
8 0.474219 0.465625 0.108281 0.168437
17 0.622656 0.465625 0.108281 0.168437
7 0.771094 0.465625 0.108281 0.168437
1 0.177344 0.685937 0.108281 0.168437
10 0.325781 0.685937 0.108281 0.168437
12 0.474219 0.685937 0.108281 0.168437
17 0.622656 0.685937 0.108281 0.168437
23 0.771094 0.685937 0.108281 0.168437