10 0.139844 0.193750 0.094531 0.144375
15 0.274219 0.193750 0.094531 0.144375
9 0.408594 0.193750 0.094531 0.144375
17 0.542969 0.193750 0.094531 0.144375
4 0.677344 0.193750 0.094531 0.144375
15 0.811719 0.193750 0.094531 0.144375
7 0.139844 0.379688 0.094531 0.144375
15 0.274219 0.379688 0.094531 0.144375
9 0.408594 0.379688 0.094531 0.144375
2 0.542969 0.379688 0.094531 0.144375
6 0.677344 0.379688 0.094531 0.144375
21 0.811719 0.379688 0.094531 0.144375
2 0.139844 0.565625 0.094531 0.144375
23 0.274219 0.565625 0.094531 0.144375
5 0.408594 0.565625 0.094531 0.144375
25 0.542969 0.565625 0.094531 0.144375
4 0.677344 0.565625 0.094531 0.144375
16 0.811719 0.565625 0.094531 0.144375
23 0.139844 0.751563 0.094531 0.144375
11 0.274219 0.751563 0.094531 0.144375
19 0.408594 0.751563 0.094531 0.144375
13 0.542969 0.751563 0.094531 0.144375
6 0.677344 0.751563 0.094531 0.144375
19 0.811719 0.751563 0.094531 0.144375