9 0.177344 0.248438 0.108281 0.168437
21 0.325781 0.248438 0.108281 0.168437
20 0.474219 0.248438 0.108281 0.168437
8 0.622656 0.248438 0.108281 0.168437
14 0.771094 0.248438 0.108281 0.168437
17 0.177344 0.467187 0.108281 0.168437
23 0.325781 0.467187 0.108281 0.168437
21 0.474219 0.467187 0.108281 0.168437
22 0.622656 0.467187 0.108281 0.168437
14 0.771094 0.467187 0.108281 0.168437
15 0.177344 0.685937 0.108281 0.168437
16 0.325781 0.685937 0.108281 0.168437
19 0.474219 0.685937 0.108281 0.168437
16 0.622656 0.685937 0.108281 0.168437
14 0.771094 0.685937 0.108281 0.168437