19 0.149219 0.170313 0.094531 0.147812
6 0.280469 0.170313 0.094531 0.147812
0 0.411719 0.170313 0.094531 0.147812
16 0.542969 0.170313 0.094531 0.147812
17 0.674219 0.170313 0.094531 0.147812
13 0.805469 0.170313 0.094531 0.147812
16 0.149219 0.368750 0.094531 0.147812
18 0.280469 0.368750 0.094531 0.147812
18 0.411719 0.368750 0.094531 0.147812
14 0.542969 0.368750 0.094531 0.147812
25 0.674219 0.368750 0.094531 0.147812
13 0.805469 0.368750 0.094531 0.147812
6 0.149219 0.567187 0.094531 0.147812
22 0.280469 0.567187 0.094531 0.147812
18 0.411719 0.567187 0.094531 0.147812
1 0.542969 0.567187 0.094531 0.147812
11 0.674219 0.567187 0.094531 0.147812
25 0.805469 0.567187 0.094531 0.147812
5 0.149219 0.765625 0.094531 0.147812
9 0.280469 0.765625 0.094531 0.147812
12 0.411719 0.765625 0.094531 0.147812
2 0.542969 0.765625 0.094531 0.147812
0 0.674219 0.765625 0.094531 0.147812
12 0.805469 0.765625 0.094531 0.147812