6 0.083594 0.100000 0.053281 0.082500
13 0.157031 0.100000 0.053281 0.082500
4 0.230469 0.100000 0.053281 0.082500
15 0.303906 0.100000 0.053281 0.082500
5 0.377344 0.100000 0.053281 0.082500
14 0.450781 0.100000 0.053281 0.082500
0 0.524219 0.100000 0.053281 0.082500
21 0.597656 0.100000 0.053281 0.082500
2 0.671094 0.100000 0.053281 0.082500
7 0.744531 0.100000 0.053281 0.082500
24 0.817969 0.100000 0.053281 0.082500
22 0.891406 0.100000 0.053281 0.082500
14 0.083594 0.209375 0.053281 0.082500
14 0.157031 0.209375 0.053281 0.082500
4 0.230469 0.209375 0.053281 0.082500
12 0.303906 0.209375 0.053281 0.082500
6 0.377344 0.209375 0.053281 0.082500
14 0.450781 0.209375 0.053281 0.082500
22 0.524219 0.209375 0.053281 0.082500
21 0.597656 0.209375 0.053281 0.082500
14 0.671094 0.209375 0.053281 0.082500
19 0.744531 0.209375 0.053281 0.082500
15 0.817969 0.209375 0.053281 0.082500
17 0.891406 0.209375 0.053281 0.082500
9 0.083594 0.318750 0.053281 0.082500
19 0.157031 0.318750 0.053281 0.082500
19 0.230469 0.318750 0.053281 0.082500
20 0.303906 0.318750 0.053281 0.082500
4 0.377344 0.318750 0.053281 0.082500
14 0.450781 0.318750 0.053281 0.082500
7 0.524219 0.318750 0.053281 0.082500
20 0.597656 0.318750 0.053281 0.082500
6 0.671094 0.318750 0.053281 0.082500
0 0.744531 0.318750 0.053281 0.082500
12 0.817969 0.318750 0.053281 0.082500
22 0.891406 0.318750 0.053281 0.082500
0 0.083594 0.428125 0.053281 0.082500
25 0.157031 0.428125 0.053281 0.082500
3 0.230469 0.428125 0.053281 0.082500
3 0.303906 0.428125 0.053281 0.082500
17 0.377344 0.428125 0.053281 0.082500
18 0.450781 0.428125 0.053281 0.082500
11 0.524219 0.428125 0.053281 0.082500
14 0.597656 0.428125 0.053281 0.082500
22 0.671094 0.428125 0.053281 0.082500
12 0.744531 0.428125 0.053281 0.082500
8 0.817969 0.428125 0.053281 0.082500
14 0.891406 0.428125 0.053281 0.082500
9 0.083594 0.537500 0.053281 0.082500
24 0.157031 0.537500 0.053281 0.082500
20 0.230469 0.537500 0.053281 0.082500
22 0.303906 0.537500 0.053281 0.082500
11 0.377344 0.537500 0.053281 0.082500
13 0.450781 0.537500 0.053281 0.082500
22 0.524219 0.537500 0.053281 0.082500
10 0.597656 0.537500 0.053281 0.082500
13 0.671094 0.537500 0.053281 0.082500
6 0.744531 0.537500 0.053281 0.082500
17 0.817969 0.537500 0.053281 0.082500
14 0.891406 0.537500 0.053281 0.082500
24 0.083594 0.646875 0.053281 0.082500
1 0.157031 0.646875 0.053281 0.082500
0 0.230469 0.646875 0.053281 0.082500
20 0.303906 0.646875 0.053281 0.082500
18 0.377344 0.646875 0.053281 0.082500
1 0.450781 0.646875 0.053281 0.082500
4 0.524219 0.646875 0.053281 0.082500
24 0.597656 0.646875 0.053281 0.082500
6 0.671094 0.646875 0.053281 0.082500
23 0.744531 0.646875 0.053281 0.082500
23 0.817969 0.646875 0.053281 0.082500
1 0.891406 0.646875 0.053281 0.082500
20 0.083594 0.756250 0.053281 0.082500
12 0.157031 0.756250 0.053281 0.082500
13 0.230469 0.756250 0.053281 0.082500
18 0.303906 0.756250 0.053281 0.082500
17 0.377344 0.756250 0.053281 0.082500
13 0.450781 0.756250 0.053281 0.082500
7 0.524219 0.756250 0.053281 0.082500
6 0.597656 0.756250 0.053281 0.082500
13 0.671094 0.756250 0.053281 0.082500
4 0.744531 0.756250 0.053281 0.082500
19 0.817969 0.756250 0.053281 0.082500
14 0.891406 0.756250 0.053281 0.082500
0 0.083594 0.865625 0.053281 0.082500
15 0.157031 0.865625 0.053281 0.082500
10 0.230469 0.865625 0.053281 0.082500
23 0.303906 0.865625 0.053281 0.082500
1 0.377344 0.865625 0.053281 0.082500
20 0.450781 0.865625 0.053281 0.082500
13 0.524219 0.865625 0.053281 0.082500
22 0.597656 0.865625 0.053281 0.082500
13 0.671094 0.865625 0.053281 0.082500
17 0.744531 0.865625 0.053281 0.082500
23 0.817969 0.865625 0.053281 0.082500
3 0.891406 0.865625 0.053281 0.082500