15 0.172656 0.256250 0.097969 0.154688
12 0.321094 0.256250 0.097969 0.154688
20 0.469531 0.256250 0.097969 0.154688
9 0.617969 0.256250 0.097969 0.154688
2 0.766406 0.256250 0.097969 0.154688
9 0.172656 0.465625 0.097969 0.154688
19 0.321094 0.465625 0.097969 0.154688
13 0.469531 0.465625 0.097969 0.154688
5 0.617969 0.465625 0.097969 0.154688
2 0.766406 0.465625 0.097969 0.154688
15 0.172656 0.675000 0.097969 0.154688
22 0.321094 0.675000 0.097969 0.154688
19 0.469531 0.675000 0.097969 0.154688
23 0.617969 0.675000 0.097969 0.154688
17 0.766406 0.675000 0.097969 0.154688