20 0.108594 0.192188 0.091094 0.140937
13 0.232031 0.192188 0.091094 0.140937
8 0.355469 0.192188 0.091094 0.140937
20 0.478906 0.192188 0.091094 0.140937
8 0.602344 0.192188 0.091094 0.140937
2 0.725781 0.192188 0.091094 0.140937
18 0.849219 0.192188 0.091094 0.140937
13 0.108594 0.378125 0.091094 0.140937
6 0.232031 0.378125 0.091094 0.140937
22 0.355469 0.378125 0.091094 0.140937
9 0.478906 0.378125 0.091094 0.140937
10 0.602344 0.378125 0.091094 0.140937
2 0.725781 0.378125 0.091094 0.140937
23 0.849219 0.378125 0.091094 0.140937
1 0.108594 0.564063 0.091094 0.140937
14 0.232031 0.564063 0.091094 0.140937
15 0.355469 0.564063 0.091094 0.140937
19 0.478906 0.564063 0.091094 0.140937
6 0.602344 0.564063 0.091094 0.140937
16 0.725781 0.564063 0.091094 0.140937
6 0.849219 0.564063 0.091094 0.140937
11 0.108594 0.750000 0.091094 0.140937
0 0.232031 0.750000 0.091094 0.140937
16 0.355469 0.750000 0.091094 0.140937
23 0.478906 0.750000 0.091094 0.140937
25 0.602344 0.750000 0.091094 0.140937
22 0.725781 0.750000 0.091094 0.140937
25 0.849219 0.750000 0.091094 0.140937