21 0.164844 0.235937 0.097969 0.158125
5 0.316406 0.235937 0.097969 0.158125
6 0.467969 0.235937 0.097969 0.158125
22 0.619531 0.235937 0.097969 0.158125
11 0.771094 0.235937 0.097969 0.158125
12 0.164844 0.459375 0.097969 0.158125
13 0.316406 0.459375 0.097969 0.158125
5 0.467969 0.459375 0.097969 0.158125
5 0.619531 0.459375 0.097969 0.158125
10 0.771094 0.459375 0.097969 0.158125
21 0.164844 0.682813 0.097969 0.158125
21 0.316406 0.682813 0.097969 0.158125
12 0.467969 0.682813 0.097969 0.158125
6 0.619531 0.682813 0.097969 0.158125
23 0.771094 0.682813 0.097969 0.158125