9 0.113281 0.193750 0.087656 0.137500
6 0.235156 0.193750 0.087656 0.137500
8 0.357031 0.193750 0.087656 0.137500
15 0.478906 0.193750 0.087656 0.137500
2 0.600781 0.193750 0.087656 0.137500
8 0.722656 0.193750 0.087656 0.137500
1 0.844531 0.193750 0.087656 0.137500
7 0.113281 0.378125 0.087656 0.137500
25 0.235156 0.378125 0.087656 0.137500
8 0.357031 0.378125 0.087656 0.137500
25 0.478906 0.378125 0.087656 0.137500
0 0.600781 0.378125 0.087656 0.137500
11 0.722656 0.378125 0.087656 0.137500
19 0.844531 0.378125 0.087656 0.137500
6 0.113281 0.562500 0.087656 0.137500
6 0.235156 0.562500 0.087656 0.137500
4 0.357031 0.562500 0.087656 0.137500
24 0.478906 0.562500 0.087656 0.137500
22 0.600781 0.562500 0.087656 0.137500
4 0.722656 0.562500 0.087656 0.137500
19 0.844531 0.562500 0.087656 0.137500
11 0.113281 0.746875 0.087656 0.137500
12 0.235156 0.746875 0.087656 0.137500
3 0.357031 0.746875 0.087656 0.137500
9 0.478906 0.746875 0.087656 0.137500
17 0.600781 0.746875 0.087656 0.137500
25 0.722656 0.746875 0.087656 0.137500
4 0.844531 0.746875 0.087656 0.137500