25 0.104688 0.153125 0.058437 0.092812
8 0.189062 0.153125 0.058437 0.092812
16 0.273438 0.153125 0.058437 0.092812
0 0.357812 0.153125 0.058437 0.092812
25 0.442188 0.153125 0.058437 0.092812
11 0.526563 0.153125 0.058437 0.092812
14 0.610938 0.153125 0.058437 0.092812
20 0.695312 0.153125 0.058437 0.092812
25 0.779687 0.153125 0.058437 0.092812
0 0.864062 0.153125 0.058437 0.092812
21 0.104688 0.282813 0.058437 0.092812
14 0.189062 0.282813 0.058437 0.092812
14 0.273438 0.282813 0.058437 0.092812
16 0.357812 0.282813 0.058437 0.092812
15 0.442188 0.282813 0.058437 0.092812
4 0.526563 0.282813 0.058437 0.092812
6 0.610938 0.282813 0.058437 0.092812
19 0.695312 0.282813 0.058437 0.092812
22 0.779687 0.282813 0.058437 0.092812
3 0.864062 0.282813 0.058437 0.092812
2 0.104688 0.412500 0.058437 0.092812
11 0.189062 0.412500 0.058437 0.092812
0 0.273438 0.412500 0.058437 0.092812
11 0.357812 0.412500 0.058437 0.092812
18 0.442188 0.412500 0.058437 0.092812
20 0.526563 0.412500 0.058437 0.092812
14 0.610938 0.412500 0.058437 0.092812
25 0.695312 0.412500 0.058437 0.092812
2 0.779687 0.412500 0.058437 0.092812
20 0.864062 0.412500 0.058437 0.092812
2 0.104688 0.542188 0.058437 0.092812
12 0.189062 0.542188 0.058437 0.092812
5 0.273438 0.542188 0.058437 0.092812
21 0.357812 0.542188 0.058437 0.092812
3 0.442188 0.542188 0.058437 0.092812
18 0.526563 0.542188 0.058437 0.092812
18 0.610938 0.542188 0.058437 0.092812
17 0.695312 0.542188 0.058437 0.092812
12 0.779687 0.542188 0.058437 0.092812
12 0.864062 0.542188 0.058437 0.092812
9 0.104688 0.671875 0.058437 0.092812
7 0.189062 0.671875 0.058437 0.092812
3 0.273438 0.671875 0.058437 0.092812
6 0.357812 0.671875 0.058437 0.092812
11 0.442188 0.671875 0.058437 0.092812
21 0.526563 0.671875 0.058437 0.092812
19 0.610938 0.671875 0.058437 0.092812
2 0.695312 0.671875 0.058437 0.092812
25 0.779687 0.671875 0.058437 0.092812
2 0.864062 0.671875 0.058437 0.092812
14 0.104688 0.801562 0.058437 0.092812
25 0.189062 0.801562 0.058437 0.092812
0 0.273438 0.801562 0.058437 0.092812
0 0.357812 0.801562 0.058437 0.092812
11 0.442188 0.801562 0.058437 0.092812
12 0.526563 0.801562 0.058437 0.092812
24 0.610938 0.801562 0.058437 0.092812
21 0.695312 0.801562 0.058437 0.092812
2 0.779687 0.801562 0.058437 0.092812
20 0.864062 0.801562 0.058437 0.092812