21 0.074219 0.096875 0.046406 0.072188
8 0.142969 0.096875 0.046406 0.072188
15 0.211719 0.096875 0.046406 0.072188
16 0.280469 0.096875 0.046406 0.072188
9 0.349219 0.096875 0.046406 0.072188
11 0.417969 0.096875 0.046406 0.072188
6 0.486719 0.096875 0.046406 0.072188
12 0.555469 0.096875 0.046406 0.072188
23 0.624219 0.096875 0.046406 0.072188
11 0.692969 0.096875 0.046406 0.072188
5 0.761719 0.096875 0.046406 0.072188
24 0.830469 0.096875 0.046406 0.072188
17 0.899219 0.096875 0.046406 0.072188
14 0.074219 0.193750 0.046406 0.072188
4 0.142969 0.193750 0.046406 0.072188
16 0.211719 0.193750 0.046406 0.072188
0 0.280469 0.193750 0.046406 0.072188
25 0.349219 0.193750 0.046406 0.072188
6 0.417969 0.193750 0.046406 0.072188
8 0.486719 0.193750 0.046406 0.072188
17 0.555469 0.193750 0.046406 0.072188
0 0.624219 0.193750 0.046406 0.072188
13 0.692969 0.193750 0.046406 0.072188
5 0.761719 0.193750 0.046406 0.072188
23 0.830469 0.193750 0.046406 0.072188
11 0.899219 0.193750 0.046406 0.072188
14 0.074219 0.290625 0.046406 0.072188
21 0.142969 0.290625 0.046406 0.072188
11 0.211719 0.290625 0.046406 0.072188
6 0.280469 0.290625 0.046406 0.072188
5 0.349219 0.290625 0.046406 0.072188
14 0.417969 0.290625 0.046406 0.072188
15 0.486719 0.290625 0.046406 0.072188
6 0.555469 0.290625 0.046406 0.072188
20 0.624219 0.290625 0.046406 0.072188
20 0.692969 0.290625 0.046406 0.072188
25 0.761719 0.290625 0.046406 0.072188
14 0.830469 0.290625 0.046406 0.072188
5 0.899219 0.290625 0.046406 0.072188
22 0.074219 0.387500 0.046406 0.072188
11 0.142969 0.387500 0.046406 0.072188
2 0.211719 0.387500 0.046406 0.072188
5 0.280469 0.387500 0.046406 0.072188
2 0.349219 0.387500 0.046406 0.072188
14 0.417969 0.387500 0.046406 0.072188
22 0.486719 0.387500 0.046406 0.072188
24 0.555469 0.387500 0.046406 0.072188
4 0.624219 0.387500 0.046406 0.072188
0 0.692969 0.387500 0.046406 0.072188
10 0.761719 0.387500 0.046406 0.072188
16 0.830469 0.387500 0.046406 0.072188
7 0.899219 0.387500 0.046406 0.072188
12 0.074219 0.484375 0.046406 0.072188
22 0.142969 0.484375 0.046406 0.072188
12 0.211719 0.484375 0.046406 0.072188
4 0.280469 0.484375 0.046406 0.072188
9 0.349219 0.484375 0.046406 0.072188
24 0.417969 0.484375 0.046406 0.072188
22 0.486719 0.484375 0.046406 0.072188
2 0.555469 0.484375 0.046406 0.072188
4 0.624219 0.484375 0.046406 0.072188
5 0.692969 0.484375 0.046406 0.072188
6 0.761719 0.484375 0.046406 0.072188
20 0.830469 0.484375 0.046406 0.072188
14 0.899219 0.484375 0.046406 0.072188
18 0.074219 0.581250 0.046406 0.072188
17 0.142969 0.581250 0.046406 0.072188
3 0.211719 0.581250 0.046406 0.072188
7 0.280469 0.581250 0.046406 0.072188
15 0.349219 0.581250 0.046406 0.072188
8 0.417969 0.581250 0.046406 0.072188
10 0.486719 0.581250 0.046406 0.072188
1 0.555469 0.581250 0.046406 0.072188
25 0.624219 0.581250 0.046406 0.072188
25 0.692969 0.581250 0.046406 0.072188
5 0.761719 0.581250 0.046406 0.072188
22 0.830469 0.581250 0.046406 0.072188
9 0.899219 0.581250 0.046406 0.072188
20 0.074219 0.678125 0.046406 0.072188
18 0.142969 0.678125 0.046406 0.072188
19 0.211719 0.678125 0.046406 0.072188
0 0.280469 0.678125 0.046406 0.072188
5 0.349219 0.678125 0.046406 0.072188
8 0.417969 0.678125 0.046406 0.072188
18 0.486719 0.678125 0.046406 0.072188
22 0.555469 0.678125 0.046406 0.072188
4 0.624219 0.678125 0.046406 0.072188
10 0.692969 0.678125 0.046406 0.072188
9 0.761719 0.678125 0.046406 0.072188
25 0.830469 0.678125 0.046406 0.072188
20 0.899219 0.678125 0.046406 0.072188
23 0.074219 0.775000 0.046406 0.072188
4 0.142969 0.775000 0.046406 0.072188
21 0.211719 0.775000 0.046406 0.072188
23 0.280469 0.775000 0.046406 0.072188
19 0.349219 0.775000 0.046406 0.072188
17 0.417969 0.775000 0.046406 0.072188
19 0.486719 0.775000 0.046406 0.072188
4 0.555469 0.775000 0.046406 0.072188
11 0.624219 0.775000 0.046406 0.072188
25 0.692969 0.775000 0.046406 0.072188
20 0.761719 0.775000 0.046406 0.072188
8 0.830469 0.775000 0.046406 0.072188
24 0.899219 0.775000 0.046406 0.072188
25 0.074219 0.871875 0.046406 0.072188
25 0.142969 0.871875 0.046406 0.072188
7 0.211719 0.871875 0.046406 0.072188
25 0.280469 0.871875 0.046406 0.072188
23 0.349219 0.871875 0.046406 0.072188
22 0.417969 0.871875 0.046406 0.072188
11 0.486719 0.871875 0.046406 0.072188
21 0.555469 0.871875 0.046406 0.072188
5 0.624219 0.871875 0.046406 0.072188
11 0.692969 0.871875 0.046406 0.072188
8 0.761719 0.871875 0.046406 0.072188
0 0.830469 0.871875 0.046406 0.072188
11 0.899219 0.871875 0.046406 0.072188