9 0.084375 0.178125 0.075625 0.116875
21 0.184375 0.178125 0.075625 0.116875
10 0.284375 0.178125 0.075625 0.116875
20 0.384375 0.178125 0.075625 0.116875
22 0.484375 0.178125 0.075625 0.116875
16 0.584375 0.178125 0.075625 0.116875
0 0.684375 0.178125 0.075625 0.116875
13 0.784375 0.178125 0.075625 0.116875
10 0.884375 0.178125 0.075625 0.116875
17 0.084375 0.328125 0.075625 0.116875
8 0.184375 0.328125 0.075625 0.116875
6 0.284375 0.328125 0.075625 0.116875
25 0.384375 0.328125 0.075625 0.116875
13 0.484375 0.328125 0.075625 0.116875
13 0.584375 0.328125 0.075625 0.116875
5 0.684375 0.328125 0.075625 0.116875
23 0.784375 0.328125 0.075625 0.116875
8 0.884375 0.328125 0.075625 0.116875
11 0.084375 0.478125 0.075625 0.116875
8 0.184375 0.478125 0.075625 0.116875
14 0.284375 0.478125 0.075625 0.116875
3 0.384375 0.478125 0.075625 0.116875
15 0.484375 0.478125 0.075625 0.116875
8 0.584375 0.478125 0.075625 0.116875
6 0.684375 0.478125 0.075625 0.116875
12 0.784375 0.478125 0.075625 0.116875
1 0.884375 0.478125 0.075625 0.116875
25 0.084375 0.628125 0.075625 0.116875
20 0.184375 0.628125 0.075625 0.116875
24 0.284375 0.628125 0.075625 0.116875
6 0.384375 0.628125 0.075625 0.116875
24 0.484375 0.628125 0.075625 0.116875
11 0.584375 0.628125 0.075625 0.116875
13 0.684375 0.628125 0.075625 0.116875
3 0.784375 0.628125 0.075625 0.116875
21 0.884375 0.628125 0.075625 0.116875
4 0.084375 0.778125 0.075625 0.116875
4 0.184375 0.778125 0.075625 0.116875
0 0.284375 0.778125 0.075625 0.116875
20 0.384375 0.778125 0.075625 0.116875
16 0.484375 0.778125 0.075625 0.116875
4 0.584375 0.778125 0.075625 0.116875
4 0.684375 0.778125 0.075625 0.116875
0 0.784375 0.778125 0.075625 0.116875
19 0.884375 0.778125 0.075625 0.116875