4 0.168750 0.262500 0.089375 0.144375
16 0.317188 0.262500 0.089375 0.144375
10 0.465625 0.262500 0.089375 0.144375
0 0.614062 0.262500 0.089375 0.144375
1 0.762500 0.262500 0.089375 0.144375
5 0.168750 0.464062 0.089375 0.144375
2 0.317188 0.464062 0.089375 0.144375
23 0.465625 0.464062 0.089375 0.144375
10 0.614062 0.464062 0.089375 0.144375
8 0.762500 0.464062 0.089375 0.144375
16 0.168750 0.665625 0.089375 0.144375
18 0.317188 0.665625 0.089375 0.144375
22 0.465625 0.665625 0.089375 0.144375
10 0.614062 0.665625 0.089375 0.144375
23 0.762500 0.665625 0.089375 0.144375