0 0.182031 0.259375 0.101406 0.158125
15 0.327344 0.259375 0.101406 0.158125
23 0.472656 0.259375 0.101406 0.158125
2 0.617969 0.259375 0.101406 0.158125
17 0.763281 0.259375 0.101406 0.158125
7 0.182031 0.467187 0.101406 0.158125
11 0.327344 0.467187 0.101406 0.158125
22 0.472656 0.467187 0.101406 0.158125
1 0.617969 0.467187 0.101406 0.158125
5 0.763281 0.467187 0.101406 0.158125
12 0.182031 0.675000 0.101406 0.158125
10 0.327344 0.675000 0.101406 0.158125
10 0.472656 0.675000 0.101406 0.158125
16 0.617969 0.675000 0.101406 0.158125
13 0.763281 0.675000 0.101406 0.158125