12 0.121094 0.254688 0.094531 0.151250
9 0.261719 0.254688 0.094531 0.151250
18 0.402344 0.254688 0.094531 0.151250
16 0.542969 0.254688 0.094531 0.151250
17 0.683594 0.254688 0.094531 0.151250
16 0.824219 0.254688 0.094531 0.151250
15 0.121094 0.464062 0.094531 0.151250
2 0.261719 0.464062 0.094531 0.151250
25 0.402344 0.464062 0.094531 0.151250
5 0.542969 0.464062 0.094531 0.151250
25 0.683594 0.464062 0.094531 0.151250
25 0.824219 0.464062 0.094531 0.151250
8 0.121094 0.673438 0.094531 0.151250
20 0.261719 0.673438 0.094531 0.151250
0 0.402344 0.673438 0.094531 0.151250
10 0.542969 0.673438 0.094531 0.151250
4 0.683594 0.673438 0.094531 0.151250
12 0.824219 0.673438 0.094531 0.151250