8 0.117969 0.181250 0.067031 0.106563
24 0.221094 0.181250 0.067031 0.106563
11 0.324219 0.181250 0.067031 0.106563
2 0.427344 0.181250 0.067031 0.106563
1 0.530469 0.181250 0.067031 0.106563
8 0.633594 0.181250 0.067031 0.106563
5 0.736719 0.181250 0.067031 0.106563
5 0.839844 0.181250 0.067031 0.106563
13 0.117969 0.328125 0.067031 0.106563
0 0.221094 0.328125 0.067031 0.106563
13 0.324219 0.328125 0.067031 0.106563
10 0.427344 0.328125 0.067031 0.106563
24 0.530469 0.328125 0.067031 0.106563
13 0.633594 0.328125 0.067031 0.106563
16 0.736719 0.328125 0.067031 0.106563
4 0.839844 0.328125 0.067031 0.106563
12 0.117969 0.475000 0.067031 0.106563
11 0.221094 0.475000 0.067031 0.106563
20 0.324219 0.475000 0.067031 0.106563
4 0.427344 0.475000 0.067031 0.106563
19 0.530469 0.475000 0.067031 0.106563
18 0.633594 0.475000 0.067031 0.106563
11 0.736719 0.475000 0.067031 0.106563
5 0.839844 0.475000 0.067031 0.106563
21 0.117969 0.621875 0.067031 0.106563
16 0.221094 0.621875 0.067031 0.106563
22 0.324219 0.621875 0.067031 0.106563
3 0.427344 0.621875 0.067031 0.106563
18 0.530469 0.621875 0.067031 0.106563
1 0.633594 0.621875 0.067031 0.106563
16 0.736719 0.621875 0.067031 0.106563
9 0.839844 0.621875 0.067031 0.106563
9 0.117969 0.768750 0.067031 0.106563
8 0.221094 0.768750 0.067031 0.106563
25 0.324219 0.768750 0.067031 0.106563
19 0.427344 0.768750 0.067031 0.106563
23 0.530469 0.768750 0.067031 0.106563
25 0.633594 0.768750 0.067031 0.106563
5 0.736719 0.768750 0.067031 0.106563
18 0.839844 0.768750 0.067031 0.106563