20 0.102344 0.179688 0.073906 0.113437
20 0.210156 0.179688 0.073906 0.113437
3 0.317969 0.179688 0.073906 0.113437
9 0.425781 0.179688 0.073906 0.113437
18 0.533594 0.179688 0.073906 0.113437
0 0.641406 0.179688 0.073906 0.113437
13 0.749219 0.179688 0.073906 0.113437
1 0.857031 0.179688 0.073906 0.113437
16 0.102344 0.328125 0.073906 0.113437
13 0.210156 0.328125 0.073906 0.113437
12 0.317969 0.328125 0.073906 0.113437
24 0.425781 0.328125 0.073906 0.113437
11 0.533594 0.328125 0.073906 0.113437
1 0.641406 0.328125 0.073906 0.113437
9 0.749219 0.328125 0.073906 0.113437
19 0.857031 0.328125 0.073906 0.113437
19 0.102344 0.476562 0.073906 0.113437
0 0.210156 0.476562 0.073906 0.113437
24 0.317969 0.476562 0.073906 0.113437
1 0.425781 0.476562 0.073906 0.113437
13 0.533594 0.476562 0.073906 0.113437
11 0.641406 0.476562 0.073906 0.113437
19 0.749219 0.476562 0.073906 0.113437
17 0.857031 0.476562 0.073906 0.113437
3 0.102344 0.625000 0.073906 0.113437
18 0.210156 0.625000 0.073906 0.113437
19 0.317969 0.625000 0.073906 0.113437
21 0.425781 0.625000 0.073906 0.113437
18 0.533594 0.625000 0.073906 0.113437
22 0.641406 0.625000 0.073906 0.113437
6 0.749219 0.625000 0.073906 0.113437
21 0.857031 0.625000 0.073906 0.113437
13 0.102344 0.773438 0.073906 0.113437
25 0.210156 0.773438 0.073906 0.113437
0 0.317969 0.773438 0.073906 0.113437
8 0.425781 0.773438 0.073906 0.113437
24 0.533594 0.773438 0.073906 0.113437
12 0.641406 0.773438 0.073906 0.113437
14 0.749219 0.773438 0.073906 0.113437
5 0.857031 0.773438 0.073906 0.113437