11 0.180469 0.264062 0.104844 0.161562
11 0.327344 0.264062 0.104844 0.161562
24 0.474219 0.264062 0.104844 0.161562
4 0.621094 0.264062 0.104844 0.161562
15 0.767969 0.264062 0.104844 0.161562
21 0.180469 0.470313 0.104844 0.161562
14 0.327344 0.470313 0.104844 0.161562
19 0.474219 0.470313 0.104844 0.161562
21 0.621094 0.470313 0.104844 0.161562
7 0.767969 0.470313 0.104844 0.161562
14 0.180469 0.676562 0.104844 0.161562
25 0.327344 0.676562 0.104844 0.161562
14 0.474219 0.676562 0.104844 0.161562
8 0.621094 0.676562 0.104844 0.161562
19 0.767969 0.676562 0.104844 0.161562