11 0.136719 0.190625 0.087656 0.137500
15 0.271094 0.190625 0.087656 0.137500
1 0.405469 0.190625 0.087656 0.137500
9 0.539844 0.190625 0.087656 0.137500
6 0.674219 0.190625 0.087656 0.137500
11 0.808594 0.190625 0.087656 0.137500
20 0.136719 0.376563 0.087656 0.137500
15 0.271094 0.376563 0.087656 0.137500
7 0.405469 0.376563 0.087656 0.137500
18 0.539844 0.376563 0.087656 0.137500
6 0.674219 0.376563 0.087656 0.137500
2 0.808594 0.376563 0.087656 0.137500
17 0.136719 0.562500 0.087656 0.137500
21 0.271094 0.562500 0.087656 0.137500
7 0.405469 0.562500 0.087656 0.137500
6 0.539844 0.562500 0.087656 0.137500
25 0.674219 0.562500 0.087656 0.137500
18 0.808594 0.562500 0.087656 0.137500
10 0.136719 0.748437 0.087656 0.137500
24 0.271094 0.748437 0.087656 0.137500
8 0.405469 0.748437 0.087656 0.137500
19 0.539844 0.748437 0.087656 0.137500
15 0.674219 0.748437 0.087656 0.137500
14 0.808594 0.748437 0.087656 0.137500