1 0.139844 0.220312 0.087656 0.134063
3 0.253906 0.220312 0.087656 0.134063
14 0.367969 0.220312 0.087656 0.134063
13 0.482031 0.220312 0.087656 0.134063
3 0.596094 0.220312 0.087656 0.134063
3 0.710156 0.220312 0.087656 0.134063
12 0.824219 0.220312 0.087656 0.134063
22 0.139844 0.390625 0.087656 0.134063
17 0.253906 0.390625 0.087656 0.134063
25 0.367969 0.390625 0.087656 0.134063
6 0.482031 0.390625 0.087656 0.134063
6 0.596094 0.390625 0.087656 0.134063
19 0.710156 0.390625 0.087656 0.134063
20 0.824219 0.390625 0.087656 0.134063
25 0.139844 0.560937 0.087656 0.134063
11 0.253906 0.560937 0.087656 0.134063
20 0.367969 0.560937 0.087656 0.134063
21 0.482031 0.560937 0.087656 0.134063
17 0.596094 0.560937 0.087656 0.134063
20 0.710156 0.560937 0.087656 0.134063
8 0.824219 0.560937 0.087656 0.134063
8 0.139844 0.731250 0.087656 0.134063
9 0.253906 0.731250 0.087656 0.134063
13 0.367969 0.731250 0.087656 0.134063
20 0.482031 0.731250 0.087656 0.134063
19 0.596094 0.731250 0.087656 0.134063
4 0.710156 0.731250 0.087656 0.134063
11 0.824219 0.731250 0.087656 0.134063