5 0.102344 0.106250 0.053281 0.085938
9 0.186719 0.106250 0.053281 0.085938
7 0.271094 0.106250 0.053281 0.085938
23 0.355469 0.106250 0.053281 0.085938
1 0.439844 0.106250 0.053281 0.085938
19 0.524219 0.106250 0.053281 0.085938
18 0.608594 0.106250 0.053281 0.085938
1 0.692969 0.106250 0.053281 0.085938
19 0.777344 0.106250 0.053281 0.085938
0 0.861719 0.106250 0.053281 0.085938
16 0.102344 0.229687 0.053281 0.085938
18 0.186719 0.229687 0.053281 0.085938
9 0.271094 0.229687 0.053281 0.085938
7 0.355469 0.229687 0.053281 0.085938
1 0.439844 0.229687 0.053281 0.085938
20 0.524219 0.229687 0.053281 0.085938
0 0.608594 0.229687 0.053281 0.085938
14 0.692969 0.229687 0.053281 0.085938
21 0.777344 0.229687 0.053281 0.085938
22 0.861719 0.229687 0.053281 0.085938
15 0.102344 0.353125 0.053281 0.085938
4 0.186719 0.353125 0.053281 0.085938
8 0.271094 0.353125 0.053281 0.085938
16 0.355469 0.353125 0.053281 0.085938
9 0.439844 0.353125 0.053281 0.085938
16 0.524219 0.353125 0.053281 0.085938
23 0.608594 0.353125 0.053281 0.085938
20 0.692969 0.353125 0.053281 0.085938
19 0.777344 0.353125 0.053281 0.085938
14 0.861719 0.353125 0.053281 0.085938
20 0.102344 0.476562 0.053281 0.085938
22 0.186719 0.476562 0.053281 0.085938
3 0.271094 0.476562 0.053281 0.085938
5 0.355469 0.476562 0.053281 0.085938
23 0.439844 0.476562 0.053281 0.085938
11 0.524219 0.476562 0.053281 0.085938
22 0.608594 0.476562 0.053281 0.085938
15 0.692969 0.476562 0.053281 0.085938
2 0.777344 0.476562 0.053281 0.085938
12 0.861719 0.476562 0.053281 0.085938
3 0.102344 0.600000 0.053281 0.085938
1 0.186719 0.600000 0.053281 0.085938
10 0.271094 0.600000 0.053281 0.085938
3 0.355469 0.600000 0.053281 0.085938
21 0.439844 0.600000 0.053281 0.085938
23 0.524219 0.600000 0.053281 0.085938
12 0.608594 0.600000 0.053281 0.085938
24 0.692969 0.600000 0.053281 0.085938
5 0.777344 0.600000 0.053281 0.085938
22 0.861719 0.600000 0.053281 0.085938
23 0.102344 0.723437 0.053281 0.085938
11 0.186719 0.723437 0.053281 0.085938
11 0.271094 0.723437 0.053281 0.085938
5 0.355469 0.723437 0.053281 0.085938
2 0.439844 0.723437 0.053281 0.085938
14 0.524219 0.723437 0.053281 0.085938
9 0.608594 0.723437 0.053281 0.085938
6 0.692969 0.723437 0.053281 0.085938
22 0.777344 0.723437 0.053281 0.085938
9 0.861719 0.723437 0.053281 0.085938
18 0.102344 0.846875 0.053281 0.085938
22 0.186719 0.846875 0.053281 0.085938
3 0.271094 0.846875 0.053281 0.085938
5 0.355469 0.846875 0.053281 0.085938
3 0.439844 0.846875 0.053281 0.085938
8 0.524219 0.846875 0.053281 0.085938
18 0.608594 0.846875 0.053281 0.085938
4 0.692969 0.846875 0.053281 0.085938
12 0.777344 0.846875 0.053281 0.085938
21 0.861719 0.846875 0.053281 0.085938