4 0.114062 0.168750 0.072188 0.113437
14 0.218750 0.168750 0.072188 0.113437
15 0.323437 0.168750 0.072188 0.113437
13 0.428125 0.168750 0.072188 0.113437
6 0.532813 0.168750 0.072188 0.113437
9 0.637500 0.168750 0.072188 0.113437
3 0.742188 0.168750 0.072188 0.113437
22 0.846875 0.168750 0.072188 0.113437
14 0.114062 0.321875 0.072188 0.113437
21 0.218750 0.321875 0.072188 0.113437
2 0.323437 0.321875 0.072188 0.113437
11 0.428125 0.321875 0.072188 0.113437
15 0.532813 0.321875 0.072188 0.113437
14 0.637500 0.321875 0.072188 0.113437
4 0.742188 0.321875 0.072188 0.113437
23 0.846875 0.321875 0.072188 0.113437
2 0.114062 0.475000 0.072188 0.113437
14 0.218750 0.475000 0.072188 0.113437
13 0.323437 0.475000 0.072188 0.113437
7 0.428125 0.475000 0.072188 0.113437
19 0.532813 0.475000 0.072188 0.113437
25 0.637500 0.475000 0.072188 0.113437
6 0.742188 0.475000 0.072188 0.113437
18 0.846875 0.475000 0.072188 0.113437
4 0.114062 0.628125 0.072188 0.113437
25 0.218750 0.628125 0.072188 0.113437
14 0.323437 0.628125 0.072188 0.113437
14 0.428125 0.628125 0.072188 0.113437
16 0.532813 0.628125 0.072188 0.113437
19 0.637500 0.628125 0.072188 0.113437
1 0.742188 0.628125 0.072188 0.113437
19 0.846875 0.628125 0.072188 0.113437
20 0.114062 0.781250 0.072188 0.113437
7 0.218750 0.781250 0.072188 0.113437
16 0.323437 0.781250 0.072188 0.113437
25 0.428125 0.781250 0.072188 0.113437
4 0.532813 0.781250 0.072188 0.113437
15 0.637500 0.781250 0.072188 0.113437
23 0.742188 0.781250 0.072188 0.113437
17 0.846875 0.781250 0.072188 0.113437