20 0.117188 0.243750 0.096250 0.154688
12 0.259375 0.243750 0.096250 0.154688
10 0.401562 0.243750 0.096250 0.154688
20 0.543750 0.243750 0.096250 0.154688
24 0.685937 0.243750 0.096250 0.154688
0 0.828125 0.243750 0.096250 0.154688
8 0.117188 0.460938 0.096250 0.154688
6 0.259375 0.460938 0.096250 0.154688
8 0.401562 0.460938 0.096250 0.154688
17 0.543750 0.460938 0.096250 0.154688
20 0.685937 0.460938 0.096250 0.154688
9 0.828125 0.460938 0.096250 0.154688
1 0.117188 0.678125 0.096250 0.154688
18 0.259375 0.678125 0.096250 0.154688
3 0.401562 0.678125 0.096250 0.154688
1 0.543750 0.678125 0.096250 0.154688
21 0.685937 0.678125 0.096250 0.154688
13 0.828125 0.678125 0.096250 0.154688