14 0.133594 0.221875 0.084219 0.130625
2 0.249219 0.221875 0.084219 0.130625
12 0.364844 0.221875 0.084219 0.130625
20 0.480469 0.221875 0.084219 0.130625
14 0.596094 0.221875 0.084219 0.130625
22 0.711719 0.221875 0.084219 0.130625
3 0.827344 0.221875 0.084219 0.130625
10 0.133594 0.390625 0.084219 0.130625
21 0.249219 0.390625 0.084219 0.130625
20 0.364844 0.390625 0.084219 0.130625
17 0.480469 0.390625 0.084219 0.130625
21 0.596094 0.390625 0.084219 0.130625
24 0.711719 0.390625 0.084219 0.130625
25 0.827344 0.390625 0.084219 0.130625
11 0.133594 0.559375 0.084219 0.130625
16 0.249219 0.559375 0.084219 0.130625
15 0.364844 0.559375 0.084219 0.130625
25 0.480469 0.559375 0.084219 0.130625
24 0.596094 0.559375 0.084219 0.130625
20 0.711719 0.559375 0.084219 0.130625
24 0.827344 0.559375 0.084219 0.130625
20 0.133594 0.728125 0.084219 0.130625
7 0.249219 0.728125 0.084219 0.130625
20 0.364844 0.728125 0.084219 0.130625
17 0.480469 0.728125 0.084219 0.130625
5 0.596094 0.728125 0.084219 0.130625
5 0.711719 0.728125 0.084219 0.130625
9 0.827344 0.728125 0.084219 0.130625