9 0.077344 0.153125 0.067031 0.103125
10 0.167969 0.153125 0.067031 0.103125
20 0.258594 0.153125 0.067031 0.103125
25 0.349219 0.153125 0.067031 0.103125
20 0.439844 0.153125 0.067031 0.103125
13 0.530469 0.153125 0.067031 0.103125
1 0.621094 0.153125 0.067031 0.103125
16 0.711719 0.153125 0.067031 0.103125
11 0.802344 0.153125 0.067031 0.103125
10 0.892969 0.153125 0.067031 0.103125
23 0.077344 0.284375 0.067031 0.103125
11 0.167969 0.284375 0.067031 0.103125
6 0.258594 0.284375 0.067031 0.103125
12 0.349219 0.284375 0.067031 0.103125
2 0.439844 0.284375 0.067031 0.103125
17 0.530469 0.284375 0.067031 0.103125
16 0.621094 0.284375 0.067031 0.103125
17 0.711719 0.284375 0.067031 0.103125
19 0.802344 0.284375 0.067031 0.103125
12 0.892969 0.284375 0.067031 0.103125
8 0.077344 0.415625 0.067031 0.103125
0 0.167969 0.415625 0.067031 0.103125
22 0.258594 0.415625 0.067031 0.103125
8 0.349219 0.415625 0.067031 0.103125
2 0.439844 0.415625 0.067031 0.103125
11 0.530469 0.415625 0.067031 0.103125
14 0.621094 0.415625 0.067031 0.103125
2 0.711719 0.415625 0.067031 0.103125
0 0.802344 0.415625 0.067031 0.103125
7 0.892969 0.415625 0.067031 0.103125
17 0.077344 0.546875 0.067031 0.103125
15 0.167969 0.546875 0.067031 0.103125
16 0.258594 0.546875 0.067031 0.103125
4 0.349219 0.546875 0.067031 0.103125
10 0.439844 0.546875 0.067031 0.103125
10 0.530469 0.546875 0.067031 0.103125
6 0.621094 0.546875 0.067031 0.103125
4 0.711719 0.546875 0.067031 0.103125
6 0.802344 0.546875 0.067031 0.103125
4 0.892969 0.546875 0.067031 0.103125
25 0.077344 0.678125 0.067031 0.103125
11 0.167969 0.678125 0.067031 0.103125
23 0.258594 0.678125 0.067031 0.103125
7 0.349219 0.678125 0.067031 0.103125
24 0.439844 0.678125 0.067031 0.103125
10 0.530469 0.678125 0.067031 0.103125
11 0.621094 0.678125 0.067031 0.103125
6 0.711719 0.678125 0.067031 0.103125
0 0.802344 0.678125 0.067031 0.103125
8 0.892969 0.678125 0.067031 0.103125
2 0.077344 0.809375 0.067031 0.103125
11 0.167969 0.809375 0.067031 0.103125
16 0.258594 0.809375 0.067031 0.103125
8 0.349219 0.809375 0.067031 0.103125
13 0.439844 0.809375 0.067031 0.103125
3 0.530469 0.809375 0.067031 0.103125
13 0.621094 0.809375 0.067031 0.103125
20 0.711719 0.809375 0.067031 0.103125
0 0.802344 0.809375 0.067031 0.103125
20 0.892969 0.809375 0.067031 0.103125