23 0.160938 0.170313 0.099687 0.154688
23 0.289062 0.170313 0.099687 0.154688
8 0.417187 0.170313 0.099687 0.154688
5 0.545312 0.170313 0.099687 0.154688
15 0.673438 0.170313 0.099687 0.154688
10 0.801562 0.170313 0.099687 0.154688
0 0.160938 0.370312 0.099687 0.154688
16 0.289062 0.370312 0.099687 0.154688
4 0.417187 0.370312 0.099687 0.154688
8 0.545312 0.370312 0.099687 0.154688
20 0.673438 0.370312 0.099687 0.154688
12 0.801562 0.370312 0.099687 0.154688
2 0.160938 0.570312 0.099687 0.154688
19 0.289062 0.570312 0.099687 0.154688
11 0.417187 0.570312 0.099687 0.154688
13 0.545312 0.570312 0.099687 0.154688
20 0.673438 0.570312 0.099687 0.154688
24 0.801562 0.570312 0.099687 0.154688
21 0.160938 0.770312 0.099687 0.154688
10 0.289062 0.770312 0.099687 0.154688
10 0.417187 0.770312 0.099687 0.154688
16 0.545312 0.770312 0.099687 0.154688
21 0.673438 0.770312 0.099687 0.154688
18 0.801562 0.770312 0.099687 0.154688