22 0.136719 0.239063 0.104844 0.165000
15 0.300781 0.239063 0.104844 0.165000
17 0.464844 0.239063 0.104844 0.165000
3 0.628906 0.239063 0.104844 0.165000
2 0.792969 0.239063 0.104844 0.165000
7 0.136719 0.462500 0.104844 0.165000
11 0.300781 0.462500 0.104844 0.165000
16 0.464844 0.462500 0.104844 0.165000
5 0.628906 0.462500 0.104844 0.165000
15 0.792969 0.462500 0.104844 0.165000
14 0.136719 0.685937 0.104844 0.165000
18 0.300781 0.685937 0.104844 0.165000
8 0.464844 0.685937 0.104844 0.165000
6 0.628906 0.685937 0.104844 0.165000
16 0.792969 0.685937 0.104844 0.165000