16 0.092969 0.214062 0.080781 0.127188
6 0.203906 0.214062 0.080781 0.127188
5 0.314844 0.214062 0.080781 0.127188
16 0.425781 0.214062 0.080781 0.127188
1 0.536719 0.214062 0.080781 0.127188
13 0.647656 0.214062 0.080781 0.127188
18 0.758594 0.214062 0.080781 0.127188
17 0.869531 0.214062 0.080781 0.127188
24 0.092969 0.385937 0.080781 0.127188
17 0.203906 0.385937 0.080781 0.127188
16 0.314844 0.385937 0.080781 0.127188
6 0.425781 0.385937 0.080781 0.127188
1 0.536719 0.385937 0.080781 0.127188
15 0.647656 0.385937 0.080781 0.127188
12 0.758594 0.385937 0.080781 0.127188
22 0.869531 0.385937 0.080781 0.127188
13 0.092969 0.557813 0.080781 0.127188
13 0.203906 0.557813 0.080781 0.127188
16 0.314844 0.557813 0.080781 0.127188
11 0.425781 0.557813 0.080781 0.127188
7 0.536719 0.557813 0.080781 0.127188
17 0.647656 0.557813 0.080781 0.127188
17 0.758594 0.557813 0.080781 0.127188
17 0.869531 0.557813 0.080781 0.127188
24 0.092969 0.729688 0.080781 0.127188
20 0.203906 0.729688 0.080781 0.127188
23 0.314844 0.729688 0.080781 0.127188
19 0.425781 0.729688 0.080781 0.127188
11 0.536719 0.729688 0.080781 0.127188
17 0.647656 0.729688 0.080781 0.127188
2 0.758594 0.729688 0.080781 0.127188
13 0.869531 0.729688 0.080781 0.127188