18 0.157031 0.243750 0.104844 0.165000
10 0.313281 0.243750 0.104844 0.165000
13 0.469531 0.243750 0.104844 0.165000
12 0.625781 0.243750 0.104844 0.165000
17 0.782031 0.243750 0.104844 0.165000
9 0.157031 0.464062 0.104844 0.165000
25 0.313281 0.464062 0.104844 0.165000
0 0.469531 0.464062 0.104844 0.165000
19 0.625781 0.464062 0.104844 0.165000
10 0.782031 0.464062 0.104844 0.165000
14 0.157031 0.684375 0.104844 0.165000
19 0.313281 0.684375 0.104844 0.165000
12 0.469531 0.684375 0.104844 0.165000
15 0.625781 0.684375 0.104844 0.165000
19 0.782031 0.684375 0.104844 0.165000