2 0.123438 0.220312 0.075625 0.120313
24 0.240625 0.220312 0.075625 0.120313
17 0.357812 0.220312 0.075625 0.120313
17 0.475000 0.220312 0.075625 0.120313
19 0.592187 0.220312 0.075625 0.120313
4 0.709375 0.220312 0.075625 0.120313
19 0.826562 0.220312 0.075625 0.120313
3 0.123438 0.387500 0.075625 0.120313
5 0.240625 0.387500 0.075625 0.120313
2 0.357812 0.387500 0.075625 0.120313
25 0.475000 0.387500 0.075625 0.120313
13 0.592187 0.387500 0.075625 0.120313
10 0.709375 0.387500 0.075625 0.120313
14 0.826562 0.387500 0.075625 0.120313
2 0.123438 0.554688 0.075625 0.120313
10 0.240625 0.554688 0.075625 0.120313
6 0.357812 0.554688 0.075625 0.120313
13 0.475000 0.554688 0.075625 0.120313
6 0.592187 0.554688 0.075625 0.120313
18 0.709375 0.554688 0.075625 0.120313
25 0.826562 0.554688 0.075625 0.120313
16 0.123438 0.721875 0.075625 0.120313
1 0.240625 0.721875 0.075625 0.120313
20 0.357812 0.721875 0.075625 0.120313
7 0.475000 0.721875 0.075625 0.120313
12 0.592187 0.721875 0.075625 0.120313
18 0.709375 0.721875 0.075625 0.120313
0 0.826562 0.721875 0.075625 0.120313