23 0.110156 0.214062 0.080781 0.127188
2 0.232031 0.214062 0.080781 0.127188
1 0.353906 0.214062 0.080781 0.127188
0 0.475781 0.214062 0.080781 0.127188
24 0.597656 0.214062 0.080781 0.127188
10 0.719531 0.214062 0.080781 0.127188
16 0.841406 0.214062 0.080781 0.127188
19 0.110156 0.385937 0.080781 0.127188
21 0.232031 0.385937 0.080781 0.127188
7 0.353906 0.385937 0.080781 0.127188
4 0.475781 0.385937 0.080781 0.127188
9 0.597656 0.385937 0.080781 0.127188
3 0.719531 0.385937 0.080781 0.127188
5 0.841406 0.385937 0.080781 0.127188
13 0.110156 0.557813 0.080781 0.127188
10 0.232031 0.557813 0.080781 0.127188
1 0.353906 0.557813 0.080781 0.127188
18 0.475781 0.557813 0.080781 0.127188
23 0.597656 0.557813 0.080781 0.127188
16 0.719531 0.557813 0.080781 0.127188
21 0.841406 0.557813 0.080781 0.127188
16 0.110156 0.729688 0.080781 0.127188
2 0.232031 0.729688 0.080781 0.127188
1 0.353906 0.729688 0.080781 0.127188
16 0.475781 0.729688 0.080781 0.127188
2 0.597656 0.729688 0.080781 0.127188
6 0.719531 0.729688 0.080781 0.127188
21 0.841406 0.729688 0.080781 0.127188