1 0.125781 0.220312 0.080781 0.127188
2 0.242969 0.220312 0.080781 0.127188
2 0.360156 0.220312 0.080781 0.127188
22 0.477344 0.220312 0.080781 0.127188
12 0.594531 0.220312 0.080781 0.127188
25 0.711719 0.220312 0.080781 0.127188
21 0.828906 0.220312 0.080781 0.127188
10 0.125781 0.389062 0.080781 0.127188
3 0.242969 0.389062 0.080781 0.127188
17 0.360156 0.389062 0.080781 0.127188
10 0.477344 0.389062 0.080781 0.127188
17 0.594531 0.389062 0.080781 0.127188
22 0.711719 0.389062 0.080781 0.127188
25 0.828906 0.389062 0.080781 0.127188
17 0.125781 0.557813 0.080781 0.127188
5 0.242969 0.557813 0.080781 0.127188
5 0.360156 0.557813 0.080781 0.127188
19 0.477344 0.557813 0.080781 0.127188
9 0.594531 0.557813 0.080781 0.127188
22 0.711719 0.557813 0.080781 0.127188
23 0.828906 0.557813 0.080781 0.127188
13 0.125781 0.726562 0.080781 0.127188
12 0.242969 0.726562 0.080781 0.127188
15 0.360156 0.726562 0.080781 0.127188
19 0.477344 0.726562 0.080781 0.127188
11 0.594531 0.726562 0.080781 0.127188
7 0.711719 0.726562 0.080781 0.127188
6 0.828906 0.726562 0.080781 0.127188