9 0.129688 0.203125 0.089375 0.137500
5 0.246875 0.203125 0.089375 0.137500
9 0.364063 0.203125 0.089375 0.137500
1 0.481250 0.203125 0.089375 0.137500
4 0.598437 0.203125 0.089375 0.137500
10 0.715625 0.203125 0.089375 0.137500
13 0.832812 0.203125 0.089375 0.137500
12 0.129688 0.382812 0.089375 0.137500
15 0.246875 0.382812 0.089375 0.137500
1 0.364063 0.382812 0.089375 0.137500
21 0.481250 0.382812 0.089375 0.137500
3 0.598437 0.382812 0.089375 0.137500
2 0.715625 0.382812 0.089375 0.137500
8 0.832812 0.382812 0.089375 0.137500
19 0.129688 0.562500 0.089375 0.137500
25 0.246875 0.562500 0.089375 0.137500
25 0.364063 0.562500 0.089375 0.137500
3 0.481250 0.562500 0.089375 0.137500
19 0.598437 0.562500 0.089375 0.137500
6 0.715625 0.562500 0.089375 0.137500
15 0.832812 0.562500 0.089375 0.137500
6 0.129688 0.742188 0.089375 0.137500
15 0.246875 0.742188 0.089375 0.137500
22 0.364063 0.742188 0.089375 0.137500
22 0.481250 0.742188 0.089375 0.137500
4 0.598437 0.742188 0.089375 0.137500
16 0.715625 0.742188 0.089375 0.137500
7 0.832812 0.742188 0.089375 0.137500