4 0.107813 0.129688 0.065312 0.103125
6 0.201563 0.129688 0.065312 0.103125
16 0.295312 0.129688 0.065312 0.103125
6 0.389062 0.129688 0.065312 0.103125
19 0.482812 0.129688 0.065312 0.103125
18 0.576562 0.129688 0.065312 0.103125
20 0.670312 0.129688 0.065312 0.103125
0 0.764062 0.129688 0.065312 0.103125
6 0.857812 0.129688 0.065312 0.103125
14 0.107813 0.268750 0.065312 0.103125
25 0.201563 0.268750 0.065312 0.103125
1 0.295312 0.268750 0.065312 0.103125
4 0.389062 0.268750 0.065312 0.103125
22 0.482812 0.268750 0.065312 0.103125
22 0.576562 0.268750 0.065312 0.103125
7 0.670312 0.268750 0.065312 0.103125
21 0.764062 0.268750 0.065312 0.103125
24 0.857812 0.268750 0.065312 0.103125
16 0.107813 0.407813 0.065312 0.103125
23 0.201563 0.407813 0.065312 0.103125
11 0.295312 0.407813 0.065312 0.103125
0 0.389062 0.407813 0.065312 0.103125
7 0.482812 0.407813 0.065312 0.103125
18 0.576562 0.407813 0.065312 0.103125
5 0.670312 0.407813 0.065312 0.103125
24 0.764062 0.407813 0.065312 0.103125
3 0.857812 0.407813 0.065312 0.103125
3 0.107813 0.546875 0.065312 0.103125
18 0.201563 0.546875 0.065312 0.103125
14 0.295312 0.546875 0.065312 0.103125
7 0.389062 0.546875 0.065312 0.103125
21 0.482812 0.546875 0.065312 0.103125
19 0.576562 0.546875 0.065312 0.103125
18 0.670312 0.546875 0.065312 0.103125
9 0.764062 0.546875 0.065312 0.103125
12 0.857812 0.546875 0.065312 0.103125
6 0.107813 0.685937 0.065312 0.103125
8 0.201563 0.685937 0.065312 0.103125
10 0.295312 0.685937 0.065312 0.103125
25 0.389062 0.685937 0.065312 0.103125
22 0.482812 0.685937 0.065312 0.103125
5 0.576562 0.685937 0.065312 0.103125
21 0.670312 0.685937 0.065312 0.103125
9 0.764062 0.685937 0.065312 0.103125
6 0.857812 0.685937 0.065312 0.103125
8 0.107813 0.825000 0.065312 0.103125
9 0.201563 0.825000 0.065312 0.103125
15 0.295312 0.825000 0.065312 0.103125
15 0.389062 0.825000 0.065312 0.103125
24 0.482812 0.825000 0.065312 0.103125
19 0.576562 0.825000 0.065312 0.103125
8 0.670312 0.825000 0.065312 0.103125
10 0.764062 0.825000 0.065312 0.103125
0 0.857812 0.825000 0.065312 0.103125