7 0.185938 0.245312 0.099687 0.158125
14 0.329688 0.245312 0.099687 0.158125
6 0.473438 0.245312 0.099687 0.158125
24 0.617188 0.245312 0.099687 0.158125
16 0.760938 0.245312 0.099687 0.158125
13 0.185938 0.462500 0.099687 0.158125
19 0.329688 0.462500 0.099687 0.158125
18 0.473438 0.462500 0.099687 0.158125
22 0.617188 0.462500 0.099687 0.158125
19 0.760938 0.462500 0.099687 0.158125
4 0.185938 0.679688 0.099687 0.158125
5 0.329688 0.679688 0.099687 0.158125
22 0.473438 0.679688 0.099687 0.158125
1 0.617188 0.679688 0.099687 0.158125
16 0.760938 0.679688 0.099687 0.158125