16 0.135937 0.234375 0.103125 0.165000
16 0.300000 0.234375 0.103125 0.165000
10 0.464062 0.234375 0.103125 0.165000
0 0.628125 0.234375 0.103125 0.165000
19 0.792188 0.234375 0.103125 0.165000
7 0.135937 0.460938 0.103125 0.165000
20 0.300000 0.460938 0.103125 0.165000
17 0.464062 0.460938 0.103125 0.165000
24 0.628125 0.460938 0.103125 0.165000
1 0.792188 0.460938 0.103125 0.165000
3 0.135937 0.687500 0.103125 0.165000
13 0.300000 0.687500 0.103125 0.165000
7 0.464062 0.687500 0.103125 0.165000
17 0.628125 0.687500 0.103125 0.165000
8 0.792188 0.687500 0.103125 0.165000