5 0.120313 0.259375 0.092812 0.147812
24 0.260937 0.259375 0.092812 0.147812
20 0.401562 0.259375 0.092812 0.147812
16 0.542188 0.259375 0.092812 0.147812
6 0.682813 0.259375 0.092812 0.147812
7 0.823438 0.259375 0.092812 0.147812
16 0.120313 0.464062 0.092812 0.147812
3 0.260937 0.464062 0.092812 0.147812
19 0.401562 0.464062 0.092812 0.147812
12 0.542188 0.464062 0.092812 0.147812
4 0.682813 0.464062 0.092812 0.147812
13 0.823438 0.464062 0.092812 0.147812
12 0.120313 0.668750 0.092812 0.147812
19 0.260937 0.668750 0.092812 0.147812
7 0.401562 0.668750 0.092812 0.147812
24 0.542188 0.668750 0.092812 0.147812
23 0.682813 0.668750 0.092812 0.147812
16 0.823438 0.668750 0.092812 0.147812