22 0.148438 0.209375 0.082500 0.130625
12 0.278125 0.209375 0.082500 0.130625
23 0.407813 0.209375 0.082500 0.130625
20 0.537500 0.209375 0.082500 0.130625
12 0.667188 0.209375 0.082500 0.130625
22 0.796875 0.209375 0.082500 0.130625
23 0.148438 0.384375 0.082500 0.130625
5 0.278125 0.384375 0.082500 0.130625
17 0.407813 0.384375 0.082500 0.130625
10 0.537500 0.384375 0.082500 0.130625
22 0.667188 0.384375 0.082500 0.130625
15 0.796875 0.384375 0.082500 0.130625
2 0.148438 0.559375 0.082500 0.130625
13 0.278125 0.559375 0.082500 0.130625
15 0.407813 0.559375 0.082500 0.130625
14 0.537500 0.559375 0.082500 0.130625
25 0.667188 0.559375 0.082500 0.130625
23 0.796875 0.559375 0.082500 0.130625
11 0.148438 0.734375 0.082500 0.130625
21 0.278125 0.734375 0.082500 0.130625
0 0.407813 0.734375 0.082500 0.130625
25 0.537500 0.734375 0.082500 0.130625
23 0.667188 0.734375 0.082500 0.130625
8 0.796875 0.734375 0.082500 0.130625