9 0.126562 0.223438 0.082500 0.127188
19 0.243750 0.223438 0.082500 0.127188
6 0.360938 0.223438 0.082500 0.127188
23 0.478125 0.223438 0.082500 0.127188
9 0.595313 0.223438 0.082500 0.127188
7 0.712500 0.223438 0.082500 0.127188
24 0.829688 0.223438 0.082500 0.127188
23 0.126562 0.390625 0.082500 0.127188
0 0.243750 0.390625 0.082500 0.127188
20 0.360938 0.390625 0.082500 0.127188
15 0.478125 0.390625 0.082500 0.127188
15 0.595313 0.390625 0.082500 0.127188
6 0.712500 0.390625 0.082500 0.127188
2 0.829688 0.390625 0.082500 0.127188
21 0.126562 0.557813 0.082500 0.127188
13 0.243750 0.557813 0.082500 0.127188
1 0.360938 0.557813 0.082500 0.127188
0 0.478125 0.557813 0.082500 0.127188
20 0.595313 0.557813 0.082500 0.127188
2 0.712500 0.557813 0.082500 0.127188
8 0.829688 0.557813 0.082500 0.127188
11 0.126562 0.725000 0.082500 0.127188
10 0.243750 0.725000 0.082500 0.127188
22 0.360938 0.725000 0.082500 0.127188
11 0.478125 0.725000 0.082500 0.127188
4 0.595313 0.725000 0.082500 0.127188
1 0.712500 0.725000 0.082500 0.127188
14 0.829688 0.725000 0.082500 0.127188