22 0.101562 0.171875 0.072188 0.113437
14 0.209375 0.171875 0.072188 0.113437
2 0.317188 0.171875 0.072188 0.113437
10 0.425000 0.171875 0.072188 0.113437
22 0.532813 0.171875 0.072188 0.113437
10 0.640625 0.171875 0.072188 0.113437
4 0.748437 0.171875 0.072188 0.113437
12 0.856250 0.171875 0.072188 0.113437
10 0.101562 0.323437 0.072188 0.113437
2 0.209375 0.323437 0.072188 0.113437
3 0.317188 0.323437 0.072188 0.113437
4 0.425000 0.323437 0.072188 0.113437
2 0.532813 0.323437 0.072188 0.113437
17 0.640625 0.323437 0.072188 0.113437
4 0.748437 0.323437 0.072188 0.113437
24 0.856250 0.323437 0.072188 0.113437
20 0.101562 0.475000 0.072188 0.113437
2 0.209375 0.475000 0.072188 0.113437
14 0.317188 0.475000 0.072188 0.113437
12 0.425000 0.475000 0.072188 0.113437
3 0.532813 0.475000 0.072188 0.113437
9 0.640625 0.475000 0.072188 0.113437
19 0.748437 0.475000 0.072188 0.113437
0 0.856250 0.475000 0.072188 0.113437
17 0.101562 0.626563 0.072188 0.113437
8 0.209375 0.626563 0.072188 0.113437
22 0.317188 0.626563 0.072188 0.113437
7 0.425000 0.626563 0.072188 0.113437
7 0.532813 0.626563 0.072188 0.113437
11 0.640625 0.626563 0.072188 0.113437
13 0.748437 0.626563 0.072188 0.113437
13 0.856250 0.626563 0.072188 0.113437
13 0.101562 0.778125 0.072188 0.113437
20 0.209375 0.778125 0.072188 0.113437
2 0.317188 0.778125 0.072188 0.113437
12 0.425000 0.778125 0.072188 0.113437
22 0.532813 0.778125 0.072188 0.113437
16 0.640625 0.778125 0.072188 0.113437
16 0.748437 0.778125 0.072188 0.113437
10 0.856250 0.778125 0.072188 0.113437