16 0.127344 0.148438 0.070469 0.113437
21 0.242969 0.148438 0.070469 0.113437
4 0.358594 0.148438 0.070469 0.113437
22 0.474219 0.148438 0.070469 0.113437
16 0.589844 0.148438 0.070469 0.113437
16 0.705469 0.148438 0.070469 0.113437
18 0.821094 0.148438 0.070469 0.113437
0 0.127344 0.309375 0.070469 0.113437
4 0.242969 0.309375 0.070469 0.113437
9 0.358594 0.309375 0.070469 0.113437
25 0.474219 0.309375 0.070469 0.113437
16 0.589844 0.309375 0.070469 0.113437
10 0.705469 0.309375 0.070469 0.113437
13 0.821094 0.309375 0.070469 0.113437
4 0.127344 0.470313 0.070469 0.113437
1 0.242969 0.470313 0.070469 0.113437
7 0.358594 0.470313 0.070469 0.113437
21 0.474219 0.470313 0.070469 0.113437
5 0.589844 0.470313 0.070469 0.113437
5 0.705469 0.470313 0.070469 0.113437
3 0.821094 0.470313 0.070469 0.113437
17 0.127344 0.631250 0.070469 0.113437
25 0.242969 0.631250 0.070469 0.113437
5 0.358594 0.631250 0.070469 0.113437
13 0.474219 0.631250 0.070469 0.113437
22 0.589844 0.631250 0.070469 0.113437
11 0.705469 0.631250 0.070469 0.113437
25 0.821094 0.631250 0.070469 0.113437
6 0.127344 0.792188 0.070469 0.113437
11 0.242969 0.792188 0.070469 0.113437
20 0.358594 0.792188 0.070469 0.113437
6 0.474219 0.792188 0.070469 0.113437
7 0.589844 0.792188 0.070469 0.113437
4 0.705469 0.792188 0.070469 0.113437
17 0.821094 0.792188 0.070469 0.113437