7 0.092188 0.221875 0.079063 0.123750
18 0.203125 0.221875 0.079063 0.123750
8 0.314063 0.221875 0.079063 0.123750
4 0.425000 0.221875 0.079063 0.123750
15 0.535937 0.221875 0.079063 0.123750
18 0.646875 0.221875 0.079063 0.123750
7 0.757812 0.221875 0.079063 0.123750
22 0.868750 0.221875 0.079063 0.123750
25 0.092188 0.389062 0.079063 0.123750
7 0.203125 0.389062 0.079063 0.123750
25 0.314063 0.389062 0.079063 0.123750
7 0.425000 0.389062 0.079063 0.123750
15 0.535937 0.389062 0.079063 0.123750
11 0.646875 0.389062 0.079063 0.123750
22 0.757812 0.389062 0.079063 0.123750
6 0.868750 0.389062 0.079063 0.123750
0 0.092188 0.556250 0.079063 0.123750
8 0.203125 0.556250 0.079063 0.123750
10 0.314063 0.556250 0.079063 0.123750
3 0.425000 0.556250 0.079063 0.123750
24 0.535937 0.556250 0.079063 0.123750
14 0.646875 0.556250 0.079063 0.123750
2 0.757812 0.556250 0.079063 0.123750
23 0.868750 0.556250 0.079063 0.123750
12 0.092188 0.723437 0.079063 0.123750
17 0.203125 0.723437 0.079063 0.123750
20 0.314063 0.723437 0.079063 0.123750
17 0.425000 0.723437 0.079063 0.123750
4 0.535937 0.723437 0.079063 0.123750
8 0.646875 0.723437 0.079063 0.123750
19 0.757812 0.723437 0.079063 0.123750
4 0.868750 0.723437 0.079063 0.123750