10 0.141406 0.196875 0.087656 0.137500
17 0.274219 0.196875 0.087656 0.137500
17 0.407031 0.196875 0.087656 0.137500
7 0.539844 0.196875 0.087656 0.137500
5 0.672656 0.196875 0.087656 0.137500
14 0.805469 0.196875 0.087656 0.137500
3 0.141406 0.379688 0.087656 0.137500
15 0.274219 0.379688 0.087656 0.137500
20 0.407031 0.379688 0.087656 0.137500
11 0.539844 0.379688 0.087656 0.137500
8 0.672656 0.379688 0.087656 0.137500
0 0.805469 0.379688 0.087656 0.137500
13 0.141406 0.562500 0.087656 0.137500
4 0.274219 0.562500 0.087656 0.137500
8 0.407031 0.562500 0.087656 0.137500
0 0.539844 0.562500 0.087656 0.137500
16 0.672656 0.562500 0.087656 0.137500
23 0.805469 0.562500 0.087656 0.137500
3 0.141406 0.745313 0.087656 0.137500
17 0.274219 0.745313 0.087656 0.137500
13 0.407031 0.745313 0.087656 0.137500
13 0.539844 0.745313 0.087656 0.137500
3 0.672656 0.745313 0.087656 0.137500
9 0.805469 0.745313 0.087656 0.137500