16 0.130469 0.189062 0.084219 0.134063
11 0.266406 0.189062 0.084219 0.134063
16 0.402344 0.189062 0.084219 0.134063
13 0.538281 0.189062 0.084219 0.134063
24 0.674219 0.189062 0.084219 0.134063
13 0.810156 0.189062 0.084219 0.134063
21 0.130469 0.375000 0.084219 0.134063
6 0.266406 0.375000 0.084219 0.134063
8 0.402344 0.375000 0.084219 0.134063
11 0.538281 0.375000 0.084219 0.134063
15 0.674219 0.375000 0.084219 0.134063
4 0.810156 0.375000 0.084219 0.134063
22 0.130469 0.560937 0.084219 0.134063
15 0.266406 0.560937 0.084219 0.134063
18 0.402344 0.560937 0.084219 0.134063
7 0.538281 0.560937 0.084219 0.134063
0 0.674219 0.560937 0.084219 0.134063
12 0.810156 0.560937 0.084219 0.134063
19 0.130469 0.746875 0.084219 0.134063
23 0.266406 0.746875 0.084219 0.134063
21 0.402344 0.746875 0.084219 0.134063
25 0.538281 0.746875 0.084219 0.134063
9 0.674219 0.746875 0.084219 0.134063
18 0.810156 0.746875 0.084219 0.134063