4 0.103125 0.182812 0.089375 0.140937
4 0.228125 0.182812 0.089375 0.140937
2 0.353125 0.182812 0.089375 0.140937
12 0.478125 0.182812 0.089375 0.140937
22 0.603125 0.182812 0.089375 0.140937
13 0.728125 0.182812 0.089375 0.140937
1 0.853125 0.182812 0.089375 0.140937
5 0.103125 0.373437 0.089375 0.140937
5 0.228125 0.373437 0.089375 0.140937
20 0.353125 0.373437 0.089375 0.140937
21 0.478125 0.373437 0.089375 0.140937
7 0.603125 0.373437 0.089375 0.140937
9 0.728125 0.373437 0.089375 0.140937
15 0.853125 0.373437 0.089375 0.140937
18 0.103125 0.564063 0.089375 0.140937
25 0.228125 0.564063 0.089375 0.140937
2 0.353125 0.564063 0.089375 0.140937
17 0.478125 0.564063 0.089375 0.140937
2 0.603125 0.564063 0.089375 0.140937
1 0.728125 0.564063 0.089375 0.140937
8 0.853125 0.564063 0.089375 0.140937
1 0.103125 0.754687 0.089375 0.140937
25 0.228125 0.754687 0.089375 0.140937
13 0.353125 0.754687 0.089375 0.140937
5 0.478125 0.754687 0.089375 0.140937
13 0.603125 0.754687 0.089375 0.140937
22 0.728125 0.754687 0.089375 0.140937
10 0.853125 0.754687 0.089375 0.140937