15 0.159375 0.234375 0.103125 0.165000
13 0.314063 0.234375 0.103125 0.165000
15 0.468750 0.234375 0.103125 0.165000
11 0.623437 0.234375 0.103125 0.165000
1 0.778125 0.234375 0.103125 0.165000
5 0.159375 0.460938 0.103125 0.165000
12 0.314063 0.460938 0.103125 0.165000
5 0.468750 0.460938 0.103125 0.165000
10 0.623437 0.460938 0.103125 0.165000
25 0.778125 0.460938 0.103125 0.165000
14 0.159375 0.687500 0.103125 0.165000
16 0.314063 0.687500 0.103125 0.165000
20 0.468750 0.687500 0.103125 0.165000
5 0.623437 0.687500 0.103125 0.165000
3 0.778125 0.687500 0.103125 0.165000