13 0.140625 0.140625 0.075625 0.120313
12 0.253125 0.140625 0.075625 0.120313
12 0.365625 0.140625 0.075625 0.120313
3 0.478125 0.140625 0.075625 0.120313
5 0.590625 0.140625 0.075625 0.120313
4 0.703125 0.140625 0.075625 0.120313
3 0.815625 0.140625 0.075625 0.120313
1 0.140625 0.306250 0.075625 0.120313
14 0.253125 0.306250 0.075625 0.120313
2 0.365625 0.306250 0.075625 0.120313
22 0.478125 0.306250 0.075625 0.120313
14 0.590625 0.306250 0.075625 0.120313
17 0.703125 0.306250 0.075625 0.120313
24 0.815625 0.306250 0.075625 0.120313
25 0.140625 0.471875 0.075625 0.120313
8 0.253125 0.471875 0.075625 0.120313
2 0.365625 0.471875 0.075625 0.120313
20 0.478125 0.471875 0.075625 0.120313
22 0.590625 0.471875 0.075625 0.120313
24 0.703125 0.471875 0.075625 0.120313
7 0.815625 0.471875 0.075625 0.120313
17 0.140625 0.637500 0.075625 0.120313
0 0.253125 0.637500 0.075625 0.120313
23 0.365625 0.637500 0.075625 0.120313
5 0.478125 0.637500 0.075625 0.120313
20 0.590625 0.637500 0.075625 0.120313
3 0.703125 0.637500 0.075625 0.120313
7 0.815625 0.637500 0.075625 0.120313
6 0.140625 0.803125 0.075625 0.120313
8 0.253125 0.803125 0.075625 0.120313
6 0.365625 0.803125 0.075625 0.120313
14 0.478125 0.803125 0.075625 0.120313
3 0.590625 0.803125 0.075625 0.120313
5 0.703125 0.803125 0.075625 0.120313
21 0.815625 0.803125 0.075625 0.120313