18 0.079687 0.104688 0.058437 0.092812
4 0.160938 0.104688 0.058437 0.092812
5 0.242188 0.104688 0.058437 0.092812
12 0.323437 0.104688 0.058437 0.092812
9 0.404687 0.104688 0.058437 0.092812
23 0.485938 0.104688 0.058437 0.092812
7 0.567187 0.104688 0.058437 0.092812
21 0.648438 0.104688 0.058437 0.092812
19 0.729688 0.104688 0.058437 0.092812
23 0.810937 0.104688 0.058437 0.092812
20 0.892188 0.104688 0.058437 0.092812
1 0.079687 0.229687 0.058437 0.092812
7 0.160938 0.229687 0.058437 0.092812
13 0.242188 0.229687 0.058437 0.092812
15 0.323437 0.229687 0.058437 0.092812
13 0.404687 0.229687 0.058437 0.092812
16 0.485938 0.229687 0.058437 0.092812
14 0.567187 0.229687 0.058437 0.092812
17 0.648438 0.229687 0.058437 0.092812
1 0.729688 0.229687 0.058437 0.092812
16 0.810937 0.229687 0.058437 0.092812
11 0.892188 0.229687 0.058437 0.092812
6 0.079687 0.354687 0.058437 0.092812
12 0.160938 0.354687 0.058437 0.092812
21 0.242188 0.354687 0.058437 0.092812
21 0.323437 0.354687 0.058437 0.092812
15 0.404687 0.354687 0.058437 0.092812
0 0.485938 0.354687 0.058437 0.092812
15 0.567187 0.354687 0.058437 0.092812
1 0.648438 0.354687 0.058437 0.092812
0 0.729688 0.354687 0.058437 0.092812
16 0.810937 0.354687 0.058437 0.092812
22 0.892188 0.354687 0.058437 0.092812
23 0.079687 0.479687 0.058437 0.092812
11 0.160938 0.479687 0.058437 0.092812
22 0.242188 0.479687 0.058437 0.092812
5 0.323437 0.479687 0.058437 0.092812
0 0.404687 0.479687 0.058437 0.092812
3 0.485938 0.479687 0.058437 0.092812
13 0.567187 0.479687 0.058437 0.092812
20 0.648438 0.479687 0.058437 0.092812
11 0.729688 0.479687 0.058437 0.092812
12 0.810937 0.479687 0.058437 0.092812
21 0.892188 0.479687 0.058437 0.092812
9 0.079687 0.604688 0.058437 0.092812
3 0.160938 0.604688 0.058437 0.092812
23 0.242188 0.604688 0.058437 0.092812
18 0.323437 0.604688 0.058437 0.092812
20 0.404687 0.604688 0.058437 0.092812
20 0.485938 0.604688 0.058437 0.092812
10 0.567187 0.604688 0.058437 0.092812
9 0.648438 0.604688 0.058437 0.092812
15 0.729688 0.604688 0.058437 0.092812
21 0.810937 0.604688 0.058437 0.092812
11 0.892188 0.604688 0.058437 0.092812
9 0.079687 0.729688 0.058437 0.092812
14 0.160938 0.729688 0.058437 0.092812
17 0.242188 0.729688 0.058437 0.092812
14 0.323437 0.729688 0.058437 0.092812
9 0.404687 0.729688 0.058437 0.092812
10 0.485938 0.729688 0.058437 0.092812
1 0.567187 0.729688 0.058437 0.092812
7 0.648438 0.729688 0.058437 0.092812
13 0.729688 0.729688 0.058437 0.092812
3 0.810937 0.729688 0.058437 0.092812
14 0.892188 0.729688 0.058437 0.092812
9 0.079687 0.854688 0.058437 0.092812
6 0.160938 0.854688 0.058437 0.092812
4 0.242188 0.854688 0.058437 0.092812
19 0.323437 0.854688 0.058437 0.092812
23 0.404687 0.854688 0.058437 0.092812
12 0.485938 0.854688 0.058437 0.092812
10 0.567187 0.854688 0.058437 0.092812
16 0.648438 0.854688 0.058437 0.092812
11 0.729688 0.854688 0.058437 0.092812
5 0.810937 0.854688 0.058437 0.092812
10 0.892188 0.854688 0.058437 0.092812