14 0.053906 0.062500 0.029219 0.044688
7 0.097656 0.062500 0.029219 0.044688
4 0.141406 0.062500 0.029219 0.044688
18 0.185156 0.062500 0.029219 0.044688
21 0.228906 0.062500 0.029219 0.044688
16 0.272656 0.062500 0.029219 0.044688
25 0.316406 0.062500 0.029219 0.044688
2 0.360156 0.062500 0.029219 0.044688
6 0.403906 0.062500 0.029219 0.044688
24 0.447656 0.062500 0.029219 0.044688
2 0.491406 0.062500 0.029219 0.044688
8 0.535156 0.062500 0.029219 0.044688
2 0.578906 0.062500 0.029219 0.044688
3 0.622656 0.062500 0.029219 0.044688
9 0.666406 0.062500 0.029219 0.044688
1 0.710156 0.062500 0.029219 0.044688
20 0.753906 0.062500 0.029219 0.044688
0 0.797656 0.062500 0.029219 0.044688
17 0.841406 0.062500 0.029219 0.044688
21 0.885156 0.062500 0.029219 0.044688
17 0.928906 0.062500 0.029219 0.044688
1 0.053906 0.123438 0.029219 0.044688
18 0.097656 0.123438 0.029219 0.044688
20 0.141406 0.123438 0.029219 0.044688
7 0.185156 0.123438 0.029219 0.044688
1 0.228906 0.123438 0.029219 0.044688
24 0.272656 0.123438 0.029219 0.044688
19 0.316406 0.123438 0.029219 0.044688
15 0.360156 0.123438 0.029219 0.044688
8 0.403906 0.123438 0.029219 0.044688
4 0.447656 0.123438 0.029219 0.044688
14 0.491406 0.123438 0.029219 0.044688
12 0.535156 0.123438 0.029219 0.044688
24 0.578906 0.123438 0.029219 0.044688
23 0.622656 0.123438 0.029219 0.044688
8 0.666406 0.123438 0.029219 0.044688
11 0.710156 0.123438 0.029219 0.044688
19 0.753906 0.123438 0.029219 0.044688
10 0.797656 0.123438 0.029219 0.044688
21 0.841406 0.123438 0.029219 0.044688
1 0.885156 0.123438 0.029219 0.044688
7 0.928906 0.123438 0.029219 0.044688
9 0.053906 0.184375 0.029219 0.044688
25 0.097656 0.184375 0.029219 0.044688
16 0.141406 0.184375 0.029219 0.044688
9 0.185156 0.184375 0.029219 0.044688
21 0.228906 0.184375 0.029219 0.044688
8 0.272656 0.184375 0.029219 0.044688
18 0.316406 0.184375 0.029219 0.044688
0 0.360156 0.184375 0.029219 0.044688
13 0.403906 0.184375 0.029219 0.044688
4 0.447656 0.184375 0.029219 0.044688
20 0.491406 0.184375 0.029219 0.044688
1 0.535156 0.184375 0.029219 0.044688
19 0.578906 0.184375 0.029219 0.044688
6 0.622656 0.184375 0.029219 0.044688
7 0.666406 0.184375 0.029219 0.044688
3 0.710156 0.184375 0.029219 0.044688
22 0.753906 0.184375 0.029219 0.044688
16 0.797656 0.184375 0.029219 0.044688
20 0.841406 0.184375 0.029219 0.044688
2 0.885156 0.184375 0.029219 0.044688
14 0.928906 0.184375 0.029219 0.044688
24 0.053906 0.245312 0.029219 0.044688
12 0.097656 0.245312 0.029219 0.044688
19 0.141406 0.245312 0.029219 0.044688
17 0.185156 0.245312 0.029219 0.044688
1 0.228906 0.245312 0.029219 0.044688
17 0.272656 0.245312 0.029219 0.044688
1 0.316406 0.245312 0.029219 0.044688
21 0.360156 0.245312 0.029219 0.044688
13 0.403906 0.245312 0.029219 0.044688
12 0.447656 0.245312 0.029219 0.044688
12 0.491406 0.245312 0.029219 0.044688
16 0.535156 0.245312 0.029219 0.044688
4 0.578906 0.245312 0.029219 0.044688
22 0.622656 0.245312 0.029219 0.044688
1 0.666406 0.245312 0.029219 0.044688
15 0.710156 0.245312 0.029219 0.044688
11 0.753906 0.245312 0.029219 0.044688
10 0.797656 0.245312 0.029219 0.044688
3 0.841406 0.245312 0.029219 0.044688
21 0.885156 0.245312 0.029219 0.044688
15 0.928906 0.245312 0.029219 0.044688
18 0.053906 0.306250 0.029219 0.044688
1 0.097656 0.306250 0.029219 0.044688
22 0.141406 0.306250 0.029219 0.044688
19 0.185156 0.306250 0.029219 0.044688
18 0.228906 0.306250 0.029219 0.044688
20 0.272656 0.306250 0.029219 0.044688
0 0.316406 0.306250 0.029219 0.044688
8 0.360156 0.306250 0.029219 0.044688
25 0.403906 0.306250 0.029219 0.044688
1 0.447656 0.306250 0.029219 0.044688
6 0.491406 0.306250 0.029219 0.044688
16 0.535156 0.306250 0.029219 0.044688
23 0.578906 0.306250 0.029219 0.044688
18 0.622656 0.306250 0.029219 0.044688
25 0.666406 0.306250 0.029219 0.044688
11 0.710156 0.306250 0.029219 0.044688
7 0.753906 0.306250 0.029219 0.044688
17 0.797656 0.306250 0.029219 0.044688
24 0.841406 0.306250 0.029219 0.044688
22 0.885156 0.306250 0.029219 0.044688
21 0.928906 0.306250 0.029219 0.044688
0 0.053906 0.367188 0.029219 0.044688
23 0.097656 0.367188 0.029219 0.044688
13 0.141406 0.367188 0.029219 0.044688
0 0.185156 0.367188 0.029219 0.044688
19 0.228906 0.367188 0.029219 0.044688
23 0.272656 0.367188 0.029219 0.044688
14 0.316406 0.367188 0.029219 0.044688
7 0.360156 0.367188 0.029219 0.044688
9 0.403906 0.367188 0.029219 0.044688
13 0.447656 0.367188 0.029219 0.044688
16 0.491406 0.367188 0.029219 0.044688
2 0.535156 0.367188 0.029219 0.044688
7 0.578906 0.367188 0.029219 0.044688
21 0.622656 0.367188 0.029219 0.044688
16 0.666406 0.367188 0.029219 0.044688
22 0.710156 0.367188 0.029219 0.044688
21 0.753906 0.367188 0.029219 0.044688
5 0.797656 0.367188 0.029219 0.044688
11 0.841406 0.367188 0.029219 0.044688
21 0.885156 0.367188 0.029219 0.044688
10 0.928906 0.367188 0.029219 0.044688
16 0.053906 0.428125 0.029219 0.044688
6 0.097656 0.428125 0.029219 0.044688
25 0.141406 0.428125 0.029219 0.044688
1 0.185156 0.428125 0.029219 0.044688
7 0.228906 0.428125 0.029219 0.044688
6 0.272656 0.428125 0.029219 0.044688
9 0.316406 0.428125 0.029219 0.044688
11 0.360156 0.428125 0.029219 0.044688
13 0.403906 0.428125 0.029219 0.044688
3 0.447656 0.428125 0.029219 0.044688
15 0.491406 0.428125 0.029219 0.044688
23 0.535156 0.428125 0.029219 0.044688
15 0.578906 0.428125 0.029219 0.044688
15 0.622656 0.428125 0.029219 0.044688
22 0.666406 0.428125 0.029219 0.044688
16 0.710156 0.428125 0.029219 0.044688
16 0.753906 0.428125 0.029219 0.044688
23 0.797656 0.428125 0.029219 0.044688
18 0.841406 0.428125 0.029219 0.044688
19 0.885156 0.428125 0.029219 0.044688
7 0.928906 0.428125 0.029219 0.044688
5 0.053906 0.489063 0.029219 0.044688
21 0.097656 0.489063 0.029219 0.044688
13 0.141406 0.489063 0.029219 0.044688
22 0.185156 0.489063 0.029219 0.044688
5 0.228906 0.489063 0.029219 0.044688
6 0.272656 0.489063 0.029219 0.044688
14 0.316406 0.489063 0.029219 0.044688
17 0.360156 0.489063 0.029219 0.044688
7 0.403906 0.489063 0.029219 0.044688
17 0.447656 0.489063 0.029219 0.044688
5 0.491406 0.489063 0.029219 0.044688
9 0.535156 0.489063 0.029219 0.044688
25 0.578906 0.489063 0.029219 0.044688
21 0.622656 0.489063 0.029219 0.044688
25 0.666406 0.489063 0.029219 0.044688
0 0.710156 0.489063 0.029219 0.044688
1 0.753906 0.489063 0.029219 0.044688
25 0.797656 0.489063 0.029219 0.044688
8 0.841406 0.489063 0.029219 0.044688
24 0.885156 0.489063 0.029219 0.044688
15 0.928906 0.489063 0.029219 0.044688
4 0.053906 0.550000 0.029219 0.044688
10 0.097656 0.550000 0.029219 0.044688
10 0.141406 0.550000 0.029219 0.044688
8 0.185156 0.550000 0.029219 0.044688
6 0.228906 0.550000 0.029219 0.044688
0 0.272656 0.550000 0.029219 0.044688
16 0.316406 0.550000 0.029219 0.044688
12 0.360156 0.550000 0.029219 0.044688
10 0.403906 0.550000 0.029219 0.044688
6 0.447656 0.550000 0.029219 0.044688
9 0.491406 0.550000 0.029219 0.044688
8 0.535156 0.550000 0.029219 0.044688
22 0.578906 0.550000 0.029219 0.044688
14 0.622656 0.550000 0.029219 0.044688
25 0.666406 0.550000 0.029219 0.044688
3 0.710156 0.550000 0.029219 0.044688
2 0.753906 0.550000 0.029219 0.044688
16 0.797656 0.550000 0.029219 0.044688
23 0.841406 0.550000 0.029219 0.044688
15 0.885156 0.550000 0.029219 0.044688
22 0.928906 0.550000 0.029219 0.044688
6 0.053906 0.610938 0.029219 0.044688
16 0.097656 0.610938 0.029219 0.044688
11 0.141406 0.610938 0.029219 0.044688
16 0.185156 0.610938 0.029219 0.044688
22 0.228906 0.610938 0.029219 0.044688
6 0.272656 0.610938 0.029219 0.044688
4 0.316406 0.610938 0.029219 0.044688
7 0.360156 0.610938 0.029219 0.044688
0 0.403906 0.610938 0.029219 0.044688
2 0.447656 0.610938 0.029219 0.044688
23 0.491406 0.610938 0.029219 0.044688
20 0.535156 0.610938 0.029219 0.044688
25 0.578906 0.610938 0.029219 0.044688
10 0.622656 0.610938 0.029219 0.044688
16 0.666406 0.610938 0.029219 0.044688
24 0.710156 0.610938 0.029219 0.044688
8 0.753906 0.610938 0.029219 0.044688
19 0.797656 0.610938 0.029219 0.044688
6 0.841406 0.610938 0.029219 0.044688
1 0.885156 0.610938 0.029219 0.044688
9 0.928906 0.610938 0.029219 0.044688
11 0.053906 0.671875 0.029219 0.044688
1 0.097656 0.671875 0.029219 0.044688
15 0.141406 0.671875 0.029219 0.044688
9 0.185156 0.671875 0.029219 0.044688
23 0.228906 0.671875 0.029219 0.044688
3 0.272656 0.671875 0.029219 0.044688
7 0.316406 0.671875 0.029219 0.044688
17 0.360156 0.671875 0.029219 0.044688
2 0.403906 0.671875 0.029219 0.044688
0 0.447656 0.671875 0.029219 0.044688
8 0.491406 0.671875 0.029219 0.044688
2 0.535156 0.671875 0.029219 0.044688
22 0.578906 0.671875 0.029219 0.044688
4 0.622656 0.671875 0.029219 0.044688
17 0.666406 0.671875 0.029219 0.044688
3 0.710156 0.671875 0.029219 0.044688
0 0.753906 0.671875 0.029219 0.044688
25 0.797656 0.671875 0.029219 0.044688
7 0.841406 0.671875 0.029219 0.044688
0 0.885156 0.671875 0.029219 0.044688
8 0.928906 0.671875 0.029219 0.044688
15 0.053906 0.732812 0.029219 0.044688
22 0.097656 0.732812 0.029219 0.044688
12 0.141406 0.732812 0.029219 0.044688
5 0.185156 0.732812 0.029219 0.044688
9 0.228906 0.732812 0.029219 0.044688
6 0.272656 0.732812 0.029219 0.044688
4 0.316406 0.732812 0.029219 0.044688
13 0.360156 0.732812 0.029219 0.044688
2 0.403906 0.732812 0.029219 0.044688
22 0.447656 0.732812 0.029219 0.044688
3 0.491406 0.732812 0.029219 0.044688
14 0.535156 0.732812 0.029219 0.044688
4 0.578906 0.732812 0.029219 0.044688
14 0.622656 0.732812 0.029219 0.044688
8 0.666406 0.732812 0.029219 0.044688
5 0.710156 0.732812 0.029219 0.044688
25 0.753906 0.732812 0.029219 0.044688
23 0.797656 0.732812 0.029219 0.044688
4 0.841406 0.732812 0.029219 0.044688
19 0.885156 0.732812 0.029219 0.044688
5 0.928906 0.732812 0.029219 0.044688
0 0.053906 0.793750 0.029219 0.044688
8 0.097656 0.793750 0.029219 0.044688
20 0.141406 0.793750 0.029219 0.044688
16 0.185156 0.793750 0.029219 0.044688
12 0.228906 0.793750 0.029219 0.044688
16 0.272656 0.793750 0.029219 0.044688
3 0.316406 0.793750 0.029219 0.044688
13 0.360156 0.793750 0.029219 0.044688
14 0.403906 0.793750 0.029219 0.044688
22 0.447656 0.793750 0.029219 0.044688
15 0.491406 0.793750 0.029219 0.044688
23 0.535156 0.793750 0.029219 0.044688
0 0.578906 0.793750 0.029219 0.044688
14 0.622656 0.793750 0.029219 0.044688
7 0.666406 0.793750 0.029219 0.044688
13 0.710156 0.793750 0.029219 0.044688
13 0.753906 0.793750 0.029219 0.044688
5 0.797656 0.793750 0.029219 0.044688
16 0.841406 0.793750 0.029219 0.044688
18 0.885156 0.793750 0.029219 0.044688
0 0.928906 0.793750 0.029219 0.044688
8 0.053906 0.854688 0.029219 0.044688
0 0.097656 0.854688 0.029219 0.044688
3 0.141406 0.854688 0.029219 0.044688
6 0.185156 0.854688 0.029219 0.044688
7 0.228906 0.854688 0.029219 0.044688
16 0.272656 0.854688 0.029219 0.044688
12 0.316406 0.854688 0.029219 0.044688
13 0.360156 0.854688 0.029219 0.044688
25 0.403906 0.854688 0.029219 0.044688
22 0.447656 0.854688 0.029219 0.044688
20 0.491406 0.854688 0.029219 0.044688
19 0.535156 0.854688 0.029219 0.044688
2 0.578906 0.854688 0.029219 0.044688
21 0.622656 0.854688 0.029219 0.044688
15 0.666406 0.854688 0.029219 0.044688
23 0.710156 0.854688 0.029219 0.044688
12 0.753906 0.854688 0.029219 0.044688
12 0.797656 0.854688 0.029219 0.044688
18 0.841406 0.854688 0.029219 0.044688
17 0.885156 0.854688 0.029219 0.044688
1 0.928906 0.854688 0.029219 0.044688
7 0.053906 0.915625 0.029219 0.044688
23 0.097656 0.915625 0.029219 0.044688
13 0.141406 0.915625 0.029219 0.044688
14 0.185156 0.915625 0.029219 0.044688
20 0.228906 0.915625 0.029219 0.044688
15 0.272656 0.915625 0.029219 0.044688
6 0.316406 0.915625 0.029219 0.044688
0 0.360156 0.915625 0.029219 0.044688
5 0.403906 0.915625 0.029219 0.044688
7 0.447656 0.915625 0.029219 0.044688
15 0.491406 0.915625 0.029219 0.044688
2 0.535156 0.915625 0.029219 0.044688
4 0.578906 0.915625 0.029219 0.044688
15 0.622656 0.915625 0.029219 0.044688
2 0.666406 0.915625 0.029219 0.044688
15 0.710156 0.915625 0.029219 0.044688
24 0.753906 0.915625 0.029219 0.044688
1 0.797656 0.915625 0.029219 0.044688
19 0.841406 0.915625 0.029219 0.044688
17 0.885156 0.915625 0.029219 0.044688
23 0.928906 0.915625 0.029219 0.044688