10 0.161719 0.178125 0.091094 0.144375
14 0.288281 0.178125 0.091094 0.144375
19 0.414844 0.178125 0.091094 0.144375
23 0.541406 0.178125 0.091094 0.144375
15 0.667969 0.178125 0.091094 0.144375
25 0.794531 0.178125 0.091094 0.144375
12 0.161719 0.371875 0.091094 0.144375
23 0.288281 0.371875 0.091094 0.144375
0 0.414844 0.371875 0.091094 0.144375
16 0.541406 0.371875 0.091094 0.144375
21 0.667969 0.371875 0.091094 0.144375
24 0.794531 0.371875 0.091094 0.144375
21 0.161719 0.565625 0.091094 0.144375
22 0.288281 0.565625 0.091094 0.144375
21 0.414844 0.565625 0.091094 0.144375
13 0.541406 0.565625 0.091094 0.144375
24 0.667969 0.565625 0.091094 0.144375
18 0.794531 0.565625 0.091094 0.144375
19 0.161719 0.759375 0.091094 0.144375
3 0.288281 0.759375 0.091094 0.144375
21 0.414844 0.759375 0.091094 0.144375
5 0.541406 0.759375 0.091094 0.144375
19 0.667969 0.759375 0.091094 0.144375
25 0.794531 0.759375 0.091094 0.144375