22 0.123438 0.220312 0.075625 0.120313
25 0.240625 0.220312 0.075625 0.120313
8 0.357812 0.220312 0.075625 0.120313
18 0.475000 0.220312 0.075625 0.120313
10 0.592187 0.220312 0.075625 0.120313
6 0.709375 0.220312 0.075625 0.120313
7 0.826562 0.220312 0.075625 0.120313
0 0.123438 0.387500 0.075625 0.120313
22 0.240625 0.387500 0.075625 0.120313
11 0.357812 0.387500 0.075625 0.120313
4 0.475000 0.387500 0.075625 0.120313
18 0.592187 0.387500 0.075625 0.120313
22 0.709375 0.387500 0.075625 0.120313
3 0.826562 0.387500 0.075625 0.120313
19 0.123438 0.554688 0.075625 0.120313
18 0.240625 0.554688 0.075625 0.120313
11 0.357812 0.554688 0.075625 0.120313
3 0.475000 0.554688 0.075625 0.120313
9 0.592187 0.554688 0.075625 0.120313
19 0.709375 0.554688 0.075625 0.120313
2 0.826562 0.554688 0.075625 0.120313
17 0.123438 0.721875 0.075625 0.120313
17 0.240625 0.721875 0.075625 0.120313
13 0.357812 0.721875 0.075625 0.120313
13 0.475000 0.721875 0.075625 0.120313
17 0.592187 0.721875 0.075625 0.120313
19 0.709375 0.721875 0.075625 0.120313
15 0.826562 0.721875 0.075625 0.120313