24 0.164844 0.242188 0.104844 0.165000
2 0.317969 0.242188 0.104844 0.165000
13 0.471094 0.242188 0.104844 0.165000
22 0.624219 0.242188 0.104844 0.165000
0 0.777344 0.242188 0.104844 0.165000
24 0.164844 0.464062 0.104844 0.165000
21 0.317969 0.464062 0.104844 0.165000
25 0.471094 0.464062 0.104844 0.165000
9 0.624219 0.464062 0.104844 0.165000
4 0.777344 0.464062 0.104844 0.165000
8 0.164844 0.685937 0.104844 0.165000
5 0.317969 0.685937 0.104844 0.165000
6 0.471094 0.685937 0.104844 0.165000
3 0.624219 0.685937 0.104844 0.165000
12 0.777344 0.685937 0.104844 0.165000