20 0.112500 0.210938 0.085938 0.134063
16 0.234375 0.210938 0.085938 0.134063
3 0.356250 0.210938 0.085938 0.134063
3 0.478125 0.210938 0.085938 0.134063
11 0.600000 0.210938 0.085938 0.134063
5 0.721875 0.210938 0.085938 0.134063
9 0.843750 0.210938 0.085938 0.134063
8 0.112500 0.385937 0.085938 0.134063
11 0.234375 0.385937 0.085938 0.134063
14 0.356250 0.385937 0.085938 0.134063
14 0.478125 0.385937 0.085938 0.134063
7 0.600000 0.385937 0.085938 0.134063
24 0.721875 0.385937 0.085938 0.134063
12 0.843750 0.385937 0.085938 0.134063
16 0.112500 0.560937 0.085938 0.134063
18 0.234375 0.560937 0.085938 0.134063
15 0.356250 0.560937 0.085938 0.134063
22 0.478125 0.560937 0.085938 0.134063
9 0.600000 0.560937 0.085938 0.134063
10 0.721875 0.560937 0.085938 0.134063
23 0.843750 0.560937 0.085938 0.134063
15 0.112500 0.735938 0.085938 0.134063
25 0.234375 0.735938 0.085938 0.134063
5 0.356250 0.735938 0.085938 0.134063
3 0.478125 0.735938 0.085938 0.134063
25 0.600000 0.735938 0.085938 0.134063
15 0.721875 0.735938 0.085938 0.134063
12 0.843750 0.735938 0.085938 0.134063