4 0.100781 0.192188 0.084219 0.134063
23 0.225781 0.192188 0.084219 0.134063
1 0.350781 0.192188 0.084219 0.134063
4 0.475781 0.192188 0.084219 0.134063
4 0.600781 0.192188 0.084219 0.134063
8 0.725781 0.192188 0.084219 0.134063
3 0.850781 0.192188 0.084219 0.134063
12 0.100781 0.376563 0.084219 0.134063
2 0.225781 0.376563 0.084219 0.134063
19 0.350781 0.376563 0.084219 0.134063
15 0.475781 0.376563 0.084219 0.134063
24 0.600781 0.376563 0.084219 0.134063
8 0.725781 0.376563 0.084219 0.134063
10 0.850781 0.376563 0.084219 0.134063
22 0.100781 0.560937 0.084219 0.134063
20 0.225781 0.560937 0.084219 0.134063
11 0.350781 0.560937 0.084219 0.134063
7 0.475781 0.560937 0.084219 0.134063
20 0.600781 0.560937 0.084219 0.134063
18 0.725781 0.560937 0.084219 0.134063
5 0.850781 0.560937 0.084219 0.134063
19 0.100781 0.745313 0.084219 0.134063
0 0.225781 0.745313 0.084219 0.134063
5 0.350781 0.745313 0.084219 0.134063
5 0.475781 0.745313 0.084219 0.134063
9 0.600781 0.745313 0.084219 0.134063
12 0.725781 0.745313 0.084219 0.134063
7 0.850781 0.745313 0.084219 0.134063