3 0.145313 0.214062 0.106563 0.171875
18 0.306250 0.214062 0.106563 0.171875
2 0.467187 0.214062 0.106563 0.171875
11 0.628125 0.214062 0.106563 0.171875
3 0.789062 0.214062 0.106563 0.171875
2 0.145313 0.456250 0.106563 0.171875
16 0.306250 0.456250 0.106563 0.171875
13 0.467187 0.456250 0.106563 0.171875
16 0.628125 0.456250 0.106563 0.171875
21 0.789062 0.456250 0.106563 0.171875
22 0.145313 0.698438 0.106563 0.171875
23 0.306250 0.698438 0.106563 0.171875
8 0.467187 0.698438 0.106563 0.171875
1 0.628125 0.698438 0.106563 0.171875
16 0.789062 0.698438 0.106563 0.171875