10 0.123438 0.260937 0.089375 0.144375
9 0.262500 0.260937 0.089375 0.144375
10 0.401562 0.260937 0.089375 0.144375
17 0.540625 0.260937 0.089375 0.144375
16 0.679688 0.260937 0.089375 0.144375
25 0.818750 0.260937 0.089375 0.144375
19 0.123438 0.464062 0.089375 0.144375
4 0.262500 0.464062 0.089375 0.144375
21 0.401562 0.464062 0.089375 0.144375
24 0.540625 0.464062 0.089375 0.144375
11 0.679688 0.464062 0.089375 0.144375
24 0.818750 0.464062 0.089375 0.144375
15 0.123438 0.667188 0.089375 0.144375
17 0.262500 0.667188 0.089375 0.144375
0 0.401562 0.667188 0.089375 0.144375
9 0.540625 0.667188 0.089375 0.144375
5 0.679688 0.667188 0.089375 0.144375
8 0.818750 0.667188 0.089375 0.144375