2 0.152344 0.207813 0.111719 0.178750
7 0.311719 0.207813 0.111719 0.178750
13 0.471094 0.207813 0.111719 0.178750
16 0.630469 0.207813 0.111719 0.178750
5 0.789844 0.207813 0.111719 0.178750
10 0.152344 0.456250 0.111719 0.178750
22 0.311719 0.456250 0.111719 0.178750
17 0.471094 0.456250 0.111719 0.178750
8 0.630469 0.456250 0.111719 0.178750
2 0.789844 0.456250 0.111719 0.178750
4 0.152344 0.704688 0.111719 0.178750
3 0.311719 0.704688 0.111719 0.178750
25 0.471094 0.704688 0.111719 0.178750
2 0.630469 0.704688 0.111719 0.178750
20 0.789844 0.704688 0.111719 0.178750