12 0.125781 0.193750 0.080781 0.130625
19 0.242969 0.193750 0.080781 0.130625
10 0.360156 0.193750 0.080781 0.130625
20 0.477344 0.193750 0.080781 0.130625
6 0.594531 0.193750 0.080781 0.130625
13 0.711719 0.193750 0.080781 0.130625
15 0.828906 0.193750 0.080781 0.130625
17 0.125781 0.376563 0.080781 0.130625
12 0.242969 0.376563 0.080781 0.130625
25 0.360156 0.376563 0.080781 0.130625
0 0.477344 0.376563 0.080781 0.130625
25 0.594531 0.376563 0.080781 0.130625
19 0.711719 0.376563 0.080781 0.130625
23 0.828906 0.376563 0.080781 0.130625
9 0.125781 0.559375 0.080781 0.130625
16 0.242969 0.559375 0.080781 0.130625
9 0.360156 0.559375 0.080781 0.130625
17 0.477344 0.559375 0.080781 0.130625
4 0.594531 0.559375 0.080781 0.130625
24 0.711719 0.559375 0.080781 0.130625
8 0.828906 0.559375 0.080781 0.130625
19 0.125781 0.742188 0.080781 0.130625
21 0.242969 0.742188 0.080781 0.130625
2 0.360156 0.742188 0.080781 0.130625
0 0.477344 0.742188 0.080781 0.130625
13 0.594531 0.742188 0.080781 0.130625
15 0.711719 0.742188 0.080781 0.130625
5 0.828906 0.742188 0.080781 0.130625