0 0.113281 0.223438 0.087656 0.134063
9 0.235156 0.223438 0.087656 0.134063
8 0.357031 0.223438 0.087656 0.134063
17 0.478906 0.223438 0.087656 0.134063
22 0.600781 0.223438 0.087656 0.134063
20 0.722656 0.223438 0.087656 0.134063
17 0.844531 0.223438 0.087656 0.134063
6 0.113281 0.392188 0.087656 0.134063
10 0.235156 0.392188 0.087656 0.134063
19 0.357031 0.392188 0.087656 0.134063
16 0.478906 0.392188 0.087656 0.134063
18 0.600781 0.392188 0.087656 0.134063
12 0.722656 0.392188 0.087656 0.134063
19 0.844531 0.392188 0.087656 0.134063
12 0.113281 0.560937 0.087656 0.134063
1 0.235156 0.560937 0.087656 0.134063
24 0.357031 0.560937 0.087656 0.134063
16 0.478906 0.560937 0.087656 0.134063
1 0.600781 0.560937 0.087656 0.134063
5 0.722656 0.560937 0.087656 0.134063
24 0.844531 0.560937 0.087656 0.134063
4 0.113281 0.729688 0.087656 0.134063
0 0.235156 0.729688 0.087656 0.134063
5 0.357031 0.729688 0.087656 0.134063
14 0.478906 0.729688 0.087656 0.134063
0 0.600781 0.729688 0.087656 0.134063
22 0.722656 0.729688 0.087656 0.134063
11 0.844531 0.729688 0.087656 0.134063