3 0.142969 0.262500 0.101406 0.158125
1 0.277344 0.262500 0.101406 0.158125
21 0.411719 0.262500 0.101406 0.158125
12 0.546094 0.262500 0.101406 0.158125
4 0.680469 0.262500 0.101406 0.158125
23 0.814844 0.262500 0.101406 0.158125
6 0.142969 0.468750 0.101406 0.158125
20 0.277344 0.468750 0.101406 0.158125
20 0.411719 0.468750 0.101406 0.158125
13 0.546094 0.468750 0.101406 0.158125
23 0.680469 0.468750 0.101406 0.158125
15 0.814844 0.468750 0.101406 0.158125
10 0.142969 0.675000 0.101406 0.158125
19 0.277344 0.675000 0.101406 0.158125
20 0.411719 0.675000 0.101406 0.158125
3 0.546094 0.675000 0.101406 0.158125
6 0.680469 0.675000 0.101406 0.158125
9 0.814844 0.675000 0.101406 0.158125