2 0.159375 0.246875 0.103125 0.161562
2 0.314063 0.246875 0.103125 0.161562
0 0.468750 0.246875 0.103125 0.161562
22 0.623437 0.246875 0.103125 0.161562
22 0.778125 0.246875 0.103125 0.161562
2 0.159375 0.464062 0.103125 0.161562
8 0.314063 0.464062 0.103125 0.161562
20 0.468750 0.464062 0.103125 0.161562
25 0.623437 0.464062 0.103125 0.161562
13 0.778125 0.464062 0.103125 0.161562
21 0.159375 0.681250 0.103125 0.161562
24 0.314063 0.681250 0.103125 0.161562
5 0.468750 0.681250 0.103125 0.161562
16 0.623437 0.681250 0.103125 0.161562
11 0.778125 0.681250 0.103125 0.161562