5 0.121875 0.251563 0.106563 0.165000
23 0.264062 0.251563 0.106563 0.165000
16 0.406250 0.251563 0.106563 0.165000
15 0.548438 0.251563 0.106563 0.165000
9 0.690625 0.251563 0.106563 0.165000
12 0.832812 0.251563 0.106563 0.165000
2 0.121875 0.467187 0.106563 0.165000
8 0.264062 0.467187 0.106563 0.165000
9 0.406250 0.467187 0.106563 0.165000
15 0.548438 0.467187 0.106563 0.165000
12 0.690625 0.467187 0.106563 0.165000
6 0.832812 0.467187 0.106563 0.165000
14 0.121875 0.682813 0.106563 0.165000
19 0.264062 0.682813 0.106563 0.165000
2 0.406250 0.682813 0.106563 0.165000
2 0.548438 0.682813 0.106563 0.165000
3 0.690625 0.682813 0.106563 0.165000
23 0.832812 0.682813 0.106563 0.165000