24 0.177344 0.260937 0.097969 0.154688
18 0.324219 0.260937 0.097969 0.154688
5 0.471094 0.260937 0.097969 0.154688
8 0.617969 0.260937 0.097969 0.154688
6 0.764844 0.260937 0.097969 0.154688
6 0.177344 0.467187 0.097969 0.154688
13 0.324219 0.467187 0.097969 0.154688
18 0.471094 0.467187 0.097969 0.154688
19 0.617969 0.467187 0.097969 0.154688
7 0.764844 0.467187 0.097969 0.154688
17 0.177344 0.673438 0.097969 0.154688
6 0.324219 0.673438 0.097969 0.154688
14 0.471094 0.673438 0.097969 0.154688
14 0.617969 0.673438 0.097969 0.154688
6 0.764844 0.673438 0.097969 0.154688