5 0.123438 0.250000 0.099687 0.158125
10 0.264062 0.250000 0.099687 0.158125
15 0.404687 0.250000 0.099687 0.158125
24 0.545312 0.250000 0.099687 0.158125
23 0.685937 0.250000 0.099687 0.158125
13 0.826562 0.250000 0.099687 0.158125
8 0.123438 0.464062 0.099687 0.158125
7 0.264062 0.464062 0.099687 0.158125
23 0.404687 0.464062 0.099687 0.158125
21 0.545312 0.464062 0.099687 0.158125
8 0.685937 0.464062 0.099687 0.158125
24 0.826562 0.464062 0.099687 0.158125
17 0.123438 0.678125 0.099687 0.158125
7 0.264062 0.678125 0.099687 0.158125
12 0.404687 0.678125 0.099687 0.158125
18 0.545312 0.678125 0.099687 0.158125
2 0.685937 0.678125 0.099687 0.158125
12 0.826562 0.678125 0.099687 0.158125