21 0.135156 0.200000 0.087656 0.137500
11 0.250781 0.200000 0.087656 0.137500
22 0.366406 0.200000 0.087656 0.137500
15 0.482031 0.200000 0.087656 0.137500
10 0.597656 0.200000 0.087656 0.137500
14 0.713281 0.200000 0.087656 0.137500
0 0.828906 0.200000 0.087656 0.137500
13 0.135156 0.381250 0.087656 0.137500
11 0.250781 0.381250 0.087656 0.137500
17 0.366406 0.381250 0.087656 0.137500
20 0.482031 0.381250 0.087656 0.137500
19 0.597656 0.381250 0.087656 0.137500
21 0.713281 0.381250 0.087656 0.137500
7 0.828906 0.381250 0.087656 0.137500
20 0.135156 0.562500 0.087656 0.137500
15 0.250781 0.562500 0.087656 0.137500
15 0.366406 0.562500 0.087656 0.137500
13 0.482031 0.562500 0.087656 0.137500
19 0.597656 0.562500 0.087656 0.137500
2 0.713281 0.562500 0.087656 0.137500
10 0.828906 0.562500 0.087656 0.137500
21 0.135156 0.743750 0.087656 0.137500
23 0.250781 0.743750 0.087656 0.137500
22 0.366406 0.743750 0.087656 0.137500
4 0.482031 0.743750 0.087656 0.137500
22 0.597656 0.743750 0.087656 0.137500
14 0.713281 0.743750 0.087656 0.137500
15 0.828906 0.743750 0.087656 0.137500