21 0.144531 0.246875 0.104844 0.165000
24 0.305469 0.246875 0.104844 0.165000
0 0.466406 0.246875 0.104844 0.165000
6 0.627344 0.246875 0.104844 0.165000
6 0.788281 0.246875 0.104844 0.165000
24 0.144531 0.465625 0.104844 0.165000
18 0.305469 0.465625 0.104844 0.165000
2 0.466406 0.465625 0.104844 0.165000
4 0.627344 0.465625 0.104844 0.165000
9 0.788281 0.465625 0.104844 0.165000
20 0.144531 0.684375 0.104844 0.165000
19 0.305469 0.684375 0.104844 0.165000
11 0.466406 0.684375 0.104844 0.165000
18 0.627344 0.684375 0.104844 0.165000
5 0.788281 0.684375 0.104844 0.165000