2 0.144531 0.221875 0.104844 0.168437
23 0.305469 0.221875 0.104844 0.168437
17 0.466406 0.221875 0.104844 0.168437
14 0.627344 0.221875 0.104844 0.168437
18 0.788281 0.221875 0.104844 0.168437
4 0.144531 0.457813 0.104844 0.168437
0 0.305469 0.457813 0.104844 0.168437
4 0.466406 0.457813 0.104844 0.168437
15 0.627344 0.457813 0.104844 0.168437
21 0.788281 0.457813 0.104844 0.168437
3 0.144531 0.693750 0.104844 0.168437
25 0.305469 0.693750 0.104844 0.168437
5 0.466406 0.693750 0.104844 0.168437
16 0.627344 0.693750 0.104844 0.168437
17 0.788281 0.693750 0.104844 0.168437