5 0.175000 0.262500 0.092812 0.147812
16 0.321875 0.262500 0.092812 0.147812
1 0.468750 0.262500 0.092812 0.147812
17 0.615625 0.262500 0.092812 0.147812
3 0.762500 0.262500 0.092812 0.147812
16 0.175000 0.465625 0.092812 0.147812
0 0.321875 0.465625 0.092812 0.147812
19 0.468750 0.465625 0.092812 0.147812
11 0.615625 0.465625 0.092812 0.147812
5 0.762500 0.465625 0.092812 0.147812
2 0.175000 0.668750 0.092812 0.147812
13 0.321875 0.668750 0.092812 0.147812
2 0.468750 0.668750 0.092812 0.147812
10 0.615625 0.668750 0.092812 0.147812
16 0.762500 0.668750 0.092812 0.147812