12 0.098437 0.173437 0.075625 0.116875
22 0.195312 0.173437 0.075625 0.116875
14 0.292187 0.173437 0.075625 0.116875
12 0.389062 0.173437 0.075625 0.116875
18 0.485938 0.173437 0.075625 0.116875
8 0.582812 0.173437 0.075625 0.116875
10 0.679688 0.173437 0.075625 0.116875
8 0.776563 0.173437 0.075625 0.116875
5 0.873437 0.173437 0.075625 0.116875
6 0.098437 0.325000 0.075625 0.116875
25 0.195312 0.325000 0.075625 0.116875
15 0.292187 0.325000 0.075625 0.116875
19 0.389062 0.325000 0.075625 0.116875
8 0.485938 0.325000 0.075625 0.116875
6 0.582812 0.325000 0.075625 0.116875
24 0.679688 0.325000 0.075625 0.116875
3 0.776563 0.325000 0.075625 0.116875
5 0.873437 0.325000 0.075625 0.116875
24 0.098437 0.476562 0.075625 0.116875
3 0.195312 0.476562 0.075625 0.116875
16 0.292187 0.476562 0.075625 0.116875
9 0.389062 0.476562 0.075625 0.116875
11 0.485938 0.476562 0.075625 0.116875
12 0.582812 0.476562 0.075625 0.116875
0 0.679688 0.476562 0.075625 0.116875
18 0.776563 0.476562 0.075625 0.116875
8 0.873437 0.476562 0.075625 0.116875
3 0.098437 0.628125 0.075625 0.116875
14 0.195312 0.628125 0.075625 0.116875
1 0.292187 0.628125 0.075625 0.116875
25 0.389062 0.628125 0.075625 0.116875
14 0.485938 0.628125 0.075625 0.116875
8 0.582812 0.628125 0.075625 0.116875
4 0.679688 0.628125 0.075625 0.116875
12 0.776563 0.628125 0.075625 0.116875
7 0.873437 0.628125 0.075625 0.116875
22 0.098437 0.779687 0.075625 0.116875
20 0.195312 0.779687 0.075625 0.116875
3 0.292187 0.779687 0.075625 0.116875
25 0.389062 0.779687 0.075625 0.116875
9 0.485938 0.779687 0.075625 0.116875
4 0.582812 0.779687 0.075625 0.116875
7 0.679688 0.779687 0.075625 0.116875
17 0.776563 0.779687 0.075625 0.116875
11 0.873437 0.779687 0.075625 0.116875