16 0.107031 0.221875 0.084219 0.130625
2 0.214844 0.221875 0.084219 0.130625
2 0.322656 0.221875 0.084219 0.130625
12 0.430469 0.221875 0.084219 0.130625
25 0.538281 0.221875 0.084219 0.130625
15 0.646094 0.221875 0.084219 0.130625
2 0.753906 0.221875 0.084219 0.130625
3 0.861719 0.221875 0.084219 0.130625
1 0.107031 0.390625 0.084219 0.130625
14 0.214844 0.390625 0.084219 0.130625
23 0.322656 0.390625 0.084219 0.130625
10 0.430469 0.390625 0.084219 0.130625
5 0.538281 0.390625 0.084219 0.130625
11 0.646094 0.390625 0.084219 0.130625
11 0.753906 0.390625 0.084219 0.130625
15 0.861719 0.390625 0.084219 0.130625
19 0.107031 0.559375 0.084219 0.130625
17 0.214844 0.559375 0.084219 0.130625
13 0.322656 0.559375 0.084219 0.130625
6 0.430469 0.559375 0.084219 0.130625
5 0.538281 0.559375 0.084219 0.130625
1 0.646094 0.559375 0.084219 0.130625
25 0.753906 0.559375 0.084219 0.130625
23 0.861719 0.559375 0.084219 0.130625
13 0.107031 0.728125 0.084219 0.130625
21 0.214844 0.728125 0.084219 0.130625
18 0.322656 0.728125 0.084219 0.130625
8 0.430469 0.728125 0.084219 0.130625
24 0.538281 0.728125 0.084219 0.130625
2 0.646094 0.728125 0.084219 0.130625
10 0.753906 0.728125 0.084219 0.130625
4 0.861719 0.728125 0.084219 0.130625