17 0.118750 0.165625 0.089375 0.144375
12 0.259375 0.165625 0.089375 0.144375
12 0.400000 0.165625 0.089375 0.144375
17 0.540625 0.165625 0.089375 0.144375
6 0.681250 0.165625 0.089375 0.144375
14 0.821875 0.165625 0.089375 0.144375
4 0.118750 0.365625 0.089375 0.144375
22 0.259375 0.365625 0.089375 0.144375
0 0.400000 0.365625 0.089375 0.144375
3 0.540625 0.365625 0.089375 0.144375
21 0.681250 0.365625 0.089375 0.144375
7 0.821875 0.365625 0.089375 0.144375
25 0.118750 0.565625 0.089375 0.144375
15 0.259375 0.565625 0.089375 0.144375
18 0.400000 0.565625 0.089375 0.144375
20 0.540625 0.565625 0.089375 0.144375
17 0.681250 0.565625 0.089375 0.144375
10 0.821875 0.565625 0.089375 0.144375
17 0.118750 0.765625 0.089375 0.144375
12 0.259375 0.765625 0.089375 0.144375
8 0.400000 0.765625 0.089375 0.144375
2 0.540625 0.765625 0.089375 0.144375
17 0.681250 0.765625 0.089375 0.144375
6 0.821875 0.765625 0.089375 0.144375