6 0.108594 0.195312 0.091094 0.140937
8 0.232031 0.195312 0.091094 0.140937
8 0.355469 0.195312 0.091094 0.140937
5 0.478906 0.195312 0.091094 0.140937
16 0.602344 0.195312 0.091094 0.140937
24 0.725781 0.195312 0.091094 0.140937
12 0.849219 0.195312 0.091094 0.140937
19 0.108594 0.379688 0.091094 0.140937
17 0.232031 0.379688 0.091094 0.140937
14 0.355469 0.379688 0.091094 0.140937
25 0.478906 0.379688 0.091094 0.140937
11 0.602344 0.379688 0.091094 0.140937
12 0.725781 0.379688 0.091094 0.140937
7 0.849219 0.379688 0.091094 0.140937
16 0.108594 0.564063 0.091094 0.140937
19 0.232031 0.564063 0.091094 0.140937
17 0.355469 0.564063 0.091094 0.140937
24 0.478906 0.564063 0.091094 0.140937
0 0.602344 0.564063 0.091094 0.140937
5 0.725781 0.564063 0.091094 0.140937
24 0.849219 0.564063 0.091094 0.140937
19 0.108594 0.748437 0.091094 0.140937
3 0.232031 0.748437 0.091094 0.140937
12 0.355469 0.748437 0.091094 0.140937
12 0.478906 0.748437 0.091094 0.140937
18 0.602344 0.748437 0.091094 0.140937
12 0.725781 0.748437 0.091094 0.140937
6 0.849219 0.748437 0.091094 0.140937