8 0.177344 0.256250 0.097969 0.154688
17 0.324219 0.256250 0.097969 0.154688
19 0.471094 0.256250 0.097969 0.154688
8 0.617969 0.256250 0.097969 0.154688
19 0.764844 0.256250 0.097969 0.154688
21 0.177344 0.465625 0.097969 0.154688
23 0.324219 0.465625 0.097969 0.154688
17 0.471094 0.465625 0.097969 0.154688
20 0.617969 0.465625 0.097969 0.154688
23 0.764844 0.465625 0.097969 0.154688
25 0.177344 0.675000 0.097969 0.154688
5 0.324219 0.675000 0.097969 0.154688
20 0.471094 0.675000 0.097969 0.154688
20 0.617969 0.675000 0.097969 0.154688
1 0.764844 0.675000 0.097969 0.154688