23 0.139063 0.232813 0.110000 0.171875
15 0.303125 0.232813 0.110000 0.171875
3 0.467187 0.232813 0.110000 0.171875
14 0.631250 0.232813 0.110000 0.171875
3 0.795312 0.232813 0.110000 0.171875
13 0.139063 0.462500 0.110000 0.171875
14 0.303125 0.462500 0.110000 0.171875
13 0.467187 0.462500 0.110000 0.171875
13 0.631250 0.462500 0.110000 0.171875
7 0.795312 0.462500 0.110000 0.171875
18 0.139063 0.692187 0.110000 0.171875
16 0.303125 0.692187 0.110000 0.171875
9 0.467187 0.692187 0.110000 0.171875
9 0.631250 0.692187 0.110000 0.171875
7 0.795312 0.692187 0.110000 0.171875