20 0.089063 0.168750 0.072188 0.113437
22 0.200000 0.168750 0.072188 0.113437
3 0.310937 0.168750 0.072188 0.113437
19 0.421875 0.168750 0.072188 0.113437
5 0.532813 0.168750 0.072188 0.113437
2 0.643750 0.168750 0.072188 0.113437
25 0.754687 0.168750 0.072188 0.113437
13 0.865625 0.168750 0.072188 0.113437
12 0.089063 0.321875 0.072188 0.113437
4 0.200000 0.321875 0.072188 0.113437
13 0.310937 0.321875 0.072188 0.113437
3 0.421875 0.321875 0.072188 0.113437
7 0.532813 0.321875 0.072188 0.113437
21 0.643750 0.321875 0.072188 0.113437
25 0.754687 0.321875 0.072188 0.113437
9 0.865625 0.321875 0.072188 0.113437
6 0.089063 0.475000 0.072188 0.113437
24 0.200000 0.475000 0.072188 0.113437
0 0.310937 0.475000 0.072188 0.113437
2 0.421875 0.475000 0.072188 0.113437
20 0.532813 0.475000 0.072188 0.113437
23 0.643750 0.475000 0.072188 0.113437
2 0.754687 0.475000 0.072188 0.113437
15 0.865625 0.475000 0.072188 0.113437
15 0.089063 0.628125 0.072188 0.113437
2 0.200000 0.628125 0.072188 0.113437
6 0.310937 0.628125 0.072188 0.113437
22 0.421875 0.628125 0.072188 0.113437
3 0.532813 0.628125 0.072188 0.113437
16 0.643750 0.628125 0.072188 0.113437
8 0.754687 0.628125 0.072188 0.113437
7 0.865625 0.628125 0.072188 0.113437
13 0.089063 0.781250 0.072188 0.113437
13 0.200000 0.781250 0.072188 0.113437
3 0.310937 0.781250 0.072188 0.113437
3 0.421875 0.781250 0.072188 0.113437
3 0.532813 0.781250 0.072188 0.113437
19 0.643750 0.781250 0.072188 0.113437
15 0.754687 0.781250 0.072188 0.113437
8 0.865625 0.781250 0.072188 0.113437