10 0.159375 0.254688 0.103125 0.161562
22 0.314063 0.254688 0.103125 0.161562
15 0.468750 0.254688 0.103125 0.161562
21 0.623437 0.254688 0.103125 0.161562
19 0.778125 0.254688 0.103125 0.161562
0 0.159375 0.467187 0.103125 0.161562
19 0.314063 0.467187 0.103125 0.161562
13 0.468750 0.467187 0.103125 0.161562
20 0.623437 0.467187 0.103125 0.161562
5 0.778125 0.467187 0.103125 0.161562
8 0.159375 0.679688 0.103125 0.161562
0 0.314063 0.679688 0.103125 0.161562
11 0.468750 0.679688 0.103125 0.161562
3 0.623437 0.679688 0.103125 0.161562
6 0.778125 0.679688 0.103125 0.161562