17 0.114844 0.196875 0.080781 0.130625
5 0.235156 0.196875 0.080781 0.130625
13 0.355469 0.196875 0.080781 0.130625
8 0.475781 0.196875 0.080781 0.130625
11 0.596094 0.196875 0.080781 0.130625
5 0.716406 0.196875 0.080781 0.130625
21 0.836719 0.196875 0.080781 0.130625
1 0.114844 0.378125 0.080781 0.130625
2 0.235156 0.378125 0.080781 0.130625
8 0.355469 0.378125 0.080781 0.130625
14 0.475781 0.378125 0.080781 0.130625
5 0.596094 0.378125 0.080781 0.130625
7 0.716406 0.378125 0.080781 0.130625
4 0.836719 0.378125 0.080781 0.130625
20 0.114844 0.559375 0.080781 0.130625
15 0.235156 0.559375 0.080781 0.130625
14 0.355469 0.559375 0.080781 0.130625
12 0.475781 0.559375 0.080781 0.130625
24 0.596094 0.559375 0.080781 0.130625
14 0.716406 0.559375 0.080781 0.130625
7 0.836719 0.559375 0.080781 0.130625
16 0.114844 0.740625 0.080781 0.130625
12 0.235156 0.740625 0.080781 0.130625
19 0.355469 0.740625 0.080781 0.130625
25 0.475781 0.740625 0.080781 0.130625
14 0.596094 0.740625 0.080781 0.130625
5 0.716406 0.740625 0.080781 0.130625
20 0.836719 0.740625 0.080781 0.130625