11 0.160938 0.260937 0.096250 0.151250
9 0.314063 0.260937 0.096250 0.151250
1 0.467187 0.260937 0.096250 0.151250
17 0.620313 0.260937 0.096250 0.151250
6 0.773438 0.260937 0.096250 0.151250
13 0.160938 0.465625 0.096250 0.151250
11 0.314063 0.465625 0.096250 0.151250
5 0.467187 0.465625 0.096250 0.151250
5 0.620313 0.465625 0.096250 0.151250
12 0.773438 0.465625 0.096250 0.151250
10 0.160938 0.670312 0.096250 0.151250
9 0.314063 0.670312 0.096250 0.151250
6 0.467187 0.670312 0.096250 0.151250
7 0.620313 0.670312 0.096250 0.151250
10 0.773438 0.670312 0.096250 0.151250