9 0.095312 0.218750 0.072188 0.116875
0 0.204687 0.218750 0.072188 0.116875
12 0.314063 0.218750 0.072188 0.116875
10 0.423438 0.218750 0.072188 0.116875
14 0.532813 0.218750 0.072188 0.116875
6 0.642188 0.218750 0.072188 0.116875
1 0.751563 0.218750 0.072188 0.116875
17 0.860938 0.218750 0.072188 0.116875
6 0.095312 0.385937 0.072188 0.116875
15 0.204687 0.385937 0.072188 0.116875
19 0.314063 0.385937 0.072188 0.116875
21 0.423438 0.385937 0.072188 0.116875
22 0.532813 0.385937 0.072188 0.116875
17 0.642188 0.385937 0.072188 0.116875
4 0.751563 0.385937 0.072188 0.116875
8 0.860938 0.385937 0.072188 0.116875
18 0.095312 0.553125 0.072188 0.116875
6 0.204687 0.553125 0.072188 0.116875
15 0.314063 0.553125 0.072188 0.116875
8 0.423438 0.553125 0.072188 0.116875
25 0.532813 0.553125 0.072188 0.116875
1 0.642188 0.553125 0.072188 0.116875
14 0.751563 0.553125 0.072188 0.116875
10 0.860938 0.553125 0.072188 0.116875
6 0.095312 0.720313 0.072188 0.116875
3 0.204687 0.720313 0.072188 0.116875
23 0.314063 0.720313 0.072188 0.116875
4 0.423438 0.720313 0.072188 0.116875
20 0.532813 0.720313 0.072188 0.116875
1 0.642188 0.720313 0.072188 0.116875
18 0.751563 0.720313 0.072188 0.116875
16 0.860938 0.720313 0.072188 0.116875