18 0.114062 0.120313 0.065312 0.103125
8 0.206250 0.120313 0.065312 0.103125
3 0.298438 0.120313 0.065312 0.103125
0 0.390625 0.120313 0.065312 0.103125
5 0.482812 0.120313 0.065312 0.103125
23 0.575000 0.120313 0.065312 0.103125
23 0.667188 0.120313 0.065312 0.103125
6 0.759375 0.120313 0.065312 0.103125
22 0.851562 0.120313 0.065312 0.103125
4 0.114062 0.262500 0.065312 0.103125
17 0.206250 0.262500 0.065312 0.103125
7 0.298438 0.262500 0.065312 0.103125
3 0.390625 0.262500 0.065312 0.103125
9 0.482812 0.262500 0.065312 0.103125
15 0.575000 0.262500 0.065312 0.103125
1 0.667188 0.262500 0.065312 0.103125
12 0.759375 0.262500 0.065312 0.103125
23 0.851562 0.262500 0.065312 0.103125
4 0.114062 0.404687 0.065312 0.103125
1 0.206250 0.404687 0.065312 0.103125
19 0.298438 0.404687 0.065312 0.103125
2 0.390625 0.404687 0.065312 0.103125
14 0.482812 0.404687 0.065312 0.103125
20 0.575000 0.404687 0.065312 0.103125
9 0.667188 0.404687 0.065312 0.103125
7 0.759375 0.404687 0.065312 0.103125
12 0.851562 0.404687 0.065312 0.103125
18 0.114062 0.546875 0.065312 0.103125
13 0.206250 0.546875 0.065312 0.103125
1 0.298438 0.546875 0.065312 0.103125
5 0.390625 0.546875 0.065312 0.103125
7 0.482812 0.546875 0.065312 0.103125
13 0.575000 0.546875 0.065312 0.103125
10 0.667188 0.546875 0.065312 0.103125
7 0.759375 0.546875 0.065312 0.103125
15 0.851562 0.546875 0.065312 0.103125
0 0.114062 0.689063 0.065312 0.103125
5 0.206250 0.689063 0.065312 0.103125
5 0.298438 0.689063 0.065312 0.103125
14 0.390625 0.689063 0.065312 0.103125
8 0.482812 0.689063 0.065312 0.103125
3 0.575000 0.689063 0.065312 0.103125
8 0.667188 0.689063 0.065312 0.103125
22 0.759375 0.689063 0.065312 0.103125
4 0.851562 0.689063 0.065312 0.103125
12 0.114062 0.831250 0.065312 0.103125
14 0.206250 0.831250 0.065312 0.103125
22 0.298438 0.831250 0.065312 0.103125
1 0.390625 0.831250 0.065312 0.103125
10 0.482812 0.831250 0.065312 0.103125
21 0.575000 0.831250 0.065312 0.103125
3 0.667188 0.831250 0.065312 0.103125
16 0.759375 0.831250 0.065312 0.103125
17 0.851562 0.831250 0.065312 0.103125