3 0.086719 0.106250 0.053281 0.085938
10 0.174219 0.106250 0.053281 0.085938
24 0.261719 0.106250 0.053281 0.085938
1 0.349219 0.106250 0.053281 0.085938
10 0.436719 0.106250 0.053281 0.085938
4 0.524219 0.106250 0.053281 0.085938
24 0.611719 0.106250 0.053281 0.085938
13 0.699219 0.106250 0.053281 0.085938
14 0.786719 0.106250 0.053281 0.085938
7 0.874219 0.106250 0.053281 0.085938
17 0.086719 0.229687 0.053281 0.085938
19 0.174219 0.229687 0.053281 0.085938
5 0.261719 0.229687 0.053281 0.085938
18 0.349219 0.229687 0.053281 0.085938
11 0.436719 0.229687 0.053281 0.085938
5 0.524219 0.229687 0.053281 0.085938
17 0.611719 0.229687 0.053281 0.085938
16 0.699219 0.229687 0.053281 0.085938
1 0.786719 0.229687 0.053281 0.085938
14 0.874219 0.229687 0.053281 0.085938
10 0.086719 0.353125 0.053281 0.085938
18 0.174219 0.353125 0.053281 0.085938
10 0.261719 0.353125 0.053281 0.085938
3 0.349219 0.353125 0.053281 0.085938
15 0.436719 0.353125 0.053281 0.085938
17 0.524219 0.353125 0.053281 0.085938
18 0.611719 0.353125 0.053281 0.085938
5 0.699219 0.353125 0.053281 0.085938
5 0.786719 0.353125 0.053281 0.085938
9 0.874219 0.353125 0.053281 0.085938
7 0.086719 0.476562 0.053281 0.085938
5 0.174219 0.476562 0.053281 0.085938
19 0.261719 0.476562 0.053281 0.085938
25 0.349219 0.476562 0.053281 0.085938
2 0.436719 0.476562 0.053281 0.085938
22 0.524219 0.476562 0.053281 0.085938
1 0.611719 0.476562 0.053281 0.085938
12 0.699219 0.476562 0.053281 0.085938
7 0.786719 0.476562 0.053281 0.085938
10 0.874219 0.476562 0.053281 0.085938
3 0.086719 0.600000 0.053281 0.085938
16 0.174219 0.600000 0.053281 0.085938
21 0.261719 0.600000 0.053281 0.085938
20 0.349219 0.600000 0.053281 0.085938
6 0.436719 0.600000 0.053281 0.085938
17 0.524219 0.600000 0.053281 0.085938
6 0.611719 0.600000 0.053281 0.085938
9 0.699219 0.600000 0.053281 0.085938
16 0.786719 0.600000 0.053281 0.085938
16 0.874219 0.600000 0.053281 0.085938
10 0.086719 0.723437 0.053281 0.085938
1 0.174219 0.723437 0.053281 0.085938
7 0.261719 0.723437 0.053281 0.085938
11 0.349219 0.723437 0.053281 0.085938
5 0.436719 0.723437 0.053281 0.085938
25 0.524219 0.723437 0.053281 0.085938
15 0.611719 0.723437 0.053281 0.085938
6 0.699219 0.723437 0.053281 0.085938
12 0.786719 0.723437 0.053281 0.085938
14 0.874219 0.723437 0.053281 0.085938
4 0.086719 0.846875 0.053281 0.085938
1 0.174219 0.846875 0.053281 0.085938
25 0.261719 0.846875 0.053281 0.085938
7 0.349219 0.846875 0.053281 0.085938
7 0.436719 0.846875 0.053281 0.085938
25 0.524219 0.846875 0.053281 0.085938
2 0.611719 0.846875 0.053281 0.085938
0 0.699219 0.846875 0.053281 0.085938
5 0.786719 0.846875 0.053281 0.085938
17 0.874219 0.846875 0.053281 0.085938