14 0.141406 0.151562 0.077344 0.120313
7 0.253906 0.151562 0.077344 0.120313
20 0.366406 0.151562 0.077344 0.120313
11 0.478906 0.151562 0.077344 0.120313
12 0.591406 0.151562 0.077344 0.120313
8 0.703906 0.151562 0.077344 0.120313
24 0.816406 0.151562 0.077344 0.120313
8 0.141406 0.312500 0.077344 0.120313
4 0.253906 0.312500 0.077344 0.120313
16 0.366406 0.312500 0.077344 0.120313
25 0.478906 0.312500 0.077344 0.120313
3 0.591406 0.312500 0.077344 0.120313
7 0.703906 0.312500 0.077344 0.120313
10 0.816406 0.312500 0.077344 0.120313
21 0.141406 0.473438 0.077344 0.120313
3 0.253906 0.473438 0.077344 0.120313
1 0.366406 0.473438 0.077344 0.120313
3 0.478906 0.473438 0.077344 0.120313
0 0.591406 0.473438 0.077344 0.120313
18 0.703906 0.473438 0.077344 0.120313
6 0.816406 0.473438 0.077344 0.120313
20 0.141406 0.634375 0.077344 0.120313
19 0.253906 0.634375 0.077344 0.120313
8 0.366406 0.634375 0.077344 0.120313
4 0.478906 0.634375 0.077344 0.120313
20 0.591406 0.634375 0.077344 0.120313
11 0.703906 0.634375 0.077344 0.120313
17 0.816406 0.634375 0.077344 0.120313
9 0.141406 0.795312 0.077344 0.120313
5 0.253906 0.795312 0.077344 0.120313
17 0.366406 0.795312 0.077344 0.120313
15 0.478906 0.795312 0.077344 0.120313
1 0.591406 0.795312 0.077344 0.120313
20 0.703906 0.795312 0.077344 0.120313
10 0.816406 0.795312 0.077344 0.120313