14 0.091406 0.150000 0.060156 0.096250
18 0.188281 0.150000 0.060156 0.096250
9 0.285156 0.150000 0.060156 0.096250
7 0.382031 0.150000 0.060156 0.096250
19 0.478906 0.150000 0.060156 0.096250
13 0.575781 0.150000 0.060156 0.096250
6 0.672656 0.150000 0.060156 0.096250
2 0.769531 0.150000 0.060156 0.096250
25 0.866406 0.150000 0.060156 0.096250
14 0.091406 0.281250 0.060156 0.096250
21 0.188281 0.281250 0.060156 0.096250
14 0.285156 0.281250 0.060156 0.096250
3 0.382031 0.281250 0.060156 0.096250
11 0.478906 0.281250 0.060156 0.096250
1 0.575781 0.281250 0.060156 0.096250
12 0.672656 0.281250 0.060156 0.096250
14 0.769531 0.281250 0.060156 0.096250
9 0.866406 0.281250 0.060156 0.096250
4 0.091406 0.412500 0.060156 0.096250
24 0.188281 0.412500 0.060156 0.096250
3 0.285156 0.412500 0.060156 0.096250
16 0.382031 0.412500 0.060156 0.096250
0 0.478906 0.412500 0.060156 0.096250
6 0.575781 0.412500 0.060156 0.096250
0 0.672656 0.412500 0.060156 0.096250
15 0.769531 0.412500 0.060156 0.096250
8 0.866406 0.412500 0.060156 0.096250
14 0.091406 0.543750 0.060156 0.096250
21 0.188281 0.543750 0.060156 0.096250
25 0.285156 0.543750 0.060156 0.096250
18 0.382031 0.543750 0.060156 0.096250
14 0.478906 0.543750 0.060156 0.096250
21 0.575781 0.543750 0.060156 0.096250
17 0.672656 0.543750 0.060156 0.096250
15 0.769531 0.543750 0.060156 0.096250
14 0.866406 0.543750 0.060156 0.096250
16 0.091406 0.675000 0.060156 0.096250
8 0.188281 0.675000 0.060156 0.096250
3 0.285156 0.675000 0.060156 0.096250
12 0.382031 0.675000 0.060156 0.096250
10 0.478906 0.675000 0.060156 0.096250
21 0.575781 0.675000 0.060156 0.096250
11 0.672656 0.675000 0.060156 0.096250
21 0.769531 0.675000 0.060156 0.096250
24 0.866406 0.675000 0.060156 0.096250
0 0.091406 0.806250 0.060156 0.096250
11 0.188281 0.806250 0.060156 0.096250
6 0.285156 0.806250 0.060156 0.096250
3 0.382031 0.806250 0.060156 0.096250
6 0.478906 0.806250 0.060156 0.096250
12 0.575781 0.806250 0.060156 0.096250
15 0.672656 0.806250 0.060156 0.096250
6 0.769531 0.806250 0.060156 0.096250
12 0.866406 0.806250 0.060156 0.096250