12 0.119531 0.198437 0.091094 0.140937
14 0.239844 0.198437 0.091094 0.140937
0 0.360156 0.198437 0.091094 0.140937
10 0.480469 0.198437 0.091094 0.140937
0 0.600781 0.198437 0.091094 0.140937
15 0.721094 0.198437 0.091094 0.140937
15 0.841406 0.198437 0.091094 0.140937
14 0.119531 0.381250 0.091094 0.140937
12 0.239844 0.381250 0.091094 0.140937
12 0.360156 0.381250 0.091094 0.140937
21 0.480469 0.381250 0.091094 0.140937
7 0.600781 0.381250 0.091094 0.140937
6 0.721094 0.381250 0.091094 0.140937
2 0.841406 0.381250 0.091094 0.140937
20 0.119531 0.564063 0.091094 0.140937
24 0.239844 0.564063 0.091094 0.140937
13 0.360156 0.564063 0.091094 0.140937
5 0.480469 0.564063 0.091094 0.140937
22 0.600781 0.564063 0.091094 0.140937
14 0.721094 0.564063 0.091094 0.140937
11 0.841406 0.564063 0.091094 0.140937
20 0.119531 0.746875 0.091094 0.140937
2 0.239844 0.746875 0.091094 0.140937
3 0.360156 0.746875 0.091094 0.140937
13 0.480469 0.746875 0.091094 0.140937
17 0.600781 0.746875 0.091094 0.140937
0 0.721094 0.746875 0.091094 0.140937
9 0.841406 0.746875 0.091094 0.140937