0 0.163281 0.228125 0.101406 0.165000
18 0.316406 0.228125 0.101406 0.165000
9 0.469531 0.228125 0.101406 0.165000
23 0.622656 0.228125 0.101406 0.165000
11 0.775781 0.228125 0.101406 0.165000
11 0.163281 0.459375 0.101406 0.165000
19 0.316406 0.459375 0.101406 0.165000
8 0.469531 0.459375 0.101406 0.165000
6 0.622656 0.459375 0.101406 0.165000
21 0.775781 0.459375 0.101406 0.165000
20 0.163281 0.690625 0.101406 0.165000
23 0.316406 0.690625 0.101406 0.165000
11 0.469531 0.690625 0.101406 0.165000
16 0.622656 0.690625 0.101406 0.165000
6 0.775781 0.690625 0.101406 0.165000