4 0.139844 0.212500 0.111719 0.178750
3 0.303906 0.212500 0.111719 0.178750
24 0.467969 0.212500 0.111719 0.178750
18 0.632031 0.212500 0.111719 0.178750
25 0.796094 0.212500 0.111719 0.178750
25 0.139844 0.457813 0.111719 0.178750
18 0.303906 0.457813 0.111719 0.178750
10 0.467969 0.457813 0.111719 0.178750
5 0.632031 0.457813 0.111719 0.178750
11 0.796094 0.457813 0.111719 0.178750
10 0.139844 0.703125 0.111719 0.178750
12 0.303906 0.703125 0.111719 0.178750
11 0.467969 0.703125 0.111719 0.178750
10 0.632031 0.703125 0.111719 0.178750
25 0.796094 0.703125 0.111719 0.178750