4 0.177344 0.240625 0.097969 0.158125
0 0.324219 0.240625 0.097969 0.158125
11 0.471094 0.240625 0.097969 0.158125
8 0.617969 0.240625 0.097969 0.158125
6 0.764844 0.240625 0.097969 0.158125
6 0.177344 0.460938 0.097969 0.158125
2 0.324219 0.460938 0.097969 0.158125
8 0.471094 0.460938 0.097969 0.158125
0 0.617969 0.460938 0.097969 0.158125
23 0.764844 0.460938 0.097969 0.158125
19 0.177344 0.681250 0.097969 0.158125
15 0.324219 0.681250 0.097969 0.158125
6 0.471094 0.681250 0.097969 0.158125
25 0.617969 0.681250 0.097969 0.158125
5 0.764844 0.681250 0.097969 0.158125