6 0.076563 0.140625 0.058437 0.089375
16 0.151562 0.140625 0.058437 0.089375
1 0.226562 0.140625 0.058437 0.089375
6 0.301563 0.140625 0.058437 0.089375
6 0.376563 0.140625 0.058437 0.089375
19 0.451562 0.140625 0.058437 0.089375
7 0.526563 0.140625 0.058437 0.089375
10 0.601562 0.140625 0.058437 0.089375
8 0.676562 0.140625 0.058437 0.089375
3 0.751563 0.140625 0.058437 0.089375
10 0.826562 0.140625 0.058437 0.089375
13 0.901563 0.140625 0.058437 0.089375
3 0.076563 0.254688 0.058437 0.089375
7 0.151562 0.254688 0.058437 0.089375
23 0.226562 0.254688 0.058437 0.089375
6 0.301563 0.254688 0.058437 0.089375
11 0.376563 0.254688 0.058437 0.089375
16 0.451562 0.254688 0.058437 0.089375
10 0.526563 0.254688 0.058437 0.089375
22 0.601562 0.254688 0.058437 0.089375
17 0.676562 0.254688 0.058437 0.089375
24 0.751563 0.254688 0.058437 0.089375
2 0.826562 0.254688 0.058437 0.089375
25 0.901563 0.254688 0.058437 0.089375
3 0.076563 0.368750 0.058437 0.089375
3 0.151562 0.368750 0.058437 0.089375
4 0.226562 0.368750 0.058437 0.089375
20 0.301563 0.368750 0.058437 0.089375
18 0.376563 0.368750 0.058437 0.089375
14 0.451562 0.368750 0.058437 0.089375
24 0.526563 0.368750 0.058437 0.089375
6 0.601562 0.368750 0.058437 0.089375
8 0.676562 0.368750 0.058437 0.089375
16 0.751563 0.368750 0.058437 0.089375
4 0.826562 0.368750 0.058437 0.089375
14 0.901563 0.368750 0.058437 0.089375
22 0.076563 0.482812 0.058437 0.089375
10 0.151562 0.482812 0.058437 0.089375
11 0.226562 0.482812 0.058437 0.089375
1 0.301563 0.482812 0.058437 0.089375
13 0.376563 0.482812 0.058437 0.089375
12 0.451562 0.482812 0.058437 0.089375
18 0.526563 0.482812 0.058437 0.089375
23 0.601562 0.482812 0.058437 0.089375
13 0.676562 0.482812 0.058437 0.089375
5 0.751563 0.482812 0.058437 0.089375
25 0.826562 0.482812 0.058437 0.089375
19 0.901563 0.482812 0.058437 0.089375
8 0.076563 0.596875 0.058437 0.089375
23 0.151562 0.596875 0.058437 0.089375
20 0.226562 0.596875 0.058437 0.089375
7 0.301563 0.596875 0.058437 0.089375
12 0.376563 0.596875 0.058437 0.089375
2 0.451562 0.596875 0.058437 0.089375
1 0.526563 0.596875 0.058437 0.089375
16 0.601562 0.596875 0.058437 0.089375
8 0.676562 0.596875 0.058437 0.089375
16 0.751563 0.596875 0.058437 0.089375
0 0.826562 0.596875 0.058437 0.089375
5 0.901563 0.596875 0.058437 0.089375
22 0.076563 0.710938 0.058437 0.089375
13 0.151562 0.710938 0.058437 0.089375
16 0.226562 0.710938 0.058437 0.089375
20 0.301563 0.710938 0.058437 0.089375
2 0.376563 0.710938 0.058437 0.089375
12 0.451562 0.710938 0.058437 0.089375
2 0.526563 0.710938 0.058437 0.089375
24 0.601562 0.710938 0.058437 0.089375
19 0.676562 0.710938 0.058437 0.089375
7 0.751563 0.710938 0.058437 0.089375
14 0.826562 0.710938 0.058437 0.089375
24 0.901563 0.710938 0.058437 0.089375
14 0.076563 0.825000 0.058437 0.089375
4 0.151562 0.825000 0.058437 0.089375
13 0.226562 0.825000 0.058437 0.089375
15 0.301563 0.825000 0.058437 0.089375
23 0.376563 0.825000 0.058437 0.089375
1 0.451562 0.825000 0.058437 0.089375
11 0.526563 0.825000 0.058437 0.089375
25 0.601562 0.825000 0.058437 0.089375
15 0.676562 0.825000 0.058437 0.089375
25 0.751563 0.825000 0.058437 0.089375
2 0.826562 0.825000 0.058437 0.089375
13 0.901563 0.825000 0.058437 0.089375