1 0.098437 0.204687 0.079063 0.127188
16 0.223438 0.204687 0.079063 0.127188
16 0.348438 0.204687 0.079063 0.127188
5 0.473438 0.204687 0.079063 0.127188
5 0.598437 0.204687 0.079063 0.127188
14 0.723437 0.204687 0.079063 0.127188
16 0.848437 0.204687 0.079063 0.127188
23 0.098437 0.381250 0.079063 0.127188
16 0.223438 0.381250 0.079063 0.127188
8 0.348438 0.381250 0.079063 0.127188
17 0.473438 0.381250 0.079063 0.127188
17 0.598437 0.381250 0.079063 0.127188
20 0.723437 0.381250 0.079063 0.127188
0 0.848437 0.381250 0.079063 0.127188
10 0.098437 0.557813 0.079063 0.127188
13 0.223438 0.557813 0.079063 0.127188
17 0.348438 0.557813 0.079063 0.127188
7 0.473438 0.557813 0.079063 0.127188
2 0.598437 0.557813 0.079063 0.127188
18 0.723437 0.557813 0.079063 0.127188
13 0.848437 0.557813 0.079063 0.127188
25 0.098437 0.734375 0.079063 0.127188
21 0.223438 0.734375 0.079063 0.127188
22 0.348438 0.734375 0.079063 0.127188
14 0.473438 0.734375 0.079063 0.127188
23 0.598437 0.734375 0.079063 0.127188
10 0.723437 0.734375 0.079063 0.127188
4 0.848437 0.734375 0.079063 0.127188