4 0.103906 0.178125 0.091094 0.144375
3 0.228906 0.178125 0.091094 0.144375
25 0.353906 0.178125 0.091094 0.144375
23 0.478906 0.178125 0.091094 0.144375
12 0.603906 0.178125 0.091094 0.144375
25 0.728906 0.178125 0.091094 0.144375
19 0.853906 0.178125 0.091094 0.144375
2 0.103906 0.371875 0.091094 0.144375
5 0.228906 0.371875 0.091094 0.144375
23 0.353906 0.371875 0.091094 0.144375
23 0.478906 0.371875 0.091094 0.144375
0 0.603906 0.371875 0.091094 0.144375
14 0.728906 0.371875 0.091094 0.144375
6 0.853906 0.371875 0.091094 0.144375
23 0.103906 0.565625 0.091094 0.144375
17 0.228906 0.565625 0.091094 0.144375
14 0.353906 0.565625 0.091094 0.144375
18 0.478906 0.565625 0.091094 0.144375
10 0.603906 0.565625 0.091094 0.144375
22 0.728906 0.565625 0.091094 0.144375
21 0.853906 0.565625 0.091094 0.144375
22 0.103906 0.759375 0.091094 0.144375
14 0.228906 0.759375 0.091094 0.144375
17 0.353906 0.759375 0.091094 0.144375
1 0.478906 0.759375 0.091094 0.144375
2 0.603906 0.759375 0.091094 0.144375
20 0.728906 0.759375 0.091094 0.144375
15 0.853906 0.759375 0.091094 0.144375