1 0.137500 0.162500 0.068750 0.110000
6 0.250000 0.162500 0.068750 0.110000
0 0.362500 0.162500 0.068750 0.110000
24 0.475000 0.162500 0.068750 0.110000
16 0.587500 0.162500 0.068750 0.110000
25 0.700000 0.162500 0.068750 0.110000
25 0.812500 0.162500 0.068750 0.110000
21 0.137500 0.317188 0.068750 0.110000
25 0.250000 0.317188 0.068750 0.110000
16 0.362500 0.317188 0.068750 0.110000
6 0.475000 0.317188 0.068750 0.110000
13 0.587500 0.317188 0.068750 0.110000
24 0.700000 0.317188 0.068750 0.110000
10 0.812500 0.317188 0.068750 0.110000
7 0.137500 0.471875 0.068750 0.110000
5 0.250000 0.471875 0.068750 0.110000
7 0.362500 0.471875 0.068750 0.110000
9 0.475000 0.471875 0.068750 0.110000
11 0.587500 0.471875 0.068750 0.110000
2 0.700000 0.471875 0.068750 0.110000
8 0.812500 0.471875 0.068750 0.110000
8 0.137500 0.626563 0.068750 0.110000
9 0.250000 0.626563 0.068750 0.110000
13 0.362500 0.626563 0.068750 0.110000
1 0.475000 0.626563 0.068750 0.110000
18 0.587500 0.626563 0.068750 0.110000
6 0.700000 0.626563 0.068750 0.110000
5 0.812500 0.626563 0.068750 0.110000
23 0.137500 0.781250 0.068750 0.110000
10 0.250000 0.781250 0.068750 0.110000
24 0.362500 0.781250 0.068750 0.110000
24 0.475000 0.781250 0.068750 0.110000
0 0.587500 0.781250 0.068750 0.110000
15 0.700000 0.781250 0.068750 0.110000
21 0.812500 0.781250 0.068750 0.110000