3 0.151562 0.240625 0.110000 0.171875
25 0.310937 0.240625 0.110000 0.171875
2 0.470313 0.240625 0.110000 0.171875
25 0.629687 0.240625 0.110000 0.171875
16 0.789062 0.240625 0.110000 0.171875
0 0.151562 0.465625 0.110000 0.171875
14 0.310937 0.465625 0.110000 0.171875
3 0.470313 0.465625 0.110000 0.171875
22 0.629687 0.465625 0.110000 0.171875
24 0.789062 0.465625 0.110000 0.171875
2 0.151562 0.690625 0.110000 0.171875
23 0.310937 0.690625 0.110000 0.171875
0 0.470313 0.690625 0.110000 0.171875
7 0.629687 0.690625 0.110000 0.171875
11 0.789062 0.690625 0.110000 0.171875