2 0.155469 0.240625 0.101406 0.161562
24 0.311719 0.240625 0.101406 0.161562
25 0.467969 0.240625 0.101406 0.161562
2 0.624219 0.240625 0.101406 0.161562
15 0.780469 0.240625 0.101406 0.161562
18 0.155469 0.462500 0.101406 0.161562
5 0.311719 0.462500 0.101406 0.161562
12 0.467969 0.462500 0.101406 0.161562
9 0.624219 0.462500 0.101406 0.161562
16 0.780469 0.462500 0.101406 0.161562
10 0.155469 0.684375 0.101406 0.161562
14 0.311719 0.684375 0.101406 0.161562
3 0.467969 0.684375 0.101406 0.161562
5 0.624219 0.684375 0.101406 0.161562
19 0.780469 0.684375 0.101406 0.161562