0 0.126562 0.251563 0.106563 0.165000
17 0.267188 0.251563 0.106563 0.165000
22 0.407813 0.251563 0.106563 0.165000
2 0.548438 0.251563 0.106563 0.165000
6 0.689063 0.251563 0.106563 0.165000
16 0.829688 0.251563 0.106563 0.165000
24 0.126562 0.467187 0.106563 0.165000
25 0.267188 0.467187 0.106563 0.165000
10 0.407813 0.467187 0.106563 0.165000
21 0.548438 0.467187 0.106563 0.165000
19 0.689063 0.467187 0.106563 0.165000
11 0.829688 0.467187 0.106563 0.165000
25 0.126562 0.682813 0.106563 0.165000
23 0.267188 0.682813 0.106563 0.165000
22 0.407813 0.682813 0.106563 0.165000
11 0.548438 0.682813 0.106563 0.165000
10 0.689063 0.682813 0.106563 0.165000
15 0.829688 0.682813 0.106563 0.165000