7 0.139063 0.203125 0.082500 0.130625
1 0.271875 0.203125 0.082500 0.130625
14 0.404687 0.203125 0.082500 0.130625
17 0.537500 0.203125 0.082500 0.130625
10 0.670312 0.203125 0.082500 0.130625
23 0.803125 0.203125 0.082500 0.130625
17 0.139063 0.381250 0.082500 0.130625
25 0.271875 0.381250 0.082500 0.130625
18 0.404687 0.381250 0.082500 0.130625
5 0.537500 0.381250 0.082500 0.130625
15 0.670312 0.381250 0.082500 0.130625
12 0.803125 0.381250 0.082500 0.130625
19 0.139063 0.559375 0.082500 0.130625
23 0.271875 0.559375 0.082500 0.130625
15 0.404687 0.559375 0.082500 0.130625
9 0.537500 0.559375 0.082500 0.130625
16 0.670312 0.559375 0.082500 0.130625
17 0.803125 0.559375 0.082500 0.130625
3 0.139063 0.737500 0.082500 0.130625
21 0.271875 0.737500 0.082500 0.130625
12 0.404687 0.737500 0.082500 0.130625
17 0.537500 0.737500 0.082500 0.130625
9 0.670312 0.737500 0.082500 0.130625
1 0.803125 0.737500 0.082500 0.130625