18 0.131250 0.221875 0.079063 0.123750
0 0.246875 0.221875 0.079063 0.123750
21 0.362500 0.221875 0.079063 0.123750
25 0.478125 0.221875 0.079063 0.123750
8 0.593750 0.221875 0.079063 0.123750
0 0.709375 0.221875 0.079063 0.123750
14 0.825000 0.221875 0.079063 0.123750
19 0.131250 0.389062 0.079063 0.123750
7 0.246875 0.389062 0.079063 0.123750
19 0.362500 0.389062 0.079063 0.123750
7 0.478125 0.389062 0.079063 0.123750
20 0.593750 0.389062 0.079063 0.123750
23 0.709375 0.389062 0.079063 0.123750
5 0.825000 0.389062 0.079063 0.123750
25 0.131250 0.556250 0.079063 0.123750
11 0.246875 0.556250 0.079063 0.123750
1 0.362500 0.556250 0.079063 0.123750
22 0.478125 0.556250 0.079063 0.123750
20 0.593750 0.556250 0.079063 0.123750
15 0.709375 0.556250 0.079063 0.123750
9 0.825000 0.556250 0.079063 0.123750
24 0.131250 0.723437 0.079063 0.123750
19 0.246875 0.723437 0.079063 0.123750
4 0.362500 0.723437 0.079063 0.123750
5 0.478125 0.723437 0.079063 0.123750
2 0.593750 0.723437 0.079063 0.123750
16 0.709375 0.723437 0.079063 0.123750
23 0.825000 0.723437 0.079063 0.123750