6 0.157812 0.267188 0.103125 0.158125
4 0.287500 0.267188 0.103125 0.158125
25 0.417187 0.267188 0.103125 0.158125
5 0.546875 0.267188 0.103125 0.158125
20 0.676562 0.267188 0.103125 0.158125
14 0.806250 0.267188 0.103125 0.158125
23 0.157812 0.470313 0.103125 0.158125
4 0.287500 0.470313 0.103125 0.158125
11 0.417187 0.470313 0.103125 0.158125
11 0.546875 0.470313 0.103125 0.158125
15 0.676562 0.470313 0.103125 0.158125
11 0.806250 0.470313 0.103125 0.158125
24 0.157812 0.673438 0.103125 0.158125
24 0.287500 0.673438 0.103125 0.158125
11 0.417187 0.673438 0.103125 0.158125
12 0.546875 0.673438 0.103125 0.158125
14 0.676562 0.673438 0.103125 0.158125
12 0.806250 0.673438 0.103125 0.158125