21 0.138281 0.218750 0.084219 0.130625
5 0.252344 0.218750 0.084219 0.130625
12 0.366406 0.218750 0.084219 0.130625
7 0.480469 0.218750 0.084219 0.130625
21 0.594531 0.218750 0.084219 0.130625
12 0.708594 0.218750 0.084219 0.130625
25 0.822656 0.218750 0.084219 0.130625
23 0.138281 0.389062 0.084219 0.130625
9 0.252344 0.389062 0.084219 0.130625
2 0.366406 0.389062 0.084219 0.130625
24 0.480469 0.389062 0.084219 0.130625
23 0.594531 0.389062 0.084219 0.130625
10 0.708594 0.389062 0.084219 0.130625
23 0.822656 0.389062 0.084219 0.130625
18 0.138281 0.559375 0.084219 0.130625
4 0.252344 0.559375 0.084219 0.130625
0 0.366406 0.559375 0.084219 0.130625
0 0.480469 0.559375 0.084219 0.130625
3 0.594531 0.559375 0.084219 0.130625
21 0.708594 0.559375 0.084219 0.130625
11 0.822656 0.559375 0.084219 0.130625
11 0.138281 0.729688 0.084219 0.130625
22 0.252344 0.729688 0.084219 0.130625
11 0.366406 0.729688 0.084219 0.130625
8 0.480469 0.729688 0.084219 0.130625
5 0.594531 0.729688 0.084219 0.130625
12 0.708594 0.729688 0.084219 0.130625
9 0.822656 0.729688 0.084219 0.130625