15 0.135937 0.229687 0.103125 0.165000
21 0.300000 0.229687 0.103125 0.165000
7 0.464062 0.229687 0.103125 0.165000
5 0.628125 0.229687 0.103125 0.165000
18 0.792188 0.229687 0.103125 0.165000
15 0.135937 0.459375 0.103125 0.165000
5 0.300000 0.459375 0.103125 0.165000
6 0.464062 0.459375 0.103125 0.165000
10 0.628125 0.459375 0.103125 0.165000
17 0.792188 0.459375 0.103125 0.165000
16 0.135937 0.689063 0.103125 0.165000
20 0.300000 0.689063 0.103125 0.165000
3 0.464062 0.689063 0.103125 0.165000
19 0.628125 0.689063 0.103125 0.165000
3 0.792188 0.689063 0.103125 0.165000