21 0.098437 0.178125 0.075625 0.116875
6 0.195312 0.178125 0.075625 0.116875
17 0.292187 0.178125 0.075625 0.116875
6 0.389062 0.178125 0.075625 0.116875
7 0.485938 0.178125 0.075625 0.116875
10 0.582812 0.178125 0.075625 0.116875
20 0.679688 0.178125 0.075625 0.116875
24 0.776563 0.178125 0.075625 0.116875
20 0.873437 0.178125 0.075625 0.116875
5 0.098437 0.328125 0.075625 0.116875
2 0.195312 0.328125 0.075625 0.116875
16 0.292187 0.328125 0.075625 0.116875
11 0.389062 0.328125 0.075625 0.116875
13 0.485938 0.328125 0.075625 0.116875
18 0.582812 0.328125 0.075625 0.116875
22 0.679688 0.328125 0.075625 0.116875
6 0.776563 0.328125 0.075625 0.116875
7 0.873437 0.328125 0.075625 0.116875
13 0.098437 0.478125 0.075625 0.116875
12 0.195312 0.478125 0.075625 0.116875
6 0.292187 0.478125 0.075625 0.116875
7 0.389062 0.478125 0.075625 0.116875
2 0.485938 0.478125 0.075625 0.116875
22 0.582812 0.478125 0.075625 0.116875
24 0.679688 0.478125 0.075625 0.116875
23 0.776563 0.478125 0.075625 0.116875
14 0.873437 0.478125 0.075625 0.116875
19 0.098437 0.628125 0.075625 0.116875
2 0.195312 0.628125 0.075625 0.116875
24 0.292187 0.628125 0.075625 0.116875
25 0.389062 0.628125 0.075625 0.116875
23 0.485938 0.628125 0.075625 0.116875
5 0.582812 0.628125 0.075625 0.116875
5 0.679688 0.628125 0.075625 0.116875
11 0.776563 0.628125 0.075625 0.116875
12 0.873437 0.628125 0.075625 0.116875
15 0.098437 0.778125 0.075625 0.116875
15 0.195312 0.778125 0.075625 0.116875
18 0.292187 0.778125 0.075625 0.116875
17 0.389062 0.778125 0.075625 0.116875
5 0.485938 0.778125 0.075625 0.116875
0 0.582812 0.778125 0.075625 0.116875
11 0.679688 0.778125 0.075625 0.116875
25 0.776563 0.778125 0.075625 0.116875
0 0.873437 0.778125 0.075625 0.116875