7 0.150000 0.204687 0.085938 0.134063
17 0.279687 0.204687 0.085938 0.134063
14 0.409375 0.204687 0.085938 0.134063
7 0.539062 0.204687 0.085938 0.134063
0 0.668750 0.204687 0.085938 0.134063
11 0.798438 0.204687 0.085938 0.134063
23 0.150000 0.382812 0.085938 0.134063
16 0.279687 0.382812 0.085938 0.134063
22 0.409375 0.382812 0.085938 0.134063
21 0.539062 0.382812 0.085938 0.134063
9 0.668750 0.382812 0.085938 0.134063
9 0.798438 0.382812 0.085938 0.134063
21 0.150000 0.560937 0.085938 0.134063
20 0.279687 0.560937 0.085938 0.134063
18 0.409375 0.560937 0.085938 0.134063
15 0.539062 0.560937 0.085938 0.134063
10 0.668750 0.560937 0.085938 0.134063
13 0.798438 0.560937 0.085938 0.134063
0 0.150000 0.739062 0.085938 0.134063
19 0.279687 0.739062 0.085938 0.134063
23 0.409375 0.739062 0.085938 0.134063
9 0.539062 0.739062 0.085938 0.134063
11 0.668750 0.739062 0.085938 0.134063
21 0.798438 0.739062 0.085938 0.134063