7 0.170313 0.248438 0.099687 0.158125
5 0.320312 0.248438 0.099687 0.158125
2 0.470313 0.248438 0.099687 0.158125
10 0.620313 0.248438 0.099687 0.158125
11 0.770312 0.248438 0.099687 0.158125
21 0.170313 0.464062 0.099687 0.158125
8 0.320312 0.464062 0.099687 0.158125
9 0.470313 0.464062 0.099687 0.158125
6 0.620313 0.464062 0.099687 0.158125
18 0.770312 0.464062 0.099687 0.158125
9 0.170313 0.679688 0.099687 0.158125
6 0.320312 0.679688 0.099687 0.158125
12 0.470313 0.679688 0.099687 0.158125
5 0.620313 0.679688 0.099687 0.158125
14 0.770312 0.679688 0.099687 0.158125