2 0.132812 0.203125 0.082500 0.130625
20 0.248438 0.203125 0.082500 0.130625
23 0.364063 0.203125 0.082500 0.130625
8 0.479687 0.203125 0.082500 0.130625
13 0.595313 0.203125 0.082500 0.130625
24 0.710938 0.203125 0.082500 0.130625
17 0.826562 0.203125 0.082500 0.130625
20 0.132812 0.381250 0.082500 0.130625
22 0.248438 0.381250 0.082500 0.130625
24 0.364063 0.381250 0.082500 0.130625
4 0.479687 0.381250 0.082500 0.130625
19 0.595313 0.381250 0.082500 0.130625
21 0.710938 0.381250 0.082500 0.130625
6 0.826562 0.381250 0.082500 0.130625
12 0.132812 0.559375 0.082500 0.130625
7 0.248438 0.559375 0.082500 0.130625
3 0.364063 0.559375 0.082500 0.130625
8 0.479687 0.559375 0.082500 0.130625
8 0.595313 0.559375 0.082500 0.130625
25 0.710938 0.559375 0.082500 0.130625
11 0.826562 0.559375 0.082500 0.130625
20 0.132812 0.737500 0.082500 0.130625
9 0.248438 0.737500 0.082500 0.130625
13 0.364063 0.737500 0.082500 0.130625
4 0.479687 0.737500 0.082500 0.130625
15 0.595313 0.737500 0.082500 0.130625
24 0.710938 0.737500 0.082500 0.130625
20 0.826562 0.737500 0.082500 0.130625