2 0.098437 0.201563 0.079063 0.127188
12 0.223438 0.201563 0.079063 0.127188
7 0.348438 0.201563 0.079063 0.127188
1 0.473438 0.201563 0.079063 0.127188
19 0.598437 0.201563 0.079063 0.127188
3 0.723437 0.201563 0.079063 0.127188
17 0.848437 0.201563 0.079063 0.127188
21 0.098437 0.379688 0.079063 0.127188
11 0.223438 0.379688 0.079063 0.127188
3 0.348438 0.379688 0.079063 0.127188
2 0.473438 0.379688 0.079063 0.127188
5 0.598437 0.379688 0.079063 0.127188
21 0.723437 0.379688 0.079063 0.127188
6 0.848437 0.379688 0.079063 0.127188
25 0.098437 0.557813 0.079063 0.127188
2 0.223438 0.557813 0.079063 0.127188
25 0.348438 0.557813 0.079063 0.127188
15 0.473438 0.557813 0.079063 0.127188
12 0.598437 0.557813 0.079063 0.127188
8 0.723437 0.557813 0.079063 0.127188
15 0.848437 0.557813 0.079063 0.127188
10 0.098437 0.735938 0.079063 0.127188
12 0.223438 0.735938 0.079063 0.127188
16 0.348438 0.735938 0.079063 0.127188
3 0.473438 0.735938 0.079063 0.127188
19 0.598437 0.735938 0.079063 0.127188
23 0.723437 0.735938 0.079063 0.127188
7 0.848437 0.735938 0.079063 0.127188