13 0.109375 0.184375 0.092812 0.144375
11 0.232813 0.184375 0.092812 0.144375
6 0.356250 0.184375 0.092812 0.144375
11 0.479687 0.184375 0.092812 0.144375
14 0.603125 0.184375 0.092812 0.144375
6 0.726562 0.184375 0.092812 0.144375
19 0.850000 0.184375 0.092812 0.144375
6 0.109375 0.375000 0.092812 0.144375
3 0.232813 0.375000 0.092812 0.144375
15 0.356250 0.375000 0.092812 0.144375
7 0.479687 0.375000 0.092812 0.144375
4 0.603125 0.375000 0.092812 0.144375
14 0.726562 0.375000 0.092812 0.144375
13 0.850000 0.375000 0.092812 0.144375
20 0.109375 0.565625 0.092812 0.144375
15 0.232813 0.565625 0.092812 0.144375
3 0.356250 0.565625 0.092812 0.144375
12 0.479687 0.565625 0.092812 0.144375
19 0.603125 0.565625 0.092812 0.144375
11 0.726562 0.565625 0.092812 0.144375
10 0.850000 0.565625 0.092812 0.144375
19 0.109375 0.756250 0.092812 0.144375
17 0.232813 0.756250 0.092812 0.144375
8 0.356250 0.756250 0.092812 0.144375
25 0.479687 0.756250 0.092812 0.144375
22 0.603125 0.756250 0.092812 0.144375
12 0.726562 0.756250 0.092812 0.144375
5 0.850000 0.756250 0.092812 0.144375