13 0.098437 0.221875 0.079063 0.123750
11 0.207813 0.221875 0.079063 0.123750
10 0.317188 0.221875 0.079063 0.123750
13 0.426563 0.221875 0.079063 0.123750
3 0.535937 0.221875 0.079063 0.123750
16 0.645312 0.221875 0.079063 0.123750
1 0.754687 0.221875 0.079063 0.123750
10 0.864062 0.221875 0.079063 0.123750
17 0.098437 0.389062 0.079063 0.123750
23 0.207813 0.389062 0.079063 0.123750
2 0.317188 0.389062 0.079063 0.123750
4 0.426563 0.389062 0.079063 0.123750
15 0.535937 0.389062 0.079063 0.123750
6 0.645312 0.389062 0.079063 0.123750
21 0.754687 0.389062 0.079063 0.123750
2 0.864062 0.389062 0.079063 0.123750
0 0.098437 0.556250 0.079063 0.123750
0 0.207813 0.556250 0.079063 0.123750
17 0.317188 0.556250 0.079063 0.123750
1 0.426563 0.556250 0.079063 0.123750
11 0.535937 0.556250 0.079063 0.123750
4 0.645312 0.556250 0.079063 0.123750
25 0.754687 0.556250 0.079063 0.123750
2 0.864062 0.556250 0.079063 0.123750
22 0.098437 0.723437 0.079063 0.123750
8 0.207813 0.723437 0.079063 0.123750
23 0.317188 0.723437 0.079063 0.123750
11 0.426563 0.723437 0.079063 0.123750
20 0.535937 0.723437 0.079063 0.123750
0 0.645312 0.723437 0.079063 0.123750
5 0.754687 0.723437 0.079063 0.123750
12 0.864062 0.723437 0.079063 0.123750