6 0.087500 0.175000 0.068750 0.110000
12 0.198437 0.175000 0.068750 0.110000
8 0.309375 0.175000 0.068750 0.110000
24 0.420312 0.175000 0.068750 0.110000
2 0.531250 0.175000 0.068750 0.110000
14 0.642188 0.175000 0.068750 0.110000
2 0.753125 0.175000 0.068750 0.110000
18 0.864062 0.175000 0.068750 0.110000
5 0.087500 0.325000 0.068750 0.110000
19 0.198437 0.325000 0.068750 0.110000
8 0.309375 0.325000 0.068750 0.110000
14 0.420312 0.325000 0.068750 0.110000
3 0.531250 0.325000 0.068750 0.110000
11 0.642188 0.325000 0.068750 0.110000
1 0.753125 0.325000 0.068750 0.110000
6 0.864062 0.325000 0.068750 0.110000
6 0.087500 0.475000 0.068750 0.110000
22 0.198437 0.475000 0.068750 0.110000
14 0.309375 0.475000 0.068750 0.110000
10 0.420312 0.475000 0.068750 0.110000
5 0.531250 0.475000 0.068750 0.110000
3 0.642188 0.475000 0.068750 0.110000
19 0.753125 0.475000 0.068750 0.110000
0 0.864062 0.475000 0.068750 0.110000
11 0.087500 0.625000 0.068750 0.110000
12 0.198437 0.625000 0.068750 0.110000
4 0.309375 0.625000 0.068750 0.110000
4 0.420312 0.625000 0.068750 0.110000
15 0.531250 0.625000 0.068750 0.110000
3 0.642188 0.625000 0.068750 0.110000
21 0.753125 0.625000 0.068750 0.110000
7 0.864062 0.625000 0.068750 0.110000
20 0.087500 0.775000 0.068750 0.110000
18 0.198437 0.775000 0.068750 0.110000
5 0.309375 0.775000 0.068750 0.110000
18 0.420312 0.775000 0.068750 0.110000
25 0.531250 0.775000 0.068750 0.110000
13 0.642188 0.775000 0.068750 0.110000
4 0.753125 0.775000 0.068750 0.110000
6 0.864062 0.775000 0.068750 0.110000