14 0.168750 0.235937 0.106563 0.168437
3 0.320312 0.235937 0.106563 0.168437
13 0.471875 0.235937 0.106563 0.168437
18 0.623437 0.235937 0.106563 0.168437
6 0.775000 0.235937 0.106563 0.168437
2 0.168750 0.462500 0.106563 0.168437
6 0.320312 0.462500 0.106563 0.168437
9 0.471875 0.462500 0.106563 0.168437
10 0.623437 0.462500 0.106563 0.168437
2 0.775000 0.462500 0.106563 0.168437
10 0.168750 0.689063 0.106563 0.168437
12 0.320312 0.689063 0.106563 0.168437
21 0.471875 0.689063 0.106563 0.168437
10 0.623437 0.689063 0.106563 0.168437
20 0.775000 0.689063 0.106563 0.168437