2 0.133594 0.176563 0.101406 0.154688
13 0.271094 0.176563 0.101406 0.154688
22 0.408594 0.176563 0.101406 0.154688
21 0.546094 0.176563 0.101406 0.154688
13 0.683594 0.176563 0.101406 0.154688
24 0.821094 0.176563 0.101406 0.154688
25 0.133594 0.373437 0.101406 0.154688
13 0.271094 0.373437 0.101406 0.154688
14 0.408594 0.373437 0.101406 0.154688
17 0.546094 0.373437 0.101406 0.154688
22 0.683594 0.373437 0.101406 0.154688
14 0.821094 0.373437 0.101406 0.154688
12 0.133594 0.570312 0.101406 0.154688
4 0.271094 0.570312 0.101406 0.154688
19 0.408594 0.570312 0.101406 0.154688
21 0.546094 0.570312 0.101406 0.154688
17 0.683594 0.570312 0.101406 0.154688
21 0.821094 0.570312 0.101406 0.154688
18 0.133594 0.767188 0.101406 0.154688
16 0.271094 0.767188 0.101406 0.154688
2 0.408594 0.767188 0.101406 0.154688
3 0.546094 0.767188 0.101406 0.154688
1 0.683594 0.767188 0.101406 0.154688
19 0.821094 0.767188 0.101406 0.154688