12 0.115625 0.185938 0.082500 0.134063
13 0.235937 0.185938 0.082500 0.134063
20 0.356250 0.185938 0.082500 0.134063
14 0.476562 0.185938 0.082500 0.134063
14 0.596875 0.185938 0.082500 0.134063
23 0.717187 0.185938 0.082500 0.134063
16 0.837500 0.185938 0.082500 0.134063
17 0.115625 0.373437 0.082500 0.134063
2 0.235937 0.373437 0.082500 0.134063
9 0.356250 0.373437 0.082500 0.134063
25 0.476562 0.373437 0.082500 0.134063
19 0.596875 0.373437 0.082500 0.134063
10 0.717187 0.373437 0.082500 0.134063
25 0.837500 0.373437 0.082500 0.134063
21 0.115625 0.560937 0.082500 0.134063
25 0.235937 0.560937 0.082500 0.134063
13 0.356250 0.560937 0.082500 0.134063
17 0.476562 0.560937 0.082500 0.134063
3 0.596875 0.560937 0.082500 0.134063
24 0.717187 0.560937 0.082500 0.134063
13 0.837500 0.560937 0.082500 0.134063
24 0.115625 0.748437 0.082500 0.134063
10 0.235937 0.748437 0.082500 0.134063
14 0.356250 0.748437 0.082500 0.134063
20 0.476562 0.748437 0.082500 0.134063
22 0.596875 0.748437 0.082500 0.134063
8 0.717187 0.748437 0.082500 0.134063
3 0.837500 0.748437 0.082500 0.134063