19 0.135156 0.218750 0.077344 0.123750
6 0.249219 0.218750 0.077344 0.123750
22 0.363281 0.218750 0.077344 0.123750
20 0.477344 0.218750 0.077344 0.123750
24 0.591406 0.218750 0.077344 0.123750
12 0.705469 0.218750 0.077344 0.123750
9 0.819531 0.218750 0.077344 0.123750
7 0.135156 0.387500 0.077344 0.123750
6 0.249219 0.387500 0.077344 0.123750
7 0.363281 0.387500 0.077344 0.123750
3 0.477344 0.387500 0.077344 0.123750
17 0.591406 0.387500 0.077344 0.123750
8 0.705469 0.387500 0.077344 0.123750
21 0.819531 0.387500 0.077344 0.123750
19 0.135156 0.556250 0.077344 0.123750
6 0.249219 0.556250 0.077344 0.123750
3 0.363281 0.556250 0.077344 0.123750
16 0.477344 0.556250 0.077344 0.123750
24 0.591406 0.556250 0.077344 0.123750
24 0.705469 0.556250 0.077344 0.123750
22 0.819531 0.556250 0.077344 0.123750
12 0.135156 0.725000 0.077344 0.123750
4 0.249219 0.725000 0.077344 0.123750
12 0.363281 0.725000 0.077344 0.123750
7 0.477344 0.725000 0.077344 0.123750
7 0.591406 0.725000 0.077344 0.123750
23 0.705469 0.725000 0.077344 0.123750
10 0.819531 0.725000 0.077344 0.123750