17 0.178906 0.240625 0.101406 0.161562
9 0.325781 0.240625 0.101406 0.161562
16 0.472656 0.240625 0.101406 0.161562
24 0.619531 0.240625 0.101406 0.161562
21 0.766406 0.240625 0.101406 0.161562
16 0.178906 0.462500 0.101406 0.161562
16 0.325781 0.462500 0.101406 0.161562
5 0.472656 0.462500 0.101406 0.161562
18 0.619531 0.462500 0.101406 0.161562
19 0.766406 0.462500 0.101406 0.161562
25 0.178906 0.684375 0.101406 0.161562
20 0.325781 0.684375 0.101406 0.161562
24 0.472656 0.684375 0.101406 0.161562
14 0.619531 0.684375 0.101406 0.161562
24 0.766406 0.684375 0.101406 0.161562