9 0.092969 0.176563 0.067031 0.106563
10 0.202344 0.176563 0.067031 0.106563
9 0.311719 0.176563 0.067031 0.106563
9 0.421094 0.176563 0.067031 0.106563
11 0.530469 0.176563 0.067031 0.106563
5 0.639844 0.176563 0.067031 0.106563
2 0.749219 0.176563 0.067031 0.106563
25 0.858594 0.176563 0.067031 0.106563
24 0.092969 0.325000 0.067031 0.106563
2 0.202344 0.325000 0.067031 0.106563
17 0.311719 0.325000 0.067031 0.106563
16 0.421094 0.325000 0.067031 0.106563
17 0.530469 0.325000 0.067031 0.106563
15 0.639844 0.325000 0.067031 0.106563
24 0.749219 0.325000 0.067031 0.106563
17 0.858594 0.325000 0.067031 0.106563
16 0.092969 0.473438 0.067031 0.106563
21 0.202344 0.473438 0.067031 0.106563
9 0.311719 0.473438 0.067031 0.106563
15 0.421094 0.473438 0.067031 0.106563
8 0.530469 0.473438 0.067031 0.106563
4 0.639844 0.473438 0.067031 0.106563
8 0.749219 0.473438 0.067031 0.106563
24 0.858594 0.473438 0.067031 0.106563
0 0.092969 0.621875 0.067031 0.106563
9 0.202344 0.621875 0.067031 0.106563
16 0.311719 0.621875 0.067031 0.106563
13 0.421094 0.621875 0.067031 0.106563
11 0.530469 0.621875 0.067031 0.106563
1 0.639844 0.621875 0.067031 0.106563
16 0.749219 0.621875 0.067031 0.106563
19 0.858594 0.621875 0.067031 0.106563
13 0.092969 0.770312 0.067031 0.106563
10 0.202344 0.770312 0.067031 0.106563
22 0.311719 0.770312 0.067031 0.106563
19 0.421094 0.770312 0.067031 0.106563
15 0.530469 0.770312 0.067031 0.106563
9 0.639844 0.770312 0.067031 0.106563
22 0.749219 0.770312 0.067031 0.106563
0 0.858594 0.770312 0.067031 0.106563