9 0.132031 0.196875 0.087656 0.137500
6 0.267969 0.196875 0.087656 0.137500
18 0.403906 0.196875 0.087656 0.137500
15 0.539844 0.196875 0.087656 0.137500
22 0.675781 0.196875 0.087656 0.137500
24 0.811719 0.196875 0.087656 0.137500
24 0.132031 0.379688 0.087656 0.137500
21 0.267969 0.379688 0.087656 0.137500
4 0.403906 0.379688 0.087656 0.137500
3 0.539844 0.379688 0.087656 0.137500
19 0.675781 0.379688 0.087656 0.137500
5 0.811719 0.379688 0.087656 0.137500
10 0.132031 0.562500 0.087656 0.137500
17 0.267969 0.562500 0.087656 0.137500
20 0.403906 0.562500 0.087656 0.137500
4 0.539844 0.562500 0.087656 0.137500
3 0.675781 0.562500 0.087656 0.137500
20 0.811719 0.562500 0.087656 0.137500
2 0.132031 0.745313 0.087656 0.137500
17 0.267969 0.745313 0.087656 0.137500
22 0.403906 0.745313 0.087656 0.137500
25 0.539844 0.745313 0.087656 0.137500
24 0.675781 0.745313 0.087656 0.137500
10 0.811719 0.745313 0.087656 0.137500