13 0.141406 0.240625 0.097969 0.158125
23 0.302344 0.240625 0.097969 0.158125
4 0.463281 0.240625 0.097969 0.158125
25 0.624219 0.240625 0.097969 0.158125
14 0.785156 0.240625 0.097969 0.158125
4 0.141406 0.460938 0.097969 0.158125
20 0.302344 0.460938 0.097969 0.158125
9 0.463281 0.460938 0.097969 0.158125
8 0.624219 0.460938 0.097969 0.158125
13 0.785156 0.460938 0.097969 0.158125
1 0.141406 0.681250 0.097969 0.158125
25 0.302344 0.681250 0.097969 0.158125
5 0.463281 0.681250 0.097969 0.158125
13 0.624219 0.681250 0.097969 0.158125
14 0.785156 0.681250 0.097969 0.158125