2 0.102344 0.190625 0.087656 0.137500
18 0.227344 0.190625 0.087656 0.137500
21 0.352344 0.190625 0.087656 0.137500
18 0.477344 0.190625 0.087656 0.137500
8 0.602344 0.190625 0.087656 0.137500
19 0.727344 0.190625 0.087656 0.137500
4 0.852344 0.190625 0.087656 0.137500
18 0.102344 0.376563 0.087656 0.137500
1 0.227344 0.376563 0.087656 0.137500
9 0.352344 0.376563 0.087656 0.137500
20 0.477344 0.376563 0.087656 0.137500
4 0.602344 0.376563 0.087656 0.137500
1 0.727344 0.376563 0.087656 0.137500
5 0.852344 0.376563 0.087656 0.137500
13 0.102344 0.562500 0.087656 0.137500
3 0.227344 0.562500 0.087656 0.137500
15 0.352344 0.562500 0.087656 0.137500
9 0.477344 0.562500 0.087656 0.137500
23 0.602344 0.562500 0.087656 0.137500
9 0.727344 0.562500 0.087656 0.137500
16 0.852344 0.562500 0.087656 0.137500
19 0.102344 0.748437 0.087656 0.137500
14 0.227344 0.748437 0.087656 0.137500
8 0.352344 0.748437 0.087656 0.137500
16 0.477344 0.748437 0.087656 0.137500
23 0.602344 0.748437 0.087656 0.137500
4 0.727344 0.748437 0.087656 0.137500
18 0.852344 0.748437 0.087656 0.137500