14 0.097656 0.150000 0.060156 0.096250
17 0.192969 0.150000 0.060156 0.096250
19 0.288281 0.150000 0.060156 0.096250
14 0.383594 0.150000 0.060156 0.096250
19 0.478906 0.150000 0.060156 0.096250
8 0.574219 0.150000 0.060156 0.096250
10 0.669531 0.150000 0.060156 0.096250
19 0.764844 0.150000 0.060156 0.096250
0 0.860156 0.150000 0.060156 0.096250
21 0.097656 0.281250 0.060156 0.096250
22 0.192969 0.281250 0.060156 0.096250
1 0.288281 0.281250 0.060156 0.096250
4 0.383594 0.281250 0.060156 0.096250
23 0.478906 0.281250 0.060156 0.096250
24 0.574219 0.281250 0.060156 0.096250
24 0.669531 0.281250 0.060156 0.096250
14 0.764844 0.281250 0.060156 0.096250
9 0.860156 0.281250 0.060156 0.096250
11 0.097656 0.412500 0.060156 0.096250
7 0.192969 0.412500 0.060156 0.096250
18 0.288281 0.412500 0.060156 0.096250
12 0.383594 0.412500 0.060156 0.096250
3 0.478906 0.412500 0.060156 0.096250
14 0.574219 0.412500 0.060156 0.096250
10 0.669531 0.412500 0.060156 0.096250
18 0.764844 0.412500 0.060156 0.096250
11 0.860156 0.412500 0.060156 0.096250
23 0.097656 0.543750 0.060156 0.096250
18 0.192969 0.543750 0.060156 0.096250
5 0.288281 0.543750 0.060156 0.096250
3 0.383594 0.543750 0.060156 0.096250
24 0.478906 0.543750 0.060156 0.096250
11 0.574219 0.543750 0.060156 0.096250
2 0.669531 0.543750 0.060156 0.096250
3 0.764844 0.543750 0.060156 0.096250
0 0.860156 0.543750 0.060156 0.096250
19 0.097656 0.675000 0.060156 0.096250
6 0.192969 0.675000 0.060156 0.096250
4 0.288281 0.675000 0.060156 0.096250
6 0.383594 0.675000 0.060156 0.096250
12 0.478906 0.675000 0.060156 0.096250
10 0.574219 0.675000 0.060156 0.096250
9 0.669531 0.675000 0.060156 0.096250
10 0.764844 0.675000 0.060156 0.096250
14 0.860156 0.675000 0.060156 0.096250
12 0.097656 0.806250 0.060156 0.096250
12 0.192969 0.806250 0.060156 0.096250
11 0.288281 0.806250 0.060156 0.096250
7 0.383594 0.806250 0.060156 0.096250
11 0.478906 0.806250 0.060156 0.096250
23 0.574219 0.806250 0.060156 0.096250
4 0.669531 0.806250 0.060156 0.096250
1 0.764844 0.806250 0.060156 0.096250
19 0.860156 0.806250 0.060156 0.096250