3 0.113281 0.223438 0.087656 0.134063
22 0.235156 0.223438 0.087656 0.134063
25 0.357031 0.223438 0.087656 0.134063
0 0.478906 0.223438 0.087656 0.134063
24 0.600781 0.223438 0.087656 0.134063
4 0.722656 0.223438 0.087656 0.134063
10 0.844531 0.223438 0.087656 0.134063
13 0.113281 0.392188 0.087656 0.134063
15 0.235156 0.392188 0.087656 0.134063
16 0.357031 0.392188 0.087656 0.134063
8 0.478906 0.392188 0.087656 0.134063
2 0.600781 0.392188 0.087656 0.134063
6 0.722656 0.392188 0.087656 0.134063
23 0.844531 0.392188 0.087656 0.134063
24 0.113281 0.560937 0.087656 0.134063
9 0.235156 0.560937 0.087656 0.134063
25 0.357031 0.560937 0.087656 0.134063
17 0.478906 0.560937 0.087656 0.134063
1 0.600781 0.560937 0.087656 0.134063
8 0.722656 0.560937 0.087656 0.134063
22 0.844531 0.560937 0.087656 0.134063
22 0.113281 0.729688 0.087656 0.134063
8 0.235156 0.729688 0.087656 0.134063
4 0.357031 0.729688 0.087656 0.134063
15 0.478906 0.729688 0.087656 0.134063
16 0.600781 0.729688 0.087656 0.134063
20 0.722656 0.729688 0.087656 0.134063
1 0.844531 0.729688 0.087656 0.134063