5 0.160938 0.243750 0.096250 0.154688
21 0.314063 0.243750 0.096250 0.154688
18 0.467187 0.243750 0.096250 0.154688
18 0.620313 0.243750 0.096250 0.154688
11 0.773438 0.243750 0.096250 0.154688
11 0.160938 0.460938 0.096250 0.154688
0 0.314063 0.460938 0.096250 0.154688
6 0.467187 0.460938 0.096250 0.154688
7 0.620313 0.460938 0.096250 0.154688
0 0.773438 0.460938 0.096250 0.154688
5 0.160938 0.678125 0.096250 0.154688
20 0.314063 0.678125 0.096250 0.154688
0 0.467187 0.678125 0.096250 0.154688
12 0.620313 0.678125 0.096250 0.154688
25 0.773438 0.678125 0.096250 0.154688