22 0.176563 0.256250 0.106563 0.165000
16 0.325000 0.256250 0.106563 0.165000
6 0.473438 0.256250 0.106563 0.165000
23 0.621875 0.256250 0.106563 0.165000
13 0.770312 0.256250 0.106563 0.165000
4 0.176563 0.468750 0.106563 0.165000
22 0.325000 0.468750 0.106563 0.165000
1 0.473438 0.468750 0.106563 0.165000
14 0.621875 0.468750 0.106563 0.165000
16 0.770312 0.468750 0.106563 0.165000
7 0.176563 0.681250 0.106563 0.165000
15 0.325000 0.681250 0.106563 0.165000
25 0.473438 0.681250 0.106563 0.165000
14 0.621875 0.681250 0.106563 0.165000
11 0.770312 0.681250 0.106563 0.165000