3 0.171875 0.264062 0.096250 0.151250
19 0.320312 0.264062 0.096250 0.151250
14 0.468750 0.264062 0.096250 0.151250
2 0.617188 0.264062 0.096250 0.151250
0 0.765625 0.264062 0.096250 0.151250
23 0.171875 0.467187 0.096250 0.151250
4 0.320312 0.467187 0.096250 0.151250
9 0.468750 0.467187 0.096250 0.151250
10 0.617188 0.467187 0.096250 0.151250
25 0.765625 0.467187 0.096250 0.151250
20 0.171875 0.670312 0.096250 0.151250
20 0.320312 0.670312 0.096250 0.151250
14 0.468750 0.670312 0.096250 0.151250
1 0.617188 0.670312 0.096250 0.151250
25 0.765625 0.670312 0.096250 0.151250