11 0.147656 0.228125 0.101406 0.165000
22 0.307031 0.228125 0.101406 0.165000
11 0.466406 0.228125 0.101406 0.165000
10 0.625781 0.228125 0.101406 0.165000
6 0.785156 0.228125 0.101406 0.165000
0 0.147656 0.459375 0.101406 0.165000
7 0.307031 0.459375 0.101406 0.165000
21 0.466406 0.459375 0.101406 0.165000
6 0.625781 0.459375 0.101406 0.165000
8 0.785156 0.459375 0.101406 0.165000
0 0.147656 0.690625 0.101406 0.165000
1 0.307031 0.690625 0.101406 0.165000
19 0.466406 0.690625 0.101406 0.165000
24 0.625781 0.690625 0.101406 0.165000
15 0.785156 0.690625 0.101406 0.165000