9 0.180469 0.176563 0.087656 0.140937
8 0.324219 0.176563 0.087656 0.140937
11 0.467969 0.176563 0.087656 0.140937
8 0.611719 0.176563 0.087656 0.140937
12 0.755469 0.176563 0.087656 0.140937
24 0.180469 0.370312 0.087656 0.140937
11 0.324219 0.370312 0.087656 0.140937
10 0.467969 0.370312 0.087656 0.140937
3 0.611719 0.370312 0.087656 0.140937
9 0.755469 0.370312 0.087656 0.140937
24 0.180469 0.564063 0.087656 0.140937
18 0.324219 0.564063 0.087656 0.140937
5 0.467969 0.564063 0.087656 0.140937
21 0.611719 0.564063 0.087656 0.140937
23 0.755469 0.564063 0.087656 0.140937
25 0.180469 0.757812 0.087656 0.140937
22 0.324219 0.757812 0.087656 0.140937
7 0.467969 0.757812 0.087656 0.140937
3 0.611719 0.757812 0.087656 0.140937
10 0.755469 0.757812 0.087656 0.140937