4 0.167969 0.246875 0.104844 0.165000
18 0.319531 0.246875 0.104844 0.165000
19 0.471094 0.246875 0.104844 0.165000
17 0.622656 0.246875 0.104844 0.165000
14 0.774219 0.246875 0.104844 0.165000
25 0.167969 0.465625 0.104844 0.165000
21 0.319531 0.465625 0.104844 0.165000
8 0.471094 0.465625 0.104844 0.165000
22 0.622656 0.465625 0.104844 0.165000
1 0.774219 0.465625 0.104844 0.165000
10 0.167969 0.684375 0.104844 0.165000
10 0.319531 0.684375 0.104844 0.165000
5 0.471094 0.684375 0.104844 0.165000
18 0.622656 0.684375 0.104844 0.165000
2 0.774219 0.684375 0.104844 0.165000