5 0.133594 0.193750 0.080781 0.130625
17 0.267969 0.193750 0.080781 0.130625
2 0.402344 0.193750 0.080781 0.130625
6 0.536719 0.193750 0.080781 0.130625
3 0.671094 0.193750 0.080781 0.130625
11 0.805469 0.193750 0.080781 0.130625
14 0.133594 0.376563 0.080781 0.130625
10 0.267969 0.376563 0.080781 0.130625
8 0.402344 0.376563 0.080781 0.130625
5 0.536719 0.376563 0.080781 0.130625
18 0.671094 0.376563 0.080781 0.130625
20 0.805469 0.376563 0.080781 0.130625
14 0.133594 0.559375 0.080781 0.130625
18 0.267969 0.559375 0.080781 0.130625
2 0.402344 0.559375 0.080781 0.130625
1 0.536719 0.559375 0.080781 0.130625
4 0.671094 0.559375 0.080781 0.130625
7 0.805469 0.559375 0.080781 0.130625
11 0.133594 0.742188 0.080781 0.130625
5 0.267969 0.742188 0.080781 0.130625
10 0.402344 0.742188 0.080781 0.130625
21 0.536719 0.742188 0.080781 0.130625
1 0.671094 0.742188 0.080781 0.130625
1 0.805469 0.742188 0.080781 0.130625