5 0.109375 0.151562 0.055000 0.089375
25 0.201563 0.151562 0.055000 0.089375
17 0.293750 0.151562 0.055000 0.089375
11 0.385937 0.151562 0.055000 0.089375
7 0.478125 0.151562 0.055000 0.089375
11 0.570312 0.151562 0.055000 0.089375
19 0.662500 0.151562 0.055000 0.089375
1 0.754687 0.151562 0.055000 0.089375
22 0.846875 0.151562 0.055000 0.089375
8 0.109375 0.281250 0.055000 0.089375
13 0.201563 0.281250 0.055000 0.089375
1 0.293750 0.281250 0.055000 0.089375
4 0.385937 0.281250 0.055000 0.089375
2 0.478125 0.281250 0.055000 0.089375
7 0.570312 0.281250 0.055000 0.089375
25 0.662500 0.281250 0.055000 0.089375
19 0.754687 0.281250 0.055000 0.089375
15 0.846875 0.281250 0.055000 0.089375
7 0.109375 0.410938 0.055000 0.089375
19 0.201563 0.410938 0.055000 0.089375
20 0.293750 0.410938 0.055000 0.089375
6 0.385937 0.410938 0.055000 0.089375
10 0.478125 0.410938 0.055000 0.089375
10 0.570312 0.410938 0.055000 0.089375
12 0.662500 0.410938 0.055000 0.089375
14 0.754687 0.410938 0.055000 0.089375
20 0.846875 0.410938 0.055000 0.089375
5 0.109375 0.540625 0.055000 0.089375
21 0.201563 0.540625 0.055000 0.089375
5 0.293750 0.540625 0.055000 0.089375
15 0.385937 0.540625 0.055000 0.089375
20 0.478125 0.540625 0.055000 0.089375
3 0.570312 0.540625 0.055000 0.089375
18 0.662500 0.540625 0.055000 0.089375
1 0.754687 0.540625 0.055000 0.089375
7 0.846875 0.540625 0.055000 0.089375
25 0.109375 0.670312 0.055000 0.089375
24 0.201563 0.670312 0.055000 0.089375
7 0.293750 0.670312 0.055000 0.089375
23 0.385937 0.670312 0.055000 0.089375
10 0.478125 0.670312 0.055000 0.089375
10 0.570312 0.670312 0.055000 0.089375
1 0.662500 0.670312 0.055000 0.089375
5 0.754687 0.670312 0.055000 0.089375
1 0.846875 0.670312 0.055000 0.089375
21 0.109375 0.800000 0.055000 0.089375
3 0.201563 0.800000 0.055000 0.089375
2 0.293750 0.800000 0.055000 0.089375
10 0.385937 0.800000 0.055000 0.089375
12 0.478125 0.800000 0.055000 0.089375
17 0.570312 0.800000 0.055000 0.089375
6 0.662500 0.800000 0.055000 0.089375
23 0.754687 0.800000 0.055000 0.089375
16 0.846875 0.800000 0.055000 0.089375