25 0.104688 0.184375 0.092812 0.144375
6 0.229687 0.184375 0.092812 0.144375
6 0.354687 0.184375 0.092812 0.144375
20 0.479687 0.184375 0.092812 0.144375
25 0.604688 0.184375 0.092812 0.144375
22 0.729688 0.184375 0.092812 0.144375
12 0.854688 0.184375 0.092812 0.144375
17 0.104688 0.375000 0.092812 0.144375
0 0.229687 0.375000 0.092812 0.144375
20 0.354687 0.375000 0.092812 0.144375
23 0.479687 0.375000 0.092812 0.144375
21 0.604688 0.375000 0.092812 0.144375
6 0.729688 0.375000 0.092812 0.144375
20 0.854688 0.375000 0.092812 0.144375
7 0.104688 0.565625 0.092812 0.144375
15 0.229687 0.565625 0.092812 0.144375
20 0.354687 0.565625 0.092812 0.144375
14 0.479687 0.565625 0.092812 0.144375
2 0.604688 0.565625 0.092812 0.144375
11 0.729688 0.565625 0.092812 0.144375
9 0.854688 0.565625 0.092812 0.144375
7 0.104688 0.756250 0.092812 0.144375
12 0.229687 0.756250 0.092812 0.144375
5 0.354687 0.756250 0.092812 0.144375
20 0.479687 0.756250 0.092812 0.144375
21 0.604688 0.756250 0.092812 0.144375
16 0.729688 0.756250 0.092812 0.144375
0 0.854688 0.756250 0.092812 0.144375