0 0.106250 0.123438 0.061875 0.099687
18 0.200000 0.123438 0.061875 0.099687
24 0.293750 0.123438 0.061875 0.099687
19 0.387500 0.123438 0.061875 0.099687
5 0.481250 0.123438 0.061875 0.099687
4 0.575000 0.123438 0.061875 0.099687
21 0.668750 0.123438 0.061875 0.099687
20 0.762500 0.123438 0.061875 0.099687
0 0.856250 0.123438 0.061875 0.099687
1 0.106250 0.264062 0.061875 0.099687
25 0.200000 0.264062 0.061875 0.099687
15 0.293750 0.264062 0.061875 0.099687
21 0.387500 0.264062 0.061875 0.099687
20 0.481250 0.264062 0.061875 0.099687
8 0.575000 0.264062 0.061875 0.099687
4 0.668750 0.264062 0.061875 0.099687
21 0.762500 0.264062 0.061875 0.099687
18 0.856250 0.264062 0.061875 0.099687
21 0.106250 0.404687 0.061875 0.099687
25 0.200000 0.404687 0.061875 0.099687
7 0.293750 0.404687 0.061875 0.099687
6 0.387500 0.404687 0.061875 0.099687
8 0.481250 0.404687 0.061875 0.099687
15 0.575000 0.404687 0.061875 0.099687
5 0.668750 0.404687 0.061875 0.099687
14 0.762500 0.404687 0.061875 0.099687
0 0.856250 0.404687 0.061875 0.099687
2 0.106250 0.545312 0.061875 0.099687
25 0.200000 0.545312 0.061875 0.099687
8 0.293750 0.545312 0.061875 0.099687
18 0.387500 0.545312 0.061875 0.099687
22 0.481250 0.545312 0.061875 0.099687
18 0.575000 0.545312 0.061875 0.099687
13 0.668750 0.545312 0.061875 0.099687
11 0.762500 0.545312 0.061875 0.099687
11 0.856250 0.545312 0.061875 0.099687
0 0.106250 0.685937 0.061875 0.099687
15 0.200000 0.685937 0.061875 0.099687
8 0.293750 0.685937 0.061875 0.099687
10 0.387500 0.685937 0.061875 0.099687
11 0.481250 0.685937 0.061875 0.099687
6 0.575000 0.685937 0.061875 0.099687
7 0.668750 0.685937 0.061875 0.099687
10 0.762500 0.685937 0.061875 0.099687
7 0.856250 0.685937 0.061875 0.099687
12 0.106250 0.826562 0.061875 0.099687
21 0.200000 0.826562 0.061875 0.099687
5 0.293750 0.826562 0.061875 0.099687
20 0.387500 0.826562 0.061875 0.099687
10 0.481250 0.826562 0.061875 0.099687
12 0.575000 0.826562 0.061875 0.099687
2 0.668750 0.826562 0.061875 0.099687
14 0.762500 0.826562 0.061875 0.099687
2 0.856250 0.826562 0.061875 0.099687