17 0.169531 0.253125 0.097969 0.154688
8 0.319531 0.253125 0.097969 0.154688
11 0.469531 0.253125 0.097969 0.154688
1 0.619531 0.253125 0.097969 0.154688
1 0.769531 0.253125 0.097969 0.154688
11 0.169531 0.464062 0.097969 0.154688
13 0.319531 0.464062 0.097969 0.154688
7 0.469531 0.464062 0.097969 0.154688
15 0.619531 0.464062 0.097969 0.154688
9 0.769531 0.464062 0.097969 0.154688
13 0.169531 0.675000 0.097969 0.154688
17 0.319531 0.675000 0.097969 0.154688
23 0.469531 0.675000 0.097969 0.154688
2 0.619531 0.675000 0.097969 0.154688
2 0.769531 0.675000 0.097969 0.154688