10 0.128906 0.220312 0.087656 0.134063
19 0.246094 0.220312 0.087656 0.134063
24 0.363281 0.220312 0.087656 0.134063
19 0.480469 0.220312 0.087656 0.134063
8 0.597656 0.220312 0.087656 0.134063
3 0.714844 0.220312 0.087656 0.134063
11 0.832031 0.220312 0.087656 0.134063
5 0.128906 0.390625 0.087656 0.134063
25 0.246094 0.390625 0.087656 0.134063
11 0.363281 0.390625 0.087656 0.134063
20 0.480469 0.390625 0.087656 0.134063
10 0.597656 0.390625 0.087656 0.134063
3 0.714844 0.390625 0.087656 0.134063
19 0.832031 0.390625 0.087656 0.134063
8 0.128906 0.560937 0.087656 0.134063
14 0.246094 0.560937 0.087656 0.134063
11 0.363281 0.560937 0.087656 0.134063
20 0.480469 0.560937 0.087656 0.134063
10 0.597656 0.560937 0.087656 0.134063
22 0.714844 0.560937 0.087656 0.134063
9 0.832031 0.560937 0.087656 0.134063
16 0.128906 0.731250 0.087656 0.134063
2 0.246094 0.731250 0.087656 0.134063
14 0.363281 0.731250 0.087656 0.134063
1 0.480469 0.731250 0.087656 0.134063
5 0.597656 0.731250 0.087656 0.134063
23 0.714844 0.731250 0.087656 0.134063
17 0.832031 0.731250 0.087656 0.134063