6 0.129688 0.264062 0.092812 0.147812
22 0.267188 0.264062 0.092812 0.147812
18 0.404687 0.264062 0.092812 0.147812
25 0.542188 0.264062 0.092812 0.147812
9 0.679688 0.264062 0.092812 0.147812
21 0.817187 0.264062 0.092812 0.147812
25 0.129688 0.465625 0.092812 0.147812
3 0.267188 0.465625 0.092812 0.147812
5 0.404687 0.465625 0.092812 0.147812
21 0.542188 0.465625 0.092812 0.147812
25 0.679688 0.465625 0.092812 0.147812
17 0.817187 0.465625 0.092812 0.147812
10 0.129688 0.667188 0.092812 0.147812
12 0.267188 0.667188 0.092812 0.147812
13 0.404687 0.667188 0.092812 0.147812
22 0.542188 0.667188 0.092812 0.147812
18 0.679688 0.667188 0.092812 0.147812
14 0.817187 0.667188 0.092812 0.147812