24 0.100781 0.189062 0.067031 0.106563
16 0.196094 0.189062 0.067031 0.106563
11 0.291406 0.189062 0.067031 0.106563
9 0.386719 0.189062 0.067031 0.106563
1 0.482031 0.189062 0.067031 0.106563
15 0.577344 0.189062 0.067031 0.106563
0 0.672656 0.189062 0.067031 0.106563
5 0.767969 0.189062 0.067031 0.106563
18 0.863281 0.189062 0.067031 0.106563
25 0.100781 0.332813 0.067031 0.106563
22 0.196094 0.332813 0.067031 0.106563
16 0.291406 0.332813 0.067031 0.106563
13 0.386719 0.332813 0.067031 0.106563
13 0.482031 0.332813 0.067031 0.106563
17 0.577344 0.332813 0.067031 0.106563
7 0.672656 0.332813 0.067031 0.106563
8 0.767969 0.332813 0.067031 0.106563
13 0.863281 0.332813 0.067031 0.106563
13 0.100781 0.476562 0.067031 0.106563
15 0.196094 0.476562 0.067031 0.106563
15 0.291406 0.476562 0.067031 0.106563
15 0.386719 0.476562 0.067031 0.106563
2 0.482031 0.476562 0.067031 0.106563
25 0.577344 0.476562 0.067031 0.106563
2 0.672656 0.476562 0.067031 0.106563
10 0.767969 0.476562 0.067031 0.106563
23 0.863281 0.476562 0.067031 0.106563
3 0.100781 0.620313 0.067031 0.106563
6 0.196094 0.620313 0.067031 0.106563
2 0.291406 0.620313 0.067031 0.106563
21 0.386719 0.620313 0.067031 0.106563
0 0.482031 0.620313 0.067031 0.106563
18 0.577344 0.620313 0.067031 0.106563
16 0.672656 0.620313 0.067031 0.106563
14 0.767969 0.620313 0.067031 0.106563
7 0.863281 0.620313 0.067031 0.106563
16 0.100781 0.764062 0.067031 0.106563
10 0.196094 0.764062 0.067031 0.106563
12 0.291406 0.764062 0.067031 0.106563
16 0.386719 0.764062 0.067031 0.106563
25 0.482031 0.764062 0.067031 0.106563
8 0.577344 0.764062 0.067031 0.106563
8 0.672656 0.764062 0.067031 0.106563
1 0.767969 0.764062 0.067031 0.106563
10 0.863281 0.764062 0.067031 0.106563