14 0.160938 0.253125 0.106563 0.165000
16 0.315625 0.253125 0.106563 0.165000
3 0.470313 0.253125 0.106563 0.165000
12 0.625000 0.253125 0.106563 0.165000
18 0.779687 0.253125 0.106563 0.165000
2 0.160938 0.467187 0.106563 0.165000
5 0.315625 0.467187 0.106563 0.165000
12 0.470313 0.467187 0.106563 0.165000
22 0.625000 0.467187 0.106563 0.165000
1 0.779687 0.467187 0.106563 0.165000
10 0.160938 0.681250 0.106563 0.165000
16 0.315625 0.681250 0.106563 0.165000
7 0.470313 0.681250 0.106563 0.165000
8 0.625000 0.681250 0.106563 0.165000
3 0.779687 0.681250 0.106563 0.165000