7 0.181250 0.248438 0.099687 0.158125
2 0.326562 0.248438 0.099687 0.158125
3 0.471875 0.248438 0.099687 0.158125
21 0.617188 0.248438 0.099687 0.158125
19 0.762500 0.248438 0.099687 0.158125
12 0.181250 0.464062 0.099687 0.158125
23 0.326562 0.464062 0.099687 0.158125
21 0.471875 0.464062 0.099687 0.158125
14 0.617188 0.464062 0.099687 0.158125
6 0.762500 0.464062 0.099687 0.158125
13 0.181250 0.679688 0.099687 0.158125
23 0.326562 0.679688 0.099687 0.158125
25 0.471875 0.679688 0.099687 0.158125
13 0.617188 0.679688 0.099687 0.158125
13 0.762500 0.679688 0.099687 0.158125