2 0.116406 0.221875 0.084219 0.130625
4 0.236719 0.221875 0.084219 0.130625
1 0.357031 0.221875 0.084219 0.130625
20 0.477344 0.221875 0.084219 0.130625
4 0.597656 0.221875 0.084219 0.130625
0 0.717969 0.221875 0.084219 0.130625
7 0.838281 0.221875 0.084219 0.130625
9 0.116406 0.390625 0.084219 0.130625
13 0.236719 0.390625 0.084219 0.130625
11 0.357031 0.390625 0.084219 0.130625
18 0.477344 0.390625 0.084219 0.130625
23 0.597656 0.390625 0.084219 0.130625
6 0.717969 0.390625 0.084219 0.130625
24 0.838281 0.390625 0.084219 0.130625
11 0.116406 0.559375 0.084219 0.130625
18 0.236719 0.559375 0.084219 0.130625
8 0.357031 0.559375 0.084219 0.130625
18 0.477344 0.559375 0.084219 0.130625
8 0.597656 0.559375 0.084219 0.130625
4 0.717969 0.559375 0.084219 0.130625
4 0.838281 0.559375 0.084219 0.130625
21 0.116406 0.728125 0.084219 0.130625
11 0.236719 0.728125 0.084219 0.130625
13 0.357031 0.728125 0.084219 0.130625
7 0.477344 0.728125 0.084219 0.130625
18 0.597656 0.728125 0.084219 0.130625
21 0.717969 0.728125 0.084219 0.130625
4 0.838281 0.728125 0.084219 0.130625