14 0.185156 0.253125 0.097969 0.154688
3 0.328906 0.253125 0.097969 0.154688
17 0.472656 0.253125 0.097969 0.154688
20 0.616406 0.253125 0.097969 0.154688
13 0.760156 0.253125 0.097969 0.154688
20 0.185156 0.464062 0.097969 0.154688
9 0.328906 0.464062 0.097969 0.154688
2 0.472656 0.464062 0.097969 0.154688
13 0.616406 0.464062 0.097969 0.154688
14 0.760156 0.464062 0.097969 0.154688
17 0.185156 0.675000 0.097969 0.154688
24 0.328906 0.675000 0.097969 0.154688
22 0.472656 0.675000 0.097969 0.154688
4 0.616406 0.675000 0.097969 0.154688
20 0.760156 0.675000 0.097969 0.154688