3 0.141406 0.156250 0.077344 0.120313
9 0.253906 0.156250 0.077344 0.120313
10 0.366406 0.156250 0.077344 0.120313
0 0.478906 0.156250 0.077344 0.120313
15 0.591406 0.156250 0.077344 0.120313
14 0.703906 0.156250 0.077344 0.120313
15 0.816406 0.156250 0.077344 0.120313
3 0.141406 0.315625 0.077344 0.120313
25 0.253906 0.315625 0.077344 0.120313
18 0.366406 0.315625 0.077344 0.120313
18 0.478906 0.315625 0.077344 0.120313
1 0.591406 0.315625 0.077344 0.120313
8 0.703906 0.315625 0.077344 0.120313
22 0.816406 0.315625 0.077344 0.120313
5 0.141406 0.475000 0.077344 0.120313
1 0.253906 0.475000 0.077344 0.120313
18 0.366406 0.475000 0.077344 0.120313
12 0.478906 0.475000 0.077344 0.120313
9 0.591406 0.475000 0.077344 0.120313
24 0.703906 0.475000 0.077344 0.120313
14 0.816406 0.475000 0.077344 0.120313
22 0.141406 0.634375 0.077344 0.120313
6 0.253906 0.634375 0.077344 0.120313
24 0.366406 0.634375 0.077344 0.120313
11 0.478906 0.634375 0.077344 0.120313
23 0.591406 0.634375 0.077344 0.120313
0 0.703906 0.634375 0.077344 0.120313
14 0.816406 0.634375 0.077344 0.120313
15 0.141406 0.793750 0.077344 0.120313
9 0.253906 0.793750 0.077344 0.120313
2 0.366406 0.793750 0.077344 0.120313
20 0.478906 0.793750 0.077344 0.120313
6 0.591406 0.793750 0.077344 0.120313
8 0.703906 0.793750 0.077344 0.120313
17 0.816406 0.793750 0.077344 0.120313