15 0.160156 0.243750 0.104844 0.165000
0 0.314844 0.243750 0.104844 0.165000
8 0.469531 0.243750 0.104844 0.165000
21 0.624219 0.243750 0.104844 0.165000
1 0.778906 0.243750 0.104844 0.165000
2 0.160156 0.464062 0.104844 0.165000
23 0.314844 0.464062 0.104844 0.165000
18 0.469531 0.464062 0.104844 0.165000
10 0.624219 0.464062 0.104844 0.165000
21 0.778906 0.464062 0.104844 0.165000
21 0.160156 0.684375 0.104844 0.165000
19 0.314844 0.684375 0.104844 0.165000
3 0.469531 0.684375 0.104844 0.165000
10 0.624219 0.684375 0.104844 0.165000
17 0.778906 0.684375 0.104844 0.165000