20 0.134375 0.268750 0.103125 0.158125
4 0.271875 0.268750 0.103125 0.158125
11 0.409375 0.268750 0.103125 0.158125
1 0.546875 0.268750 0.103125 0.158125
13 0.684375 0.268750 0.103125 0.158125
9 0.821875 0.268750 0.103125 0.158125
15 0.134375 0.470313 0.103125 0.158125
24 0.271875 0.470313 0.103125 0.158125
20 0.409375 0.470313 0.103125 0.158125
7 0.546875 0.470313 0.103125 0.158125
12 0.684375 0.470313 0.103125 0.158125
7 0.821875 0.470313 0.103125 0.158125
1 0.134375 0.671875 0.103125 0.158125
4 0.271875 0.671875 0.103125 0.158125
23 0.409375 0.671875 0.103125 0.158125
10 0.546875 0.671875 0.103125 0.158125
18 0.684375 0.671875 0.103125 0.158125
16 0.821875 0.671875 0.103125 0.158125