9 0.164844 0.181250 0.097969 0.151250
5 0.291406 0.181250 0.097969 0.151250
7 0.417969 0.181250 0.097969 0.151250
1 0.544531 0.181250 0.097969 0.151250
4 0.671094 0.181250 0.097969 0.151250
5 0.797656 0.181250 0.097969 0.151250
5 0.164844 0.375000 0.097969 0.151250
22 0.291406 0.375000 0.097969 0.151250
6 0.417969 0.375000 0.097969 0.151250
1 0.544531 0.375000 0.097969 0.151250
12 0.671094 0.375000 0.097969 0.151250
2 0.797656 0.375000 0.097969 0.151250
12 0.164844 0.568750 0.097969 0.151250
1 0.291406 0.568750 0.097969 0.151250
20 0.417969 0.568750 0.097969 0.151250
8 0.544531 0.568750 0.097969 0.151250
14 0.671094 0.568750 0.097969 0.151250
12 0.797656 0.568750 0.097969 0.151250
9 0.164844 0.762500 0.097969 0.151250
3 0.291406 0.762500 0.097969 0.151250
6 0.417969 0.762500 0.097969 0.151250
10 0.544531 0.762500 0.097969 0.151250
22 0.671094 0.762500 0.097969 0.151250
24 0.797656 0.762500 0.097969 0.151250