21 0.128125 0.262500 0.099687 0.154688
21 0.267188 0.262500 0.099687 0.154688
15 0.406250 0.262500 0.099687 0.154688
9 0.545312 0.262500 0.099687 0.154688
17 0.684375 0.262500 0.099687 0.154688
0 0.823438 0.262500 0.099687 0.154688
24 0.128125 0.467187 0.099687 0.154688
15 0.267188 0.467187 0.099687 0.154688
8 0.406250 0.467187 0.099687 0.154688
16 0.545312 0.467187 0.099687 0.154688
9 0.684375 0.467187 0.099687 0.154688
8 0.823438 0.467187 0.099687 0.154688
4 0.128125 0.671875 0.099687 0.154688
5 0.267188 0.671875 0.099687 0.154688
24 0.406250 0.671875 0.099687 0.154688
4 0.545312 0.671875 0.099687 0.154688
12 0.684375 0.671875 0.099687 0.154688
0 0.823438 0.671875 0.099687 0.154688