11 0.178906 0.262500 0.101406 0.158125
15 0.325781 0.262500 0.101406 0.158125
11 0.472656 0.262500 0.101406 0.158125
22 0.619531 0.262500 0.101406 0.158125
8 0.766406 0.262500 0.101406 0.158125
0 0.178906 0.468750 0.101406 0.158125
12 0.325781 0.468750 0.101406 0.158125
7 0.472656 0.468750 0.101406 0.158125
5 0.619531 0.468750 0.101406 0.158125
2 0.766406 0.468750 0.101406 0.158125
1 0.178906 0.675000 0.101406 0.158125
11 0.325781 0.675000 0.101406 0.158125
23 0.472656 0.675000 0.101406 0.158125
19 0.619531 0.675000 0.101406 0.158125
18 0.766406 0.675000 0.101406 0.158125