23 0.111719 0.184375 0.067031 0.106563
0 0.216406 0.184375 0.067031 0.106563
9 0.321094 0.184375 0.067031 0.106563
9 0.425781 0.184375 0.067031 0.106563
10 0.530469 0.184375 0.067031 0.106563
8 0.635156 0.184375 0.067031 0.106563
14 0.739844 0.184375 0.067031 0.106563
4 0.844531 0.184375 0.067031 0.106563
14 0.111719 0.329688 0.067031 0.106563
12 0.216406 0.329688 0.067031 0.106563
5 0.321094 0.329688 0.067031 0.106563
1 0.425781 0.329688 0.067031 0.106563
7 0.530469 0.329688 0.067031 0.106563
8 0.635156 0.329688 0.067031 0.106563
6 0.739844 0.329688 0.067031 0.106563
2 0.844531 0.329688 0.067031 0.106563
0 0.111719 0.475000 0.067031 0.106563
12 0.216406 0.475000 0.067031 0.106563
22 0.321094 0.475000 0.067031 0.106563
21 0.425781 0.475000 0.067031 0.106563
0 0.530469 0.475000 0.067031 0.106563
25 0.635156 0.475000 0.067031 0.106563
4 0.739844 0.475000 0.067031 0.106563
24 0.844531 0.475000 0.067031 0.106563
6 0.111719 0.620313 0.067031 0.106563
23 0.216406 0.620313 0.067031 0.106563
17 0.321094 0.620313 0.067031 0.106563
2 0.425781 0.620313 0.067031 0.106563
12 0.530469 0.620313 0.067031 0.106563
3 0.635156 0.620313 0.067031 0.106563
8 0.739844 0.620313 0.067031 0.106563
9 0.844531 0.620313 0.067031 0.106563
16 0.111719 0.765625 0.067031 0.106563
21 0.216406 0.765625 0.067031 0.106563
24 0.321094 0.765625 0.067031 0.106563
18 0.425781 0.765625 0.067031 0.106563
13 0.530469 0.765625 0.067031 0.106563
3 0.635156 0.765625 0.067031 0.106563
6 0.739844 0.765625 0.067031 0.106563
7 0.844531 0.765625 0.067031 0.106563