24 0.142969 0.201563 0.091094 0.140937
20 0.275781 0.201563 0.091094 0.140937
25 0.408594 0.201563 0.091094 0.140937
16 0.541406 0.201563 0.091094 0.140937
9 0.674219 0.201563 0.091094 0.140937
22 0.807031 0.201563 0.091094 0.140937
22 0.142969 0.382812 0.091094 0.140937
2 0.275781 0.382812 0.091094 0.140937
18 0.408594 0.382812 0.091094 0.140937
16 0.541406 0.382812 0.091094 0.140937
19 0.674219 0.382812 0.091094 0.140937
22 0.807031 0.382812 0.091094 0.140937
19 0.142969 0.564063 0.091094 0.140937
15 0.275781 0.564063 0.091094 0.140937
21 0.408594 0.564063 0.091094 0.140937
12 0.541406 0.564063 0.091094 0.140937
5 0.674219 0.564063 0.091094 0.140937
5 0.807031 0.564063 0.091094 0.140937
2 0.142969 0.745313 0.091094 0.140937
25 0.275781 0.745313 0.091094 0.140937
0 0.408594 0.745313 0.091094 0.140937
21 0.541406 0.745313 0.091094 0.140937
14 0.674219 0.745313 0.091094 0.140937
7 0.807031 0.745313 0.091094 0.140937