10 0.049219 0.106250 0.039531 0.061875
21 0.111719 0.106250 0.039531 0.061875
11 0.174219 0.106250 0.039531 0.061875
13 0.236719 0.106250 0.039531 0.061875
14 0.299219 0.106250 0.039531 0.061875
20 0.361719 0.106250 0.039531 0.061875
5 0.424219 0.106250 0.039531 0.061875
5 0.486719 0.106250 0.039531 0.061875
20 0.549219 0.106250 0.039531 0.061875
16 0.611719 0.106250 0.039531 0.061875
0 0.674219 0.106250 0.039531 0.061875
21 0.736719 0.106250 0.039531 0.061875
17 0.799219 0.106250 0.039531 0.061875
24 0.861719 0.106250 0.039531 0.061875
18 0.924219 0.106250 0.039531 0.061875
11 0.049219 0.190625 0.039531 0.061875
1 0.111719 0.190625 0.039531 0.061875
22 0.174219 0.190625 0.039531 0.061875
10 0.236719 0.190625 0.039531 0.061875
9 0.299219 0.190625 0.039531 0.061875
5 0.361719 0.190625 0.039531 0.061875
6 0.424219 0.190625 0.039531 0.061875
0 0.486719 0.190625 0.039531 0.061875
4 0.549219 0.190625 0.039531 0.061875
6 0.611719 0.190625 0.039531 0.061875
1 0.674219 0.190625 0.039531 0.061875
4 0.736719 0.190625 0.039531 0.061875
11 0.799219 0.190625 0.039531 0.061875
15 0.861719 0.190625 0.039531 0.061875
25 0.924219 0.190625 0.039531 0.061875
6 0.049219 0.275000 0.039531 0.061875
21 0.111719 0.275000 0.039531 0.061875
16 0.174219 0.275000 0.039531 0.061875
0 0.236719 0.275000 0.039531 0.061875
20 0.299219 0.275000 0.039531 0.061875
3 0.361719 0.275000 0.039531 0.061875
1 0.424219 0.275000 0.039531 0.061875
8 0.486719 0.275000 0.039531 0.061875
13 0.549219 0.275000 0.039531 0.061875
16 0.611719 0.275000 0.039531 0.061875
14 0.674219 0.275000 0.039531 0.061875
8 0.736719 0.275000 0.039531 0.061875
8 0.799219 0.275000 0.039531 0.061875
0 0.861719 0.275000 0.039531 0.061875
17 0.924219 0.275000 0.039531 0.061875
11 0.049219 0.359375 0.039531 0.061875
22 0.111719 0.359375 0.039531 0.061875
11 0.174219 0.359375 0.039531 0.061875
17 0.236719 0.359375 0.039531 0.061875
6 0.299219 0.359375 0.039531 0.061875
24 0.361719 0.359375 0.039531 0.061875
23 0.424219 0.359375 0.039531 0.061875
0 0.486719 0.359375 0.039531 0.061875
18 0.549219 0.359375 0.039531 0.061875
6 0.611719 0.359375 0.039531 0.061875
18 0.674219 0.359375 0.039531 0.061875
12 0.736719 0.359375 0.039531 0.061875
2 0.799219 0.359375 0.039531 0.061875
21 0.861719 0.359375 0.039531 0.061875
10 0.924219 0.359375 0.039531 0.061875
17 0.049219 0.443750 0.039531 0.061875
17 0.111719 0.443750 0.039531 0.061875
10 0.174219 0.443750 0.039531 0.061875
25 0.236719 0.443750 0.039531 0.061875
21 0.299219 0.443750 0.039531 0.061875
2 0.361719 0.443750 0.039531 0.061875
8 0.424219 0.443750 0.039531 0.061875
15 0.486719 0.443750 0.039531 0.061875
20 0.549219 0.443750 0.039531 0.061875
3 0.611719 0.443750 0.039531 0.061875
6 0.674219 0.443750 0.039531 0.061875
19 0.736719 0.443750 0.039531 0.061875
21 0.799219 0.443750 0.039531 0.061875
17 0.861719 0.443750 0.039531 0.061875
12 0.924219 0.443750 0.039531 0.061875
5 0.049219 0.528125 0.039531 0.061875
3 0.111719 0.528125 0.039531 0.061875
1 0.174219 0.528125 0.039531 0.061875
5 0.236719 0.528125 0.039531 0.061875
23 0.299219 0.528125 0.039531 0.061875
12 0.361719 0.528125 0.039531 0.061875
2 0.424219 0.528125 0.039531 0.061875
25 0.486719 0.528125 0.039531 0.061875
20 0.549219 0.528125 0.039531 0.061875
9 0.611719 0.528125 0.039531 0.061875
9 0.674219 0.528125 0.039531 0.061875
13 0.736719 0.528125 0.039531 0.061875
13 0.799219 0.528125 0.039531 0.061875
18 0.861719 0.528125 0.039531 0.061875
21 0.924219 0.528125 0.039531 0.061875
16 0.049219 0.612500 0.039531 0.061875
15 0.111719 0.612500 0.039531 0.061875
18 0.174219 0.612500 0.039531 0.061875
5 0.236719 0.612500 0.039531 0.061875
20 0.299219 0.612500 0.039531 0.061875
2 0.361719 0.612500 0.039531 0.061875
21 0.424219 0.612500 0.039531 0.061875
1 0.486719 0.612500 0.039531 0.061875
14 0.549219 0.612500 0.039531 0.061875
17 0.611719 0.612500 0.039531 0.061875
1 0.674219 0.612500 0.039531 0.061875
4 0.736719 0.612500 0.039531 0.061875
23 0.799219 0.612500 0.039531 0.061875
2 0.861719 0.612500 0.039531 0.061875
1 0.924219 0.612500 0.039531 0.061875
0 0.049219 0.696875 0.039531 0.061875
24 0.111719 0.696875 0.039531 0.061875
4 0.174219 0.696875 0.039531 0.061875
6 0.236719 0.696875 0.039531 0.061875
1 0.299219 0.696875 0.039531 0.061875
20 0.361719 0.696875 0.039531 0.061875
5 0.424219 0.696875 0.039531 0.061875
11 0.486719 0.696875 0.039531 0.061875
12 0.549219 0.696875 0.039531 0.061875
11 0.611719 0.696875 0.039531 0.061875
21 0.674219 0.696875 0.039531 0.061875
15 0.736719 0.696875 0.039531 0.061875
19 0.799219 0.696875 0.039531 0.061875
20 0.861719 0.696875 0.039531 0.061875
25 0.924219 0.696875 0.039531 0.061875
6 0.049219 0.781250 0.039531 0.061875
2 0.111719 0.781250 0.039531 0.061875
21 0.174219 0.781250 0.039531 0.061875
14 0.236719 0.781250 0.039531 0.061875
18 0.299219 0.781250 0.039531 0.061875
18 0.361719 0.781250 0.039531 0.061875
12 0.424219 0.781250 0.039531 0.061875
3 0.486719 0.781250 0.039531 0.061875
16 0.549219 0.781250 0.039531 0.061875
16 0.611719 0.781250 0.039531 0.061875
4 0.674219 0.781250 0.039531 0.061875
3 0.736719 0.781250 0.039531 0.061875
14 0.799219 0.781250 0.039531 0.061875
3 0.861719 0.781250 0.039531 0.061875
2 0.924219 0.781250 0.039531 0.061875
13 0.049219 0.865625 0.039531 0.061875
6 0.111719 0.865625 0.039531 0.061875
7 0.174219 0.865625 0.039531 0.061875
25 0.236719 0.865625 0.039531 0.061875
11 0.299219 0.865625 0.039531 0.061875
17 0.361719 0.865625 0.039531 0.061875
6 0.424219 0.865625 0.039531 0.061875
20 0.486719 0.865625 0.039531 0.061875
3 0.549219 0.865625 0.039531 0.061875
14 0.611719 0.865625 0.039531 0.061875
13 0.674219 0.865625 0.039531 0.061875
24 0.736719 0.865625 0.039531 0.061875
3 0.799219 0.865625 0.039531 0.061875
3 0.861719 0.865625 0.039531 0.061875
3 0.924219 0.865625 0.039531 0.061875