15 0.132031 0.170313 0.087656 0.140937
8 0.267969 0.170313 0.087656 0.140937
6 0.403906 0.170313 0.087656 0.140937
23 0.539844 0.170313 0.087656 0.140937
2 0.675781 0.170313 0.087656 0.140937
15 0.811719 0.170313 0.087656 0.140937
8 0.132031 0.367188 0.087656 0.140937
15 0.267969 0.367188 0.087656 0.140937
2 0.403906 0.367188 0.087656 0.140937
4 0.539844 0.367188 0.087656 0.140937
4 0.675781 0.367188 0.087656 0.140937
11 0.811719 0.367188 0.087656 0.140937
14 0.132031 0.564063 0.087656 0.140937
1 0.267969 0.564063 0.087656 0.140937
15 0.403906 0.564063 0.087656 0.140937
12 0.539844 0.564063 0.087656 0.140937
0 0.675781 0.564063 0.087656 0.140937
22 0.811719 0.564063 0.087656 0.140937
8 0.132031 0.760938 0.087656 0.140937
24 0.267969 0.760938 0.087656 0.140937
18 0.403906 0.760938 0.087656 0.140937
2 0.539844 0.760938 0.087656 0.140937
25 0.675781 0.760938 0.087656 0.140937
1 0.811719 0.760938 0.087656 0.140937