3 0.156250 0.243750 0.096250 0.154688
16 0.310937 0.243750 0.096250 0.154688
12 0.465625 0.243750 0.096250 0.154688
25 0.620313 0.243750 0.096250 0.154688
0 0.775000 0.243750 0.096250 0.154688
22 0.156250 0.460938 0.096250 0.154688
2 0.310937 0.460938 0.096250 0.154688
0 0.465625 0.460938 0.096250 0.154688
6 0.620313 0.460938 0.096250 0.154688
17 0.775000 0.460938 0.096250 0.154688
18 0.156250 0.678125 0.096250 0.154688
9 0.310937 0.678125 0.096250 0.154688
8 0.465625 0.678125 0.096250 0.154688
9 0.620313 0.678125 0.096250 0.154688
20 0.775000 0.678125 0.096250 0.154688