4 0.121094 0.179688 0.094531 0.147812
23 0.261719 0.179688 0.094531 0.147812
22 0.402344 0.179688 0.094531 0.147812
22 0.542969 0.179688 0.094531 0.147812
16 0.683594 0.179688 0.094531 0.147812
7 0.824219 0.179688 0.094531 0.147812
10 0.121094 0.373437 0.094531 0.147812
14 0.261719 0.373437 0.094531 0.147812
24 0.402344 0.373437 0.094531 0.147812
18 0.542969 0.373437 0.094531 0.147812
19 0.683594 0.373437 0.094531 0.147812
19 0.824219 0.373437 0.094531 0.147812
22 0.121094 0.567187 0.094531 0.147812
2 0.261719 0.567187 0.094531 0.147812
13 0.402344 0.567187 0.094531 0.147812
0 0.542969 0.567187 0.094531 0.147812
19 0.683594 0.567187 0.094531 0.147812
5 0.824219 0.567187 0.094531 0.147812
19 0.121094 0.760938 0.094531 0.147812
14 0.261719 0.760938 0.094531 0.147812
25 0.402344 0.760938 0.094531 0.147812
21 0.542969 0.760938 0.094531 0.147812
22 0.683594 0.760938 0.094531 0.147812
13 0.824219 0.760938 0.094531 0.147812