24 0.165625 0.262500 0.099687 0.154688
4 0.317188 0.262500 0.099687 0.154688
17 0.468750 0.262500 0.099687 0.154688
14 0.620313 0.262500 0.099687 0.154688
25 0.771875 0.262500 0.099687 0.154688
19 0.165625 0.467187 0.099687 0.154688
5 0.317188 0.467187 0.099687 0.154688
25 0.468750 0.467187 0.099687 0.154688
1 0.620313 0.467187 0.099687 0.154688
15 0.771875 0.467187 0.099687 0.154688
25 0.165625 0.671875 0.099687 0.154688
18 0.317188 0.671875 0.099687 0.154688
24 0.468750 0.671875 0.099687 0.154688
7 0.620313 0.671875 0.099687 0.154688
14 0.771875 0.671875 0.099687 0.154688