0 0.100781 0.217188 0.073906 0.120313
22 0.224219 0.217188 0.073906 0.120313
13 0.347656 0.217188 0.073906 0.120313
2 0.471094 0.217188 0.073906 0.120313
6 0.594531 0.217188 0.073906 0.120313
6 0.717969 0.217188 0.073906 0.120313
23 0.841406 0.217188 0.073906 0.120313
24 0.100781 0.385937 0.073906 0.120313
15 0.224219 0.385937 0.073906 0.120313
19 0.347656 0.385937 0.073906 0.120313
19 0.471094 0.385937 0.073906 0.120313
12 0.594531 0.385937 0.073906 0.120313
23 0.717969 0.385937 0.073906 0.120313
12 0.841406 0.385937 0.073906 0.120313
25 0.100781 0.554688 0.073906 0.120313
10 0.224219 0.554688 0.073906 0.120313
7 0.347656 0.554688 0.073906 0.120313
0 0.471094 0.554688 0.073906 0.120313
6 0.594531 0.554688 0.073906 0.120313
10 0.717969 0.554688 0.073906 0.120313
20 0.841406 0.554688 0.073906 0.120313
15 0.100781 0.723437 0.073906 0.120313
3 0.224219 0.723437 0.073906 0.120313
12 0.347656 0.723437 0.073906 0.120313
20 0.471094 0.723437 0.073906 0.120313
6 0.594531 0.723437 0.073906 0.120313
15 0.717969 0.723437 0.073906 0.120313
14 0.841406 0.723437 0.073906 0.120313