23 0.112500 0.201563 0.085938 0.134063
25 0.234375 0.201563 0.085938 0.134063
25 0.356250 0.201563 0.085938 0.134063
15 0.478125 0.201563 0.085938 0.134063
15 0.600000 0.201563 0.085938 0.134063
3 0.721875 0.201563 0.085938 0.134063
11 0.843750 0.201563 0.085938 0.134063
7 0.112500 0.381250 0.085938 0.134063
23 0.234375 0.381250 0.085938 0.134063
16 0.356250 0.381250 0.085938 0.134063
12 0.478125 0.381250 0.085938 0.134063
19 0.600000 0.381250 0.085938 0.134063
5 0.721875 0.381250 0.085938 0.134063
6 0.843750 0.381250 0.085938 0.134063
5 0.112500 0.560937 0.085938 0.134063
9 0.234375 0.560937 0.085938 0.134063
19 0.356250 0.560937 0.085938 0.134063
12 0.478125 0.560937 0.085938 0.134063
12 0.600000 0.560937 0.085938 0.134063
22 0.721875 0.560937 0.085938 0.134063
19 0.843750 0.560937 0.085938 0.134063
22 0.112500 0.740625 0.085938 0.134063
14 0.234375 0.740625 0.085938 0.134063
20 0.356250 0.740625 0.085938 0.134063
10 0.478125 0.740625 0.085938 0.134063
25 0.600000 0.740625 0.085938 0.134063
2 0.721875 0.740625 0.085938 0.134063
22 0.843750 0.740625 0.085938 0.134063