7 0.132031 0.214062 0.080781 0.127188
23 0.247656 0.214062 0.080781 0.127188
0 0.363281 0.214062 0.080781 0.127188
3 0.478906 0.214062 0.080781 0.127188
22 0.594531 0.214062 0.080781 0.127188
25 0.710156 0.214062 0.080781 0.127188
7 0.825781 0.214062 0.080781 0.127188
15 0.132031 0.385937 0.080781 0.127188
22 0.247656 0.385937 0.080781 0.127188
19 0.363281 0.385937 0.080781 0.127188
7 0.478906 0.385937 0.080781 0.127188
23 0.594531 0.385937 0.080781 0.127188
5 0.710156 0.385937 0.080781 0.127188
25 0.825781 0.385937 0.080781 0.127188
19 0.132031 0.557813 0.080781 0.127188
25 0.247656 0.557813 0.080781 0.127188
0 0.363281 0.557813 0.080781 0.127188
23 0.478906 0.557813 0.080781 0.127188
16 0.594531 0.557813 0.080781 0.127188
14 0.710156 0.557813 0.080781 0.127188
3 0.825781 0.557813 0.080781 0.127188
21 0.132031 0.729688 0.080781 0.127188
21 0.247656 0.729688 0.080781 0.127188
18 0.363281 0.729688 0.080781 0.127188
12 0.478906 0.729688 0.080781 0.127188
8 0.594531 0.729688 0.080781 0.127188
9 0.710156 0.729688 0.080781 0.127188
7 0.825781 0.729688 0.080781 0.127188