5 0.167187 0.237500 0.110000 0.171875
8 0.320312 0.237500 0.110000 0.171875
15 0.473438 0.237500 0.110000 0.171875
3 0.626563 0.237500 0.110000 0.171875
0 0.779687 0.237500 0.110000 0.171875
0 0.167187 0.464062 0.110000 0.171875
13 0.320312 0.464062 0.110000 0.171875
13 0.473438 0.464062 0.110000 0.171875
17 0.626563 0.464062 0.110000 0.171875
19 0.779687 0.464062 0.110000 0.171875
19 0.167187 0.690625 0.110000 0.171875
17 0.320312 0.690625 0.110000 0.171875
14 0.473438 0.690625 0.110000 0.171875
10 0.626563 0.690625 0.110000 0.171875
0 0.779687 0.690625 0.110000 0.171875