19 0.135937 0.234375 0.103125 0.165000
3 0.300000 0.234375 0.103125 0.165000
8 0.464062 0.234375 0.103125 0.165000
5 0.628125 0.234375 0.103125 0.165000
1 0.792188 0.234375 0.103125 0.165000
24 0.135937 0.460938 0.103125 0.165000
21 0.300000 0.460938 0.103125 0.165000
1 0.464062 0.460938 0.103125 0.165000
0 0.628125 0.460938 0.103125 0.165000
21 0.792188 0.460938 0.103125 0.165000
17 0.135937 0.687500 0.103125 0.165000
22 0.300000 0.687500 0.103125 0.165000
21 0.464062 0.687500 0.103125 0.165000
3 0.628125 0.687500 0.103125 0.165000
5 0.792188 0.687500 0.103125 0.165000