0 0.080469 0.181250 0.067031 0.106563
16 0.180469 0.181250 0.067031 0.106563
12 0.280469 0.181250 0.067031 0.106563
6 0.380469 0.181250 0.067031 0.106563
15 0.480469 0.181250 0.067031 0.106563
24 0.580469 0.181250 0.067031 0.106563
13 0.680469 0.181250 0.067031 0.106563
11 0.780469 0.181250 0.067031 0.106563
24 0.880469 0.181250 0.067031 0.106563
24 0.080469 0.328125 0.067031 0.106563
6 0.180469 0.328125 0.067031 0.106563
18 0.280469 0.328125 0.067031 0.106563
23 0.380469 0.328125 0.067031 0.106563
20 0.480469 0.328125 0.067031 0.106563
18 0.580469 0.328125 0.067031 0.106563
9 0.680469 0.328125 0.067031 0.106563
6 0.780469 0.328125 0.067031 0.106563
6 0.880469 0.328125 0.067031 0.106563
12 0.080469 0.475000 0.067031 0.106563
24 0.180469 0.475000 0.067031 0.106563
6 0.280469 0.475000 0.067031 0.106563
12 0.380469 0.475000 0.067031 0.106563
4 0.480469 0.475000 0.067031 0.106563
21 0.580469 0.475000 0.067031 0.106563
14 0.680469 0.475000 0.067031 0.106563
15 0.780469 0.475000 0.067031 0.106563
1 0.880469 0.475000 0.067031 0.106563
0 0.080469 0.621875 0.067031 0.106563
3 0.180469 0.621875 0.067031 0.106563
20 0.280469 0.621875 0.067031 0.106563
11 0.380469 0.621875 0.067031 0.106563
1 0.480469 0.621875 0.067031 0.106563
8 0.580469 0.621875 0.067031 0.106563
21 0.680469 0.621875 0.067031 0.106563
9 0.780469 0.621875 0.067031 0.106563
3 0.880469 0.621875 0.067031 0.106563
12 0.080469 0.768750 0.067031 0.106563
13 0.180469 0.768750 0.067031 0.106563
16 0.280469 0.768750 0.067031 0.106563
16 0.380469 0.768750 0.067031 0.106563
21 0.480469 0.768750 0.067031 0.106563
6 0.580469 0.768750 0.067031 0.106563
9 0.680469 0.768750 0.067031 0.106563
24 0.780469 0.768750 0.067031 0.106563
13 0.880469 0.768750 0.067031 0.106563