14 0.186719 0.245312 0.101406 0.161562
23 0.330469 0.245312 0.101406 0.161562
5 0.474219 0.245312 0.101406 0.161562
21 0.617969 0.245312 0.101406 0.161562
17 0.761719 0.245312 0.101406 0.161562
10 0.186719 0.464062 0.101406 0.161562
22 0.330469 0.464062 0.101406 0.161562
17 0.474219 0.464062 0.101406 0.161562
0 0.617969 0.464062 0.101406 0.161562
10 0.761719 0.464062 0.101406 0.161562
18 0.186719 0.682813 0.101406 0.161562
14 0.330469 0.682813 0.101406 0.161562
5 0.474219 0.682813 0.101406 0.161562
22 0.617969 0.682813 0.101406 0.161562
12 0.761719 0.682813 0.101406 0.161562