5 0.132031 0.237500 0.101406 0.161562
5 0.297656 0.237500 0.101406 0.161562
9 0.463281 0.237500 0.101406 0.161562
11 0.628906 0.237500 0.101406 0.161562
20 0.794531 0.237500 0.101406 0.161562
8 0.132031 0.460938 0.101406 0.161562
13 0.297656 0.460938 0.101406 0.161562
23 0.463281 0.460938 0.101406 0.161562
25 0.628906 0.460938 0.101406 0.161562
12 0.794531 0.460938 0.101406 0.161562
19 0.132031 0.684375 0.101406 0.161562
6 0.297656 0.684375 0.101406 0.161562
0 0.463281 0.684375 0.101406 0.161562
15 0.628906 0.684375 0.101406 0.161562
13 0.794531 0.684375 0.101406 0.161562