11 0.075000 0.128125 0.061875 0.099687
24 0.165625 0.128125 0.061875 0.099687
3 0.256250 0.128125 0.061875 0.099687
5 0.346875 0.128125 0.061875 0.099687
2 0.437500 0.128125 0.061875 0.099687
7 0.528125 0.128125 0.061875 0.099687
7 0.618750 0.128125 0.061875 0.099687
16 0.709375 0.128125 0.061875 0.099687
12 0.800000 0.128125 0.061875 0.099687
8 0.890625 0.128125 0.061875 0.099687
1 0.075000 0.267188 0.061875 0.099687
13 0.165625 0.267188 0.061875 0.099687
20 0.256250 0.267188 0.061875 0.099687
12 0.346875 0.267188 0.061875 0.099687
5 0.437500 0.267188 0.061875 0.099687
15 0.528125 0.267188 0.061875 0.099687
7 0.618750 0.267188 0.061875 0.099687
25 0.709375 0.267188 0.061875 0.099687
22 0.800000 0.267188 0.061875 0.099687
18 0.890625 0.267188 0.061875 0.099687
2 0.075000 0.406250 0.061875 0.099687
17 0.165625 0.406250 0.061875 0.099687
14 0.256250 0.406250 0.061875 0.099687
9 0.346875 0.406250 0.061875 0.099687
24 0.437500 0.406250 0.061875 0.099687
20 0.528125 0.406250 0.061875 0.099687
4 0.618750 0.406250 0.061875 0.099687
22 0.709375 0.406250 0.061875 0.099687
0 0.800000 0.406250 0.061875 0.099687
8 0.890625 0.406250 0.061875 0.099687
24 0.075000 0.545312 0.061875 0.099687
1 0.165625 0.545312 0.061875 0.099687
16 0.256250 0.545312 0.061875 0.099687
10 0.346875 0.545312 0.061875 0.099687
8 0.437500 0.545312 0.061875 0.099687
20 0.528125 0.545312 0.061875 0.099687
9 0.618750 0.545312 0.061875 0.099687
16 0.709375 0.545312 0.061875 0.099687
4 0.800000 0.545312 0.061875 0.099687
10 0.890625 0.545312 0.061875 0.099687
7 0.075000 0.684375 0.061875 0.099687
9 0.165625 0.684375 0.061875 0.099687
5 0.256250 0.684375 0.061875 0.099687
5 0.346875 0.684375 0.061875 0.099687
0 0.437500 0.684375 0.061875 0.099687
7 0.528125 0.684375 0.061875 0.099687
2 0.618750 0.684375 0.061875 0.099687
1 0.709375 0.684375 0.061875 0.099687
1 0.800000 0.684375 0.061875 0.099687
22 0.890625 0.684375 0.061875 0.099687
1 0.075000 0.823438 0.061875 0.099687
13 0.165625 0.823438 0.061875 0.099687
22 0.256250 0.823438 0.061875 0.099687
13 0.346875 0.823438 0.061875 0.099687
20 0.437500 0.823438 0.061875 0.099687
9 0.528125 0.823438 0.061875 0.099687
18 0.618750 0.823438 0.061875 0.099687
20 0.709375 0.823438 0.061875 0.099687
8 0.800000 0.823438 0.061875 0.099687
5 0.890625 0.823438 0.061875 0.099687