25 0.132812 0.223438 0.082500 0.127188
9 0.248438 0.223438 0.082500 0.127188
22 0.364063 0.223438 0.082500 0.127188
0 0.479687 0.223438 0.082500 0.127188
22 0.595313 0.223438 0.082500 0.127188
8 0.710938 0.223438 0.082500 0.127188
8 0.826562 0.223438 0.082500 0.127188
7 0.132812 0.390625 0.082500 0.127188
20 0.248438 0.390625 0.082500 0.127188
0 0.364063 0.390625 0.082500 0.127188
8 0.479687 0.390625 0.082500 0.127188
21 0.595313 0.390625 0.082500 0.127188
18 0.710938 0.390625 0.082500 0.127188
8 0.826562 0.390625 0.082500 0.127188
25 0.132812 0.557813 0.082500 0.127188
4 0.248438 0.557813 0.082500 0.127188
25 0.364063 0.557813 0.082500 0.127188
15 0.479687 0.557813 0.082500 0.127188
15 0.595313 0.557813 0.082500 0.127188
5 0.710938 0.557813 0.082500 0.127188
0 0.826562 0.557813 0.082500 0.127188
16 0.132812 0.725000 0.082500 0.127188
3 0.248438 0.725000 0.082500 0.127188
9 0.364063 0.725000 0.082500 0.127188
4 0.479687 0.725000 0.082500 0.127188
18 0.595313 0.725000 0.082500 0.127188
7 0.710938 0.725000 0.082500 0.127188
6 0.826562 0.725000 0.082500 0.127188