25 0.171875 0.264062 0.103125 0.158125
7 0.321875 0.264062 0.103125 0.158125
24 0.471875 0.264062 0.103125 0.158125
23 0.621875 0.264062 0.103125 0.158125
4 0.771875 0.264062 0.103125 0.158125
14 0.171875 0.468750 0.103125 0.158125
15 0.321875 0.468750 0.103125 0.158125
4 0.471875 0.468750 0.103125 0.158125
8 0.621875 0.468750 0.103125 0.158125
6 0.771875 0.468750 0.103125 0.158125
20 0.171875 0.673438 0.103125 0.158125
5 0.321875 0.673438 0.103125 0.158125
15 0.471875 0.673438 0.103125 0.158125
17 0.621875 0.673438 0.103125 0.158125
24 0.771875 0.673438 0.103125 0.158125