0 0.135937 0.240625 0.110000 0.171875
11 0.301563 0.240625 0.110000 0.171875
11 0.467187 0.240625 0.110000 0.171875
7 0.632812 0.240625 0.110000 0.171875
2 0.798438 0.240625 0.110000 0.171875
12 0.135937 0.465625 0.110000 0.171875
0 0.301563 0.465625 0.110000 0.171875
23 0.467187 0.465625 0.110000 0.171875
22 0.632812 0.465625 0.110000 0.171875
21 0.798438 0.465625 0.110000 0.171875
12 0.135937 0.690625 0.110000 0.171875
25 0.301563 0.690625 0.110000 0.171875
19 0.467187 0.690625 0.110000 0.171875
17 0.632812 0.690625 0.110000 0.171875
0 0.798438 0.690625 0.110000 0.171875