22 0.084375 0.170313 0.075625 0.116875
25 0.184375 0.170313 0.075625 0.116875
6 0.284375 0.170313 0.075625 0.116875
7 0.384375 0.170313 0.075625 0.116875
3 0.484375 0.170313 0.075625 0.116875
2 0.584375 0.170313 0.075625 0.116875
22 0.684375 0.170313 0.075625 0.116875
23 0.784375 0.170313 0.075625 0.116875
1 0.884375 0.170313 0.075625 0.116875
1 0.084375 0.323437 0.075625 0.116875
14 0.184375 0.323437 0.075625 0.116875
2 0.284375 0.323437 0.075625 0.116875
1 0.384375 0.323437 0.075625 0.116875
5 0.484375 0.323437 0.075625 0.116875
0 0.584375 0.323437 0.075625 0.116875
20 0.684375 0.323437 0.075625 0.116875
2 0.784375 0.323437 0.075625 0.116875
10 0.884375 0.323437 0.075625 0.116875
12 0.084375 0.476562 0.075625 0.116875
6 0.184375 0.476562 0.075625 0.116875
14 0.284375 0.476562 0.075625 0.116875
5 0.384375 0.476562 0.075625 0.116875
19 0.484375 0.476562 0.075625 0.116875
10 0.584375 0.476562 0.075625 0.116875
8 0.684375 0.476562 0.075625 0.116875
8 0.784375 0.476562 0.075625 0.116875
0 0.884375 0.476562 0.075625 0.116875
14 0.084375 0.629687 0.075625 0.116875
17 0.184375 0.629687 0.075625 0.116875
11 0.284375 0.629687 0.075625 0.116875
15 0.384375 0.629687 0.075625 0.116875
23 0.484375 0.629687 0.075625 0.116875
1 0.584375 0.629687 0.075625 0.116875
5 0.684375 0.629687 0.075625 0.116875
9 0.784375 0.629687 0.075625 0.116875
18 0.884375 0.629687 0.075625 0.116875
4 0.084375 0.782813 0.075625 0.116875
13 0.184375 0.782813 0.075625 0.116875
13 0.284375 0.782813 0.075625 0.116875
8 0.384375 0.782813 0.075625 0.116875
13 0.484375 0.782813 0.075625 0.116875
20 0.584375 0.782813 0.075625 0.116875
10 0.684375 0.782813 0.075625 0.116875
22 0.784375 0.782813 0.075625 0.116875
18 0.884375 0.782813 0.075625 0.116875