12 0.180469 0.239063 0.097969 0.158125
23 0.325781 0.239063 0.097969 0.158125
6 0.471094 0.239063 0.097969 0.158125
0 0.616406 0.239063 0.097969 0.158125
17 0.761719 0.239063 0.097969 0.158125
4 0.180469 0.460938 0.097969 0.158125
6 0.325781 0.460938 0.097969 0.158125
7 0.471094 0.460938 0.097969 0.158125
20 0.616406 0.460938 0.097969 0.158125
13 0.761719 0.460938 0.097969 0.158125
23 0.180469 0.682813 0.097969 0.158125
3 0.325781 0.682813 0.097969 0.158125
3 0.471094 0.682813 0.097969 0.158125
14 0.616406 0.682813 0.097969 0.158125
2 0.761719 0.682813 0.097969 0.158125