3 0.053125 0.087500 0.037812 0.058437
6 0.104688 0.087500 0.037812 0.058437
2 0.156250 0.087500 0.037812 0.058437
19 0.207813 0.087500 0.037812 0.058437
15 0.259375 0.087500 0.037812 0.058437
10 0.310937 0.087500 0.037812 0.058437
23 0.362500 0.087500 0.037812 0.058437
22 0.414062 0.087500 0.037812 0.058437
15 0.465625 0.087500 0.037812 0.058437
3 0.517188 0.087500 0.037812 0.058437
6 0.568750 0.087500 0.037812 0.058437
6 0.620313 0.087500 0.037812 0.058437
2 0.671875 0.087500 0.037812 0.058437
22 0.723437 0.087500 0.037812 0.058437
4 0.775000 0.087500 0.037812 0.058437
5 0.826562 0.087500 0.037812 0.058437
12 0.878125 0.087500 0.037812 0.058437
18 0.929688 0.087500 0.037812 0.058437
16 0.053125 0.167187 0.037812 0.058437
20 0.104688 0.167187 0.037812 0.058437
19 0.156250 0.167187 0.037812 0.058437
3 0.207813 0.167187 0.037812 0.058437
15 0.259375 0.167187 0.037812 0.058437
7 0.310937 0.167187 0.037812 0.058437
21 0.362500 0.167187 0.037812 0.058437
10 0.414062 0.167187 0.037812 0.058437
20 0.465625 0.167187 0.037812 0.058437
8 0.517188 0.167187 0.037812 0.058437
9 0.568750 0.167187 0.037812 0.058437
24 0.620313 0.167187 0.037812 0.058437
9 0.671875 0.167187 0.037812 0.058437
9 0.723437 0.167187 0.037812 0.058437
6 0.775000 0.167187 0.037812 0.058437
18 0.826562 0.167187 0.037812 0.058437
25 0.878125 0.167187 0.037812 0.058437
12 0.929688 0.167187 0.037812 0.058437
10 0.053125 0.246875 0.037812 0.058437
18 0.104688 0.246875 0.037812 0.058437
5 0.156250 0.246875 0.037812 0.058437
7 0.207813 0.246875 0.037812 0.058437
9 0.259375 0.246875 0.037812 0.058437
1 0.310937 0.246875 0.037812 0.058437
25 0.362500 0.246875 0.037812 0.058437
4 0.414062 0.246875 0.037812 0.058437
2 0.465625 0.246875 0.037812 0.058437
10 0.517188 0.246875 0.037812 0.058437
16 0.568750 0.246875 0.037812 0.058437
21 0.620313 0.246875 0.037812 0.058437
19 0.671875 0.246875 0.037812 0.058437
0 0.723437 0.246875 0.037812 0.058437
1 0.775000 0.246875 0.037812 0.058437
1 0.826562 0.246875 0.037812 0.058437
24 0.878125 0.246875 0.037812 0.058437
18 0.929688 0.246875 0.037812 0.058437
13 0.053125 0.326562 0.037812 0.058437
5 0.104688 0.326562 0.037812 0.058437
18 0.156250 0.326562 0.037812 0.058437
15 0.207813 0.326562 0.037812 0.058437
22 0.259375 0.326562 0.037812 0.058437
14 0.310937 0.326562 0.037812 0.058437
5 0.362500 0.326562 0.037812 0.058437
15 0.414062 0.326562 0.037812 0.058437
15 0.465625 0.326562 0.037812 0.058437
20 0.517188 0.326562 0.037812 0.058437
12 0.568750 0.326562 0.037812 0.058437
2 0.620313 0.326562 0.037812 0.058437
17 0.671875 0.326562 0.037812 0.058437
2 0.723437 0.326562 0.037812 0.058437
0 0.775000 0.326562 0.037812 0.058437
21 0.826562 0.326562 0.037812 0.058437
3 0.878125 0.326562 0.037812 0.058437
7 0.929688 0.326562 0.037812 0.058437
25 0.053125 0.406250 0.037812 0.058437
21 0.104688 0.406250 0.037812 0.058437
7 0.156250 0.406250 0.037812 0.058437
24 0.207813 0.406250 0.037812 0.058437
10 0.259375 0.406250 0.037812 0.058437
23 0.310937 0.406250 0.037812 0.058437
0 0.362500 0.406250 0.037812 0.058437
0 0.414062 0.406250 0.037812 0.058437
25 0.465625 0.406250 0.037812 0.058437
23 0.517188 0.406250 0.037812 0.058437
22 0.568750 0.406250 0.037812 0.058437
1 0.620313 0.406250 0.037812 0.058437
6 0.671875 0.406250 0.037812 0.058437
10 0.723437 0.406250 0.037812 0.058437
21 0.775000 0.406250 0.037812 0.058437
18 0.826562 0.406250 0.037812 0.058437
14 0.878125 0.406250 0.037812 0.058437
20 0.929688 0.406250 0.037812 0.058437
3 0.053125 0.485938 0.037812 0.058437
25 0.104688 0.485938 0.037812 0.058437
19 0.156250 0.485938 0.037812 0.058437
19 0.207813 0.485938 0.037812 0.058437
19 0.259375 0.485938 0.037812 0.058437
4 0.310937 0.485938 0.037812 0.058437
10 0.362500 0.485938 0.037812 0.058437
3 0.414062 0.485938 0.037812 0.058437
14 0.465625 0.485938 0.037812 0.058437
15 0.517188 0.485938 0.037812 0.058437
22 0.568750 0.485938 0.037812 0.058437
6 0.620313 0.485938 0.037812 0.058437
18 0.671875 0.485938 0.037812 0.058437
5 0.723437 0.485938 0.037812 0.058437
14 0.775000 0.485938 0.037812 0.058437
9 0.826562 0.485938 0.037812 0.058437
19 0.878125 0.485938 0.037812 0.058437
4 0.929688 0.485938 0.037812 0.058437
2 0.053125 0.565625 0.037812 0.058437
4 0.104688 0.565625 0.037812 0.058437
24 0.156250 0.565625 0.037812 0.058437
15 0.207813 0.565625 0.037812 0.058437
21 0.259375 0.565625 0.037812 0.058437
25 0.310937 0.565625 0.037812 0.058437
4 0.362500 0.565625 0.037812 0.058437
4 0.414062 0.565625 0.037812 0.058437
15 0.465625 0.565625 0.037812 0.058437
12 0.517188 0.565625 0.037812 0.058437
23 0.568750 0.565625 0.037812 0.058437
18 0.620313 0.565625 0.037812 0.058437
5 0.671875 0.565625 0.037812 0.058437
22 0.723437 0.565625 0.037812 0.058437
9 0.775000 0.565625 0.037812 0.058437
18 0.826562 0.565625 0.037812 0.058437
20 0.878125 0.565625 0.037812 0.058437
22 0.929688 0.565625 0.037812 0.058437
16 0.053125 0.645312 0.037812 0.058437
22 0.104688 0.645312 0.037812 0.058437
7 0.156250 0.645312 0.037812 0.058437
19 0.207813 0.645312 0.037812 0.058437
1 0.259375 0.645312 0.037812 0.058437
10 0.310937 0.645312 0.037812 0.058437
12 0.362500 0.645312 0.037812 0.058437
16 0.414062 0.645312 0.037812 0.058437
12 0.465625 0.645312 0.037812 0.058437
8 0.517188 0.645312 0.037812 0.058437
21 0.568750 0.645312 0.037812 0.058437
9 0.620313 0.645312 0.037812 0.058437
6 0.671875 0.645312 0.037812 0.058437
8 0.723437 0.645312 0.037812 0.058437
25 0.775000 0.645312 0.037812 0.058437
13 0.826562 0.645312 0.037812 0.058437
25 0.878125 0.645312 0.037812 0.058437
11 0.929688 0.645312 0.037812 0.058437
18 0.053125 0.725000 0.037812 0.058437
4 0.104688 0.725000 0.037812 0.058437
23 0.156250 0.725000 0.037812 0.058437
15 0.207813 0.725000 0.037812 0.058437
21 0.259375 0.725000 0.037812 0.058437
13 0.310937 0.725000 0.037812 0.058437
17 0.362500 0.725000 0.037812 0.058437
7 0.414062 0.725000 0.037812 0.058437
2 0.465625 0.725000 0.037812 0.058437
16 0.517188 0.725000 0.037812 0.058437
13 0.568750 0.725000 0.037812 0.058437
15 0.620313 0.725000 0.037812 0.058437
7 0.671875 0.725000 0.037812 0.058437
24 0.723437 0.725000 0.037812 0.058437
20 0.775000 0.725000 0.037812 0.058437
25 0.826562 0.725000 0.037812 0.058437
23 0.878125 0.725000 0.037812 0.058437
5 0.929688 0.725000 0.037812 0.058437
22 0.053125 0.804688 0.037812 0.058437
19 0.104688 0.804688 0.037812 0.058437
11 0.156250 0.804688 0.037812 0.058437
6 0.207813 0.804688 0.037812 0.058437
18 0.259375 0.804688 0.037812 0.058437
8 0.310937 0.804688 0.037812 0.058437
2 0.362500 0.804688 0.037812 0.058437
6 0.414062 0.804688 0.037812 0.058437
22 0.465625 0.804688 0.037812 0.058437
16 0.517188 0.804688 0.037812 0.058437
2 0.568750 0.804688 0.037812 0.058437
20 0.620313 0.804688 0.037812 0.058437
20 0.671875 0.804688 0.037812 0.058437
3 0.723437 0.804688 0.037812 0.058437
1 0.775000 0.804688 0.037812 0.058437
23 0.826562 0.804688 0.037812 0.058437
9 0.878125 0.804688 0.037812 0.058437
23 0.929688 0.804688 0.037812 0.058437
2 0.053125 0.884375 0.037812 0.058437
19 0.104688 0.884375 0.037812 0.058437
13 0.156250 0.884375 0.037812 0.058437
24 0.207813 0.884375 0.037812 0.058437
4 0.259375 0.884375 0.037812 0.058437
11 0.310937 0.884375 0.037812 0.058437
12 0.362500 0.884375 0.037812 0.058437
12 0.414062 0.884375 0.037812 0.058437
16 0.465625 0.884375 0.037812 0.058437
1 0.517188 0.884375 0.037812 0.058437
2 0.568750 0.884375 0.037812 0.058437
10 0.620313 0.884375 0.037812 0.058437
14 0.671875 0.884375 0.037812 0.058437
15 0.723437 0.884375 0.037812 0.058437
6 0.775000 0.884375 0.037812 0.058437
24 0.826562 0.884375 0.037812 0.058437
19 0.878125 0.884375 0.037812 0.058437
7 0.929688 0.884375 0.037812 0.058437