9 0.131250 0.198437 0.079063 0.127188
11 0.246875 0.198437 0.079063 0.127188
5 0.362500 0.198437 0.079063 0.127188
12 0.478125 0.198437 0.079063 0.127188
3 0.593750 0.198437 0.079063 0.127188
24 0.709375 0.198437 0.079063 0.127188
6 0.825000 0.198437 0.079063 0.127188
1 0.131250 0.378125 0.079063 0.127188
4 0.246875 0.378125 0.079063 0.127188
15 0.362500 0.378125 0.079063 0.127188
11 0.478125 0.378125 0.079063 0.127188
22 0.593750 0.378125 0.079063 0.127188
19 0.709375 0.378125 0.079063 0.127188
15 0.825000 0.378125 0.079063 0.127188
6 0.131250 0.557813 0.079063 0.127188
2 0.246875 0.557813 0.079063 0.127188
14 0.362500 0.557813 0.079063 0.127188
2 0.478125 0.557813 0.079063 0.127188
24 0.593750 0.557813 0.079063 0.127188
9 0.709375 0.557813 0.079063 0.127188
7 0.825000 0.557813 0.079063 0.127188
0 0.131250 0.737500 0.079063 0.127188
18 0.246875 0.737500 0.079063 0.127188
4 0.362500 0.737500 0.079063 0.127188
4 0.478125 0.737500 0.079063 0.127188
16 0.593750 0.737500 0.079063 0.127188
23 0.709375 0.737500 0.079063 0.127188
10 0.825000 0.737500 0.079063 0.127188