12 0.181250 0.250000 0.099687 0.158125
24 0.326562 0.250000 0.099687 0.158125
1 0.471875 0.250000 0.099687 0.158125
8 0.617188 0.250000 0.099687 0.158125
8 0.762500 0.250000 0.099687 0.158125
3 0.181250 0.464062 0.099687 0.158125
21 0.326562 0.464062 0.099687 0.158125
22 0.471875 0.464062 0.099687 0.158125
1 0.617188 0.464062 0.099687 0.158125
3 0.762500 0.464062 0.099687 0.158125
22 0.181250 0.678125 0.099687 0.158125
4 0.326562 0.678125 0.099687 0.158125
8 0.471875 0.678125 0.099687 0.158125
17 0.617188 0.678125 0.099687 0.158125
10 0.762500 0.678125 0.099687 0.158125