12 0.115625 0.176563 0.082500 0.134063
6 0.256250 0.176563 0.082500 0.134063
1 0.396875 0.176563 0.082500 0.134063
1 0.537500 0.176563 0.082500 0.134063
24 0.678125 0.176563 0.082500 0.134063
9 0.818750 0.176563 0.082500 0.134063
7 0.115625 0.368750 0.082500 0.134063
20 0.256250 0.368750 0.082500 0.134063
23 0.396875 0.368750 0.082500 0.134063
1 0.537500 0.368750 0.082500 0.134063
8 0.678125 0.368750 0.082500 0.134063
5 0.818750 0.368750 0.082500 0.134063
1 0.115625 0.560937 0.082500 0.134063
12 0.256250 0.560937 0.082500 0.134063
11 0.396875 0.560937 0.082500 0.134063
3 0.537500 0.560937 0.082500 0.134063
8 0.678125 0.560937 0.082500 0.134063
3 0.818750 0.560937 0.082500 0.134063
3 0.115625 0.753125 0.082500 0.134063
8 0.256250 0.753125 0.082500 0.134063
18 0.396875 0.753125 0.082500 0.134063
10 0.537500 0.753125 0.082500 0.134063
8 0.678125 0.753125 0.082500 0.134063
21 0.818750 0.753125 0.082500 0.134063