5 0.105469 0.179688 0.094531 0.147812
22 0.230469 0.179688 0.094531 0.147812
9 0.355469 0.179688 0.094531 0.147812
2 0.480469 0.179688 0.094531 0.147812
10 0.605469 0.179688 0.094531 0.147812
23 0.730469 0.179688 0.094531 0.147812
22 0.855469 0.179688 0.094531 0.147812
25 0.105469 0.373437 0.094531 0.147812
20 0.230469 0.373437 0.094531 0.147812
6 0.355469 0.373437 0.094531 0.147812
14 0.480469 0.373437 0.094531 0.147812
22 0.605469 0.373437 0.094531 0.147812
21 0.730469 0.373437 0.094531 0.147812
17 0.855469 0.373437 0.094531 0.147812
23 0.105469 0.567187 0.094531 0.147812
8 0.230469 0.567187 0.094531 0.147812
15 0.355469 0.567187 0.094531 0.147812
8 0.480469 0.567187 0.094531 0.147812
1 0.605469 0.567187 0.094531 0.147812
6 0.730469 0.567187 0.094531 0.147812
7 0.855469 0.567187 0.094531 0.147812
25 0.105469 0.760938 0.094531 0.147812
8 0.230469 0.760938 0.094531 0.147812
20 0.355469 0.760938 0.094531 0.147812
11 0.480469 0.760938 0.094531 0.147812
6 0.605469 0.760938 0.094531 0.147812
13 0.730469 0.760938 0.094531 0.147812
3 0.855469 0.760938 0.094531 0.147812