8 0.098437 0.132812 0.061875 0.099687
18 0.193750 0.132812 0.061875 0.099687
7 0.289062 0.132812 0.061875 0.099687
12 0.384375 0.132812 0.061875 0.099687
23 0.479687 0.132812 0.061875 0.099687
0 0.575000 0.132812 0.061875 0.099687
10 0.670312 0.132812 0.061875 0.099687
20 0.765625 0.132812 0.061875 0.099687
0 0.860938 0.132812 0.061875 0.099687
6 0.098437 0.270313 0.061875 0.099687
16 0.193750 0.270313 0.061875 0.099687
0 0.289062 0.270313 0.061875 0.099687
18 0.384375 0.270313 0.061875 0.099687
0 0.479687 0.270313 0.061875 0.099687
1 0.575000 0.270313 0.061875 0.099687
9 0.670312 0.270313 0.061875 0.099687
2 0.765625 0.270313 0.061875 0.099687
14 0.860938 0.270313 0.061875 0.099687
21 0.098437 0.407813 0.061875 0.099687
25 0.193750 0.407813 0.061875 0.099687
23 0.289062 0.407813 0.061875 0.099687
13 0.384375 0.407813 0.061875 0.099687
7 0.479687 0.407813 0.061875 0.099687
9 0.575000 0.407813 0.061875 0.099687
11 0.670312 0.407813 0.061875 0.099687
21 0.765625 0.407813 0.061875 0.099687
6 0.860938 0.407813 0.061875 0.099687
16 0.098437 0.545312 0.061875 0.099687
23 0.193750 0.545312 0.061875 0.099687
15 0.289062 0.545312 0.061875 0.099687
14 0.384375 0.545312 0.061875 0.099687
15 0.479687 0.545312 0.061875 0.099687
1 0.575000 0.545312 0.061875 0.099687
17 0.670312 0.545312 0.061875 0.099687
0 0.765625 0.545312 0.061875 0.099687
17 0.860938 0.545312 0.061875 0.099687
11 0.098437 0.682813 0.061875 0.099687
9 0.193750 0.682813 0.061875 0.099687
21 0.289062 0.682813 0.061875 0.099687
1 0.384375 0.682813 0.061875 0.099687
22 0.479687 0.682813 0.061875 0.099687
10 0.575000 0.682813 0.061875 0.099687
17 0.670312 0.682813 0.061875 0.099687
0 0.765625 0.682813 0.061875 0.099687
24 0.860938 0.682813 0.061875 0.099687
8 0.098437 0.820312 0.061875 0.099687
15 0.193750 0.820312 0.061875 0.099687
15 0.289062 0.820312 0.061875 0.099687
9 0.384375 0.820312 0.061875 0.099687
3 0.479687 0.820312 0.061875 0.099687
2 0.575000 0.820312 0.061875 0.099687
11 0.670312 0.820312 0.061875 0.099687
11 0.765625 0.820312 0.061875 0.099687
5 0.860938 0.820312 0.061875 0.099687