25 0.135937 0.207813 0.079063 0.127188
6 0.250000 0.207813 0.079063 0.127188
11 0.364063 0.207813 0.079063 0.127188
15 0.478125 0.207813 0.079063 0.127188
12 0.592187 0.207813 0.079063 0.127188
22 0.706250 0.207813 0.079063 0.127188
3 0.820312 0.207813 0.079063 0.127188
3 0.135937 0.382812 0.079063 0.127188
20 0.250000 0.382812 0.079063 0.127188
24 0.364063 0.382812 0.079063 0.127188
23 0.478125 0.382812 0.079063 0.127188
2 0.592187 0.382812 0.079063 0.127188
14 0.706250 0.382812 0.079063 0.127188
8 0.820312 0.382812 0.079063 0.127188
20 0.135937 0.557813 0.079063 0.127188
13 0.250000 0.557813 0.079063 0.127188
24 0.364063 0.557813 0.079063 0.127188
10 0.478125 0.557813 0.079063 0.127188
23 0.592187 0.557813 0.079063 0.127188
2 0.706250 0.557813 0.079063 0.127188
8 0.820312 0.557813 0.079063 0.127188
3 0.135937 0.732812 0.079063 0.127188
6 0.250000 0.732812 0.079063 0.127188
2 0.364063 0.732812 0.079063 0.127188
16 0.478125 0.732812 0.079063 0.127188
0 0.592187 0.732812 0.079063 0.127188
21 0.706250 0.732812 0.079063 0.127188
15 0.820312 0.732812 0.079063 0.127188