9 0.121875 0.178125 0.075625 0.116875
21 0.225000 0.178125 0.075625 0.116875
25 0.328125 0.178125 0.075625 0.116875
14 0.431250 0.178125 0.075625 0.116875
13 0.534375 0.178125 0.075625 0.116875
5 0.637500 0.178125 0.075625 0.116875
20 0.740625 0.178125 0.075625 0.116875
4 0.843750 0.178125 0.075625 0.116875
7 0.121875 0.328125 0.075625 0.116875
19 0.225000 0.328125 0.075625 0.116875
16 0.328125 0.328125 0.075625 0.116875
9 0.431250 0.328125 0.075625 0.116875
14 0.534375 0.328125 0.075625 0.116875
25 0.637500 0.328125 0.075625 0.116875
17 0.740625 0.328125 0.075625 0.116875
5 0.843750 0.328125 0.075625 0.116875
23 0.121875 0.478125 0.075625 0.116875
13 0.225000 0.478125 0.075625 0.116875
18 0.328125 0.478125 0.075625 0.116875
24 0.431250 0.478125 0.075625 0.116875
0 0.534375 0.478125 0.075625 0.116875
25 0.637500 0.478125 0.075625 0.116875
17 0.740625 0.478125 0.075625 0.116875
1 0.843750 0.478125 0.075625 0.116875
25 0.121875 0.628125 0.075625 0.116875
10 0.225000 0.628125 0.075625 0.116875
17 0.328125 0.628125 0.075625 0.116875
1 0.431250 0.628125 0.075625 0.116875
2 0.534375 0.628125 0.075625 0.116875
22 0.637500 0.628125 0.075625 0.116875
10 0.740625 0.628125 0.075625 0.116875
0 0.843750 0.628125 0.075625 0.116875
1 0.121875 0.778125 0.075625 0.116875
3 0.225000 0.778125 0.075625 0.116875
12 0.328125 0.778125 0.075625 0.116875
11 0.431250 0.778125 0.075625 0.116875
23 0.534375 0.778125 0.075625 0.116875
8 0.637500 0.778125 0.075625 0.116875
1 0.740625 0.778125 0.075625 0.116875
16 0.843750 0.778125 0.075625 0.116875