5 0.133594 0.175000 0.091094 0.144375
16 0.269531 0.175000 0.091094 0.144375
1 0.405469 0.175000 0.091094 0.144375
17 0.541406 0.175000 0.091094 0.144375
24 0.677344 0.175000 0.091094 0.144375
17 0.813281 0.175000 0.091094 0.144375
0 0.133594 0.370312 0.091094 0.144375
1 0.269531 0.370312 0.091094 0.144375
4 0.405469 0.370312 0.091094 0.144375
14 0.541406 0.370312 0.091094 0.144375
19 0.677344 0.370312 0.091094 0.144375
15 0.813281 0.370312 0.091094 0.144375
4 0.133594 0.565625 0.091094 0.144375
7 0.269531 0.565625 0.091094 0.144375
21 0.405469 0.565625 0.091094 0.144375
21 0.541406 0.565625 0.091094 0.144375
9 0.677344 0.565625 0.091094 0.144375
15 0.813281 0.565625 0.091094 0.144375
13 0.133594 0.760938 0.091094 0.144375
5 0.269531 0.760938 0.091094 0.144375
22 0.405469 0.760938 0.091094 0.144375
5 0.541406 0.760938 0.091094 0.144375
17 0.677344 0.760938 0.091094 0.144375
9 0.813281 0.760938 0.091094 0.144375