15 0.123438 0.148438 0.075625 0.120313
8 0.240625 0.148438 0.075625 0.120313
12 0.357812 0.148438 0.075625 0.120313
16 0.475000 0.148438 0.075625 0.120313
23 0.592187 0.148438 0.075625 0.120313
15 0.709375 0.148438 0.075625 0.120313
17 0.826562 0.148438 0.075625 0.120313
16 0.123438 0.310937 0.075625 0.120313
16 0.240625 0.310937 0.075625 0.120313
1 0.357812 0.310937 0.075625 0.120313
3 0.475000 0.310937 0.075625 0.120313
2 0.592187 0.310937 0.075625 0.120313
3 0.709375 0.310937 0.075625 0.120313
10 0.826562 0.310937 0.075625 0.120313
19 0.123438 0.473438 0.075625 0.120313
13 0.240625 0.473438 0.075625 0.120313
9 0.357812 0.473438 0.075625 0.120313
15 0.475000 0.473438 0.075625 0.120313
23 0.592187 0.473438 0.075625 0.120313
3 0.709375 0.473438 0.075625 0.120313
6 0.826562 0.473438 0.075625 0.120313
0 0.123438 0.635938 0.075625 0.120313
5 0.240625 0.635938 0.075625 0.120313
15 0.357812 0.635938 0.075625 0.120313
19 0.475000 0.635938 0.075625 0.120313
10 0.592187 0.635938 0.075625 0.120313
0 0.709375 0.635938 0.075625 0.120313
0 0.826562 0.635938 0.075625 0.120313
13 0.123438 0.798438 0.075625 0.120313
11 0.240625 0.798438 0.075625 0.120313
15 0.357812 0.798438 0.075625 0.120313
7 0.475000 0.798438 0.075625 0.120313
12 0.592187 0.798438 0.075625 0.120313
19 0.709375 0.798438 0.075625 0.120313
24 0.826562 0.798438 0.075625 0.120313