19 0.141406 0.170313 0.087656 0.140937
18 0.274219 0.170313 0.087656 0.140937
24 0.407031 0.170313 0.087656 0.140937
0 0.539844 0.170313 0.087656 0.140937
19 0.672656 0.170313 0.087656 0.140937
25 0.805469 0.170313 0.087656 0.140937
7 0.141406 0.367188 0.087656 0.140937
10 0.274219 0.367188 0.087656 0.140937
1 0.407031 0.367188 0.087656 0.140937
6 0.539844 0.367188 0.087656 0.140937
4 0.672656 0.367188 0.087656 0.140937
7 0.805469 0.367188 0.087656 0.140937
2 0.141406 0.564063 0.087656 0.140937
22 0.274219 0.564063 0.087656 0.140937
25 0.407031 0.564063 0.087656 0.140937
24 0.539844 0.564063 0.087656 0.140937
1 0.672656 0.564063 0.087656 0.140937
0 0.805469 0.564063 0.087656 0.140937
13 0.141406 0.760938 0.087656 0.140937
6 0.274219 0.760938 0.087656 0.140937
24 0.407031 0.760938 0.087656 0.140937
7 0.539844 0.760938 0.087656 0.140937
3 0.672656 0.760938 0.087656 0.140937
3 0.805469 0.760938 0.087656 0.140937