20 0.169531 0.240625 0.097969 0.158125
10 0.319531 0.240625 0.097969 0.158125
17 0.469531 0.240625 0.097969 0.158125
19 0.619531 0.240625 0.097969 0.158125
6 0.769531 0.240625 0.097969 0.158125
25 0.169531 0.460938 0.097969 0.158125
12 0.319531 0.460938 0.097969 0.158125
7 0.469531 0.460938 0.097969 0.158125
5 0.619531 0.460938 0.097969 0.158125
16 0.769531 0.460938 0.097969 0.158125
23 0.169531 0.681250 0.097969 0.158125
13 0.319531 0.681250 0.097969 0.158125
18 0.469531 0.681250 0.097969 0.158125
0 0.619531 0.681250 0.097969 0.158125
14 0.769531 0.681250 0.097969 0.158125