16 0.118750 0.143750 0.075625 0.120313
13 0.237500 0.143750 0.075625 0.120313
6 0.356250 0.143750 0.075625 0.120313
0 0.475000 0.143750 0.075625 0.120313
8 0.593750 0.143750 0.075625 0.120313
1 0.712500 0.143750 0.075625 0.120313
23 0.831250 0.143750 0.075625 0.120313
23 0.118750 0.307812 0.075625 0.120313
1 0.237500 0.307812 0.075625 0.120313
15 0.356250 0.307812 0.075625 0.120313
23 0.475000 0.307812 0.075625 0.120313
20 0.593750 0.307812 0.075625 0.120313
14 0.712500 0.307812 0.075625 0.120313
20 0.831250 0.307812 0.075625 0.120313
4 0.118750 0.471875 0.075625 0.120313
17 0.237500 0.471875 0.075625 0.120313
5 0.356250 0.471875 0.075625 0.120313
21 0.475000 0.471875 0.075625 0.120313
1 0.593750 0.471875 0.075625 0.120313
25 0.712500 0.471875 0.075625 0.120313
15 0.831250 0.471875 0.075625 0.120313
24 0.118750 0.635938 0.075625 0.120313
19 0.237500 0.635938 0.075625 0.120313
2 0.356250 0.635938 0.075625 0.120313
11 0.475000 0.635938 0.075625 0.120313
24 0.593750 0.635938 0.075625 0.120313
2 0.712500 0.635938 0.075625 0.120313
12 0.831250 0.635938 0.075625 0.120313
15 0.118750 0.800000 0.075625 0.120313
2 0.237500 0.800000 0.075625 0.120313
10 0.356250 0.800000 0.075625 0.120313
0 0.475000 0.800000 0.075625 0.120313
22 0.593750 0.800000 0.075625 0.120313
2 0.712500 0.800000 0.075625 0.120313
6 0.831250 0.800000 0.075625 0.120313