24 0.114844 0.139063 0.067031 0.103125
2 0.207031 0.139063 0.067031 0.103125
12 0.299219 0.139063 0.067031 0.103125
25 0.391406 0.139063 0.067031 0.103125
20 0.483594 0.139063 0.067031 0.103125
2 0.575781 0.139063 0.067031 0.103125
19 0.667969 0.139063 0.067031 0.103125
7 0.760156 0.139063 0.067031 0.103125
16 0.852344 0.139063 0.067031 0.103125
25 0.114844 0.275000 0.067031 0.103125
22 0.207031 0.275000 0.067031 0.103125
23 0.299219 0.275000 0.067031 0.103125
22 0.391406 0.275000 0.067031 0.103125
14 0.483594 0.275000 0.067031 0.103125
7 0.575781 0.275000 0.067031 0.103125
6 0.667969 0.275000 0.067031 0.103125
15 0.760156 0.275000 0.067031 0.103125
4 0.852344 0.275000 0.067031 0.103125
9 0.114844 0.410938 0.067031 0.103125
14 0.207031 0.410938 0.067031 0.103125
14 0.299219 0.410938 0.067031 0.103125
2 0.391406 0.410938 0.067031 0.103125
16 0.483594 0.410938 0.067031 0.103125
15 0.575781 0.410938 0.067031 0.103125
18 0.667969 0.410938 0.067031 0.103125
7 0.760156 0.410938 0.067031 0.103125
11 0.852344 0.410938 0.067031 0.103125
7 0.114844 0.546875 0.067031 0.103125
12 0.207031 0.546875 0.067031 0.103125
2 0.299219 0.546875 0.067031 0.103125
14 0.391406 0.546875 0.067031 0.103125
5 0.483594 0.546875 0.067031 0.103125
7 0.575781 0.546875 0.067031 0.103125
25 0.667969 0.546875 0.067031 0.103125
6 0.760156 0.546875 0.067031 0.103125
0 0.852344 0.546875 0.067031 0.103125
24 0.114844 0.682813 0.067031 0.103125
16 0.207031 0.682813 0.067031 0.103125
4 0.299219 0.682813 0.067031 0.103125
10 0.391406 0.682813 0.067031 0.103125
6 0.483594 0.682813 0.067031 0.103125
13 0.575781 0.682813 0.067031 0.103125
12 0.667969 0.682813 0.067031 0.103125
1 0.760156 0.682813 0.067031 0.103125
14 0.852344 0.682813 0.067031 0.103125
15 0.114844 0.818750 0.067031 0.103125
4 0.207031 0.818750 0.067031 0.103125
17 0.299219 0.818750 0.067031 0.103125
7 0.391406 0.818750 0.067031 0.103125
4 0.483594 0.818750 0.067031 0.103125
11 0.575781 0.818750 0.067031 0.103125
20 0.667969 0.818750 0.067031 0.103125
23 0.760156 0.818750 0.067031 0.103125
2 0.852344 0.818750 0.067031 0.103125