22 0.135156 0.189062 0.084219 0.134063
12 0.269531 0.189062 0.084219 0.134063
21 0.403906 0.189062 0.084219 0.134063
22 0.538281 0.189062 0.084219 0.134063
21 0.672656 0.189062 0.084219 0.134063
17 0.807031 0.189062 0.084219 0.134063
3 0.135156 0.375000 0.084219 0.134063
5 0.269531 0.375000 0.084219 0.134063
3 0.403906 0.375000 0.084219 0.134063
12 0.538281 0.375000 0.084219 0.134063
17 0.672656 0.375000 0.084219 0.134063
12 0.807031 0.375000 0.084219 0.134063
16 0.135156 0.560937 0.084219 0.134063
12 0.269531 0.560937 0.084219 0.134063
15 0.403906 0.560937 0.084219 0.134063
15 0.538281 0.560937 0.084219 0.134063
10 0.672656 0.560937 0.084219 0.134063
2 0.807031 0.560937 0.084219 0.134063
13 0.135156 0.746875 0.084219 0.134063
11 0.269531 0.746875 0.084219 0.134063
23 0.403906 0.746875 0.084219 0.134063
7 0.538281 0.746875 0.084219 0.134063
5 0.672656 0.746875 0.084219 0.134063
5 0.807031 0.746875 0.084219 0.134063