14 0.146094 0.248438 0.108281 0.168437
13 0.307031 0.248438 0.108281 0.168437
2 0.467969 0.248438 0.108281 0.168437
20 0.628906 0.248438 0.108281 0.168437
6 0.789844 0.248438 0.108281 0.168437
20 0.146094 0.467187 0.108281 0.168437
23 0.307031 0.467187 0.108281 0.168437
7 0.467969 0.467187 0.108281 0.168437
0 0.628906 0.467187 0.108281 0.168437
3 0.789844 0.467187 0.108281 0.168437
10 0.146094 0.685937 0.108281 0.168437
4 0.307031 0.685937 0.108281 0.168437
24 0.467969 0.685937 0.108281 0.168437
15 0.628906 0.685937 0.108281 0.168437
3 0.789844 0.685937 0.108281 0.168437