0 0.110937 0.206250 0.082500 0.130625
7 0.232813 0.206250 0.082500 0.130625
9 0.354687 0.206250 0.082500 0.130625
7 0.476562 0.206250 0.082500 0.130625
24 0.598437 0.206250 0.082500 0.130625
8 0.720313 0.206250 0.082500 0.130625
2 0.842187 0.206250 0.082500 0.130625
7 0.110937 0.382812 0.082500 0.130625
21 0.232813 0.382812 0.082500 0.130625
8 0.354687 0.382812 0.082500 0.130625
5 0.476562 0.382812 0.082500 0.130625
20 0.598437 0.382812 0.082500 0.130625
9 0.720313 0.382812 0.082500 0.130625
8 0.842187 0.382812 0.082500 0.130625
22 0.110937 0.559375 0.082500 0.130625
17 0.232813 0.559375 0.082500 0.130625
10 0.354687 0.559375 0.082500 0.130625
12 0.476562 0.559375 0.082500 0.130625
14 0.598437 0.559375 0.082500 0.130625
5 0.720313 0.559375 0.082500 0.130625
1 0.842187 0.559375 0.082500 0.130625
25 0.110937 0.735938 0.082500 0.130625
0 0.232813 0.735938 0.082500 0.130625
5 0.354687 0.735938 0.082500 0.130625
6 0.476562 0.735938 0.082500 0.130625
12 0.598437 0.735938 0.082500 0.130625
3 0.720313 0.735938 0.082500 0.130625
16 0.842187 0.735938 0.082500 0.130625