19 0.128906 0.245312 0.101406 0.161562
15 0.267969 0.245312 0.101406 0.161562
15 0.407031 0.245312 0.101406 0.161562
2 0.546094 0.245312 0.101406 0.161562
25 0.685156 0.245312 0.101406 0.161562
24 0.824219 0.245312 0.101406 0.161562
17 0.128906 0.464062 0.101406 0.161562
16 0.267969 0.464062 0.101406 0.161562
7 0.407031 0.464062 0.101406 0.161562
11 0.546094 0.464062 0.101406 0.161562
19 0.685156 0.464062 0.101406 0.161562
14 0.824219 0.464062 0.101406 0.161562
5 0.128906 0.682813 0.101406 0.161562
25 0.267969 0.682813 0.101406 0.161562
10 0.407031 0.682813 0.101406 0.161562
10 0.546094 0.682813 0.101406 0.161562
20 0.685156 0.682813 0.101406 0.161562
8 0.824219 0.682813 0.101406 0.161562