11 0.120313 0.185938 0.082500 0.134063
10 0.259375 0.185938 0.082500 0.134063
21 0.398438 0.185938 0.082500 0.134063
12 0.537500 0.185938 0.082500 0.134063
8 0.676562 0.185938 0.082500 0.134063
18 0.815625 0.185938 0.082500 0.134063
16 0.120313 0.373437 0.082500 0.134063
21 0.259375 0.373437 0.082500 0.134063
6 0.398438 0.373437 0.082500 0.134063
23 0.537500 0.373437 0.082500 0.134063
19 0.676562 0.373437 0.082500 0.134063
24 0.815625 0.373437 0.082500 0.134063
14 0.120313 0.560937 0.082500 0.134063
17 0.259375 0.560937 0.082500 0.134063
12 0.398438 0.560937 0.082500 0.134063
16 0.537500 0.560937 0.082500 0.134063
9 0.676562 0.560937 0.082500 0.134063
2 0.815625 0.560937 0.082500 0.134063
3 0.120313 0.748437 0.082500 0.134063
5 0.259375 0.748437 0.082500 0.134063
17 0.398438 0.748437 0.082500 0.134063
16 0.537500 0.748437 0.082500 0.134063
9 0.676562 0.748437 0.082500 0.134063
20 0.815625 0.748437 0.082500 0.134063