7 0.108594 0.215625 0.077344 0.123750
2 0.230469 0.215625 0.077344 0.123750
13 0.352344 0.215625 0.077344 0.123750
15 0.474219 0.215625 0.077344 0.123750
1 0.596094 0.215625 0.077344 0.123750
1 0.717969 0.215625 0.077344 0.123750
10 0.839844 0.215625 0.077344 0.123750
19 0.108594 0.385937 0.077344 0.123750
5 0.230469 0.385937 0.077344 0.123750
22 0.352344 0.385937 0.077344 0.123750
4 0.474219 0.385937 0.077344 0.123750
11 0.596094 0.385937 0.077344 0.123750
10 0.717969 0.385937 0.077344 0.123750
0 0.839844 0.385937 0.077344 0.123750
1 0.108594 0.556250 0.077344 0.123750
23 0.230469 0.556250 0.077344 0.123750
24 0.352344 0.556250 0.077344 0.123750
5 0.474219 0.556250 0.077344 0.123750
2 0.596094 0.556250 0.077344 0.123750
19 0.717969 0.556250 0.077344 0.123750
6 0.839844 0.556250 0.077344 0.123750
12 0.108594 0.726562 0.077344 0.123750
13 0.230469 0.726562 0.077344 0.123750
13 0.352344 0.726562 0.077344 0.123750
3 0.474219 0.726562 0.077344 0.123750
1 0.596094 0.726562 0.077344 0.123750
12 0.717969 0.726562 0.077344 0.123750
7 0.839844 0.726562 0.077344 0.123750