9 0.121875 0.128125 0.061875 0.099687
15 0.223438 0.128125 0.061875 0.099687
6 0.325000 0.128125 0.061875 0.099687
21 0.426563 0.128125 0.061875 0.099687
24 0.528125 0.128125 0.061875 0.099687
20 0.629687 0.128125 0.061875 0.099687
15 0.731250 0.128125 0.061875 0.099687
0 0.832812 0.128125 0.061875 0.099687
2 0.121875 0.267188 0.061875 0.099687
5 0.223438 0.267188 0.061875 0.099687
16 0.325000 0.267188 0.061875 0.099687
0 0.426563 0.267188 0.061875 0.099687
12 0.528125 0.267188 0.061875 0.099687
17 0.629687 0.267188 0.061875 0.099687
17 0.731250 0.267188 0.061875 0.099687
8 0.832812 0.267188 0.061875 0.099687
12 0.121875 0.406250 0.061875 0.099687
8 0.223438 0.406250 0.061875 0.099687
4 0.325000 0.406250 0.061875 0.099687
19 0.426563 0.406250 0.061875 0.099687
16 0.528125 0.406250 0.061875 0.099687
7 0.629687 0.406250 0.061875 0.099687
15 0.731250 0.406250 0.061875 0.099687
17 0.832812 0.406250 0.061875 0.099687
11 0.121875 0.545312 0.061875 0.099687
4 0.223438 0.545312 0.061875 0.099687
1 0.325000 0.545312 0.061875 0.099687
14 0.426563 0.545312 0.061875 0.099687
24 0.528125 0.545312 0.061875 0.099687
1 0.629687 0.545312 0.061875 0.099687
9 0.731250 0.545312 0.061875 0.099687
17 0.832812 0.545312 0.061875 0.099687
8 0.121875 0.684375 0.061875 0.099687
0 0.223438 0.684375 0.061875 0.099687
0 0.325000 0.684375 0.061875 0.099687
8 0.426563 0.684375 0.061875 0.099687
13 0.528125 0.684375 0.061875 0.099687
7 0.629687 0.684375 0.061875 0.099687
4 0.731250 0.684375 0.061875 0.099687
14 0.832812 0.684375 0.061875 0.099687
6 0.121875 0.823438 0.061875 0.099687
23 0.223438 0.823438 0.061875 0.099687
11 0.325000 0.823438 0.061875 0.099687
16 0.426563 0.823438 0.061875 0.099687
20 0.528125 0.823438 0.061875 0.099687
0 0.629687 0.823438 0.061875 0.099687
25 0.731250 0.823438 0.061875 0.099687
8 0.832812 0.823438 0.061875 0.099687