22 0.121875 0.248438 0.096250 0.154688
24 0.262500 0.248438 0.096250 0.154688
14 0.403125 0.248438 0.096250 0.154688
8 0.543750 0.248438 0.096250 0.154688
11 0.684375 0.248438 0.096250 0.154688
8 0.825000 0.248438 0.096250 0.154688
8 0.121875 0.462500 0.096250 0.154688
23 0.262500 0.462500 0.096250 0.154688
14 0.403125 0.462500 0.096250 0.154688
6 0.543750 0.462500 0.096250 0.154688
19 0.684375 0.462500 0.096250 0.154688
12 0.825000 0.462500 0.096250 0.154688
24 0.121875 0.676562 0.096250 0.154688
2 0.262500 0.676562 0.096250 0.154688
0 0.403125 0.676562 0.096250 0.154688
4 0.543750 0.676562 0.096250 0.154688
23 0.684375 0.676562 0.096250 0.154688
9 0.825000 0.676562 0.096250 0.154688