0 0.124219 0.242188 0.101406 0.161562
5 0.264844 0.242188 0.101406 0.161562
22 0.405469 0.242188 0.101406 0.161562
22 0.546094 0.242188 0.101406 0.161562
9 0.686719 0.242188 0.101406 0.161562
15 0.827344 0.242188 0.101406 0.161562
11 0.124219 0.462500 0.101406 0.161562
2 0.264844 0.462500 0.101406 0.161562
25 0.405469 0.462500 0.101406 0.161562
19 0.546094 0.462500 0.101406 0.161562
10 0.686719 0.462500 0.101406 0.161562
18 0.827344 0.462500 0.101406 0.161562
0 0.124219 0.682813 0.101406 0.161562
12 0.264844 0.682813 0.101406 0.161562
9 0.405469 0.682813 0.101406 0.161562
21 0.546094 0.682813 0.101406 0.161562
0 0.686719 0.682813 0.101406 0.161562
12 0.827344 0.682813 0.101406 0.161562