1 0.111719 0.214062 0.073906 0.120313
4 0.232031 0.214062 0.073906 0.120313
13 0.352344 0.214062 0.073906 0.120313
18 0.472656 0.214062 0.073906 0.120313
16 0.592969 0.214062 0.073906 0.120313
4 0.713281 0.214062 0.073906 0.120313
18 0.833594 0.214062 0.073906 0.120313
16 0.111719 0.384375 0.073906 0.120313
2 0.232031 0.384375 0.073906 0.120313
17 0.352344 0.384375 0.073906 0.120313
10 0.472656 0.384375 0.073906 0.120313
0 0.592969 0.384375 0.073906 0.120313
12 0.713281 0.384375 0.073906 0.120313
17 0.833594 0.384375 0.073906 0.120313
15 0.111719 0.554688 0.073906 0.120313
17 0.232031 0.554688 0.073906 0.120313
7 0.352344 0.554688 0.073906 0.120313
21 0.472656 0.554688 0.073906 0.120313
11 0.592969 0.554688 0.073906 0.120313
4 0.713281 0.554688 0.073906 0.120313
9 0.833594 0.554688 0.073906 0.120313
16 0.111719 0.725000 0.073906 0.120313
23 0.232031 0.725000 0.073906 0.120313
14 0.352344 0.725000 0.073906 0.120313
17 0.472656 0.725000 0.073906 0.120313
16 0.592969 0.725000 0.073906 0.120313
16 0.713281 0.725000 0.073906 0.120313
12 0.833594 0.725000 0.073906 0.120313