18 0.104688 0.221875 0.079063 0.123750
9 0.212500 0.221875 0.079063 0.123750
21 0.320312 0.221875 0.079063 0.123750
9 0.428125 0.221875 0.079063 0.123750
11 0.535937 0.221875 0.079063 0.123750
15 0.643750 0.221875 0.079063 0.123750
14 0.751563 0.221875 0.079063 0.123750
4 0.859375 0.221875 0.079063 0.123750
13 0.104688 0.389062 0.079063 0.123750
11 0.212500 0.389062 0.079063 0.123750
0 0.320312 0.389062 0.079063 0.123750
0 0.428125 0.389062 0.079063 0.123750
4 0.535937 0.389062 0.079063 0.123750
3 0.643750 0.389062 0.079063 0.123750
6 0.751563 0.389062 0.079063 0.123750
7 0.859375 0.389062 0.079063 0.123750
8 0.104688 0.556250 0.079063 0.123750
5 0.212500 0.556250 0.079063 0.123750
15 0.320312 0.556250 0.079063 0.123750
7 0.428125 0.556250 0.079063 0.123750
8 0.535937 0.556250 0.079063 0.123750
7 0.643750 0.556250 0.079063 0.123750
2 0.751563 0.556250 0.079063 0.123750
12 0.859375 0.556250 0.079063 0.123750
6 0.104688 0.723437 0.079063 0.123750
2 0.212500 0.723437 0.079063 0.123750
13 0.320312 0.723437 0.079063 0.123750
14 0.428125 0.723437 0.079063 0.123750
7 0.535937 0.723437 0.079063 0.123750
23 0.643750 0.723437 0.079063 0.123750
10 0.751563 0.723437 0.079063 0.123750
3 0.859375 0.723437 0.079063 0.123750