1 0.125000 0.267188 0.103125 0.158125
23 0.265625 0.267188 0.103125 0.158125
1 0.406250 0.267188 0.103125 0.158125
2 0.546875 0.267188 0.103125 0.158125
5 0.687500 0.267188 0.103125 0.158125
13 0.828125 0.267188 0.103125 0.158125
15 0.125000 0.470313 0.103125 0.158125
1 0.265625 0.470313 0.103125 0.158125
16 0.406250 0.470313 0.103125 0.158125
15 0.546875 0.470313 0.103125 0.158125
18 0.687500 0.470313 0.103125 0.158125
10 0.828125 0.470313 0.103125 0.158125
0 0.125000 0.673438 0.103125 0.158125
19 0.265625 0.673438 0.103125 0.158125
5 0.406250 0.673438 0.103125 0.158125
2 0.546875 0.673438 0.103125 0.158125
8 0.687500 0.673438 0.103125 0.158125
14 0.828125 0.673438 0.103125 0.158125