19 0.153125 0.231250 0.106563 0.168437
2 0.310937 0.231250 0.106563 0.168437
2 0.468750 0.231250 0.106563 0.168437
23 0.626563 0.231250 0.106563 0.168437
3 0.784375 0.231250 0.106563 0.168437
6 0.153125 0.460938 0.106563 0.168437
15 0.310937 0.460938 0.106563 0.168437
14 0.468750 0.460938 0.106563 0.168437
3 0.626563 0.460938 0.106563 0.168437
23 0.784375 0.460938 0.106563 0.168437
15 0.153125 0.690625 0.106563 0.168437
3 0.310937 0.690625 0.106563 0.168437
22 0.468750 0.690625 0.106563 0.168437
6 0.626563 0.690625 0.106563 0.168437
14 0.784375 0.690625 0.106563 0.168437