2 0.070312 0.129688 0.058437 0.089375
4 0.153125 0.129688 0.058437 0.089375
6 0.235937 0.129688 0.058437 0.089375
17 0.318750 0.129688 0.058437 0.089375
20 0.401562 0.129688 0.058437 0.089375
11 0.484375 0.129688 0.058437 0.089375
20 0.567187 0.129688 0.058437 0.089375
18 0.650000 0.129688 0.058437 0.089375
9 0.732812 0.129688 0.058437 0.089375
20 0.815625 0.129688 0.058437 0.089375
10 0.898438 0.129688 0.058437 0.089375
7 0.070312 0.246875 0.058437 0.089375
7 0.153125 0.246875 0.058437 0.089375
21 0.235937 0.246875 0.058437 0.089375
21 0.318750 0.246875 0.058437 0.089375
8 0.401562 0.246875 0.058437 0.089375
9 0.484375 0.246875 0.058437 0.089375
1 0.567187 0.246875 0.058437 0.089375
20 0.650000 0.246875 0.058437 0.089375
19 0.732812 0.246875 0.058437 0.089375
17 0.815625 0.246875 0.058437 0.089375
9 0.898438 0.246875 0.058437 0.089375
23 0.070312 0.364063 0.058437 0.089375
10 0.153125 0.364063 0.058437 0.089375
24 0.235937 0.364063 0.058437 0.089375
1 0.318750 0.364063 0.058437 0.089375
2 0.401562 0.364063 0.058437 0.089375
7 0.484375 0.364063 0.058437 0.089375
16 0.567187 0.364063 0.058437 0.089375
4 0.650000 0.364063 0.058437 0.089375
18 0.732812 0.364063 0.058437 0.089375
21 0.815625 0.364063 0.058437 0.089375
12 0.898438 0.364063 0.058437 0.089375
6 0.070312 0.481250 0.058437 0.089375
17 0.153125 0.481250 0.058437 0.089375
0 0.235937 0.481250 0.058437 0.089375
23 0.318750 0.481250 0.058437 0.089375
11 0.401562 0.481250 0.058437 0.089375
20 0.484375 0.481250 0.058437 0.089375
20 0.567187 0.481250 0.058437 0.089375
2 0.650000 0.481250 0.058437 0.089375
5 0.732812 0.481250 0.058437 0.089375
5 0.815625 0.481250 0.058437 0.089375
14 0.898438 0.481250 0.058437 0.089375
5 0.070312 0.598437 0.058437 0.089375
7 0.153125 0.598437 0.058437 0.089375
20 0.235937 0.598437 0.058437 0.089375
19 0.318750 0.598437 0.058437 0.089375
3 0.401562 0.598437 0.058437 0.089375
5 0.484375 0.598437 0.058437 0.089375
7 0.567187 0.598437 0.058437 0.089375
3 0.650000 0.598437 0.058437 0.089375
3 0.732812 0.598437 0.058437 0.089375
8 0.815625 0.598437 0.058437 0.089375
21 0.898438 0.598437 0.058437 0.089375
23 0.070312 0.715625 0.058437 0.089375
16 0.153125 0.715625 0.058437 0.089375
21 0.235937 0.715625 0.058437 0.089375
7 0.318750 0.715625 0.058437 0.089375
17 0.401562 0.715625 0.058437 0.089375
24 0.484375 0.715625 0.058437 0.089375
5 0.567187 0.715625 0.058437 0.089375
4 0.650000 0.715625 0.058437 0.089375
13 0.732812 0.715625 0.058437 0.089375
2 0.815625 0.715625 0.058437 0.089375
3 0.898438 0.715625 0.058437 0.089375
2 0.070312 0.832812 0.058437 0.089375
20 0.153125 0.832812 0.058437 0.089375
24 0.235937 0.832812 0.058437 0.089375
6 0.318750 0.832812 0.058437 0.089375
22 0.401562 0.832812 0.058437 0.089375
2 0.484375 0.832812 0.058437 0.089375
7 0.567187 0.832812 0.058437 0.089375
10 0.650000 0.832812 0.058437 0.089375
6 0.732812 0.832812 0.058437 0.089375
2 0.815625 0.832812 0.058437 0.089375
17 0.898438 0.832812 0.058437 0.089375