6 0.110937 0.125000 0.065312 0.103125
6 0.215625 0.125000 0.065312 0.103125
2 0.320312 0.125000 0.065312 0.103125
19 0.425000 0.125000 0.065312 0.103125
4 0.529687 0.125000 0.065312 0.103125
23 0.634375 0.125000 0.065312 0.103125
1 0.739062 0.125000 0.065312 0.103125
20 0.843750 0.125000 0.065312 0.103125
0 0.110937 0.265625 0.065312 0.103125
25 0.215625 0.265625 0.065312 0.103125
5 0.320312 0.265625 0.065312 0.103125
8 0.425000 0.265625 0.065312 0.103125
15 0.529687 0.265625 0.065312 0.103125
23 0.634375 0.265625 0.065312 0.103125
17 0.739062 0.265625 0.065312 0.103125
24 0.843750 0.265625 0.065312 0.103125
25 0.110937 0.406250 0.065312 0.103125
2 0.215625 0.406250 0.065312 0.103125
13 0.320312 0.406250 0.065312 0.103125
6 0.425000 0.406250 0.065312 0.103125
23 0.529687 0.406250 0.065312 0.103125
8 0.634375 0.406250 0.065312 0.103125
0 0.739062 0.406250 0.065312 0.103125
24 0.843750 0.406250 0.065312 0.103125
1 0.110937 0.546875 0.065312 0.103125
1 0.215625 0.546875 0.065312 0.103125
14 0.320312 0.546875 0.065312 0.103125
20 0.425000 0.546875 0.065312 0.103125
5 0.529687 0.546875 0.065312 0.103125
6 0.634375 0.546875 0.065312 0.103125
25 0.739062 0.546875 0.065312 0.103125
3 0.843750 0.546875 0.065312 0.103125
23 0.110937 0.687500 0.065312 0.103125
13 0.215625 0.687500 0.065312 0.103125
9 0.320312 0.687500 0.065312 0.103125
16 0.425000 0.687500 0.065312 0.103125
23 0.529687 0.687500 0.065312 0.103125
6 0.634375 0.687500 0.065312 0.103125
11 0.739062 0.687500 0.065312 0.103125
17 0.843750 0.687500 0.065312 0.103125
5 0.110937 0.828125 0.065312 0.103125
24 0.215625 0.828125 0.065312 0.103125
21 0.320312 0.828125 0.065312 0.103125
20 0.425000 0.828125 0.065312 0.103125
6 0.529687 0.828125 0.065312 0.103125
25 0.634375 0.828125 0.065312 0.103125
12 0.739062 0.828125 0.065312 0.103125
18 0.843750 0.828125 0.065312 0.103125