5 0.072656 0.095312 0.042969 0.068750
10 0.141406 0.095312 0.042969 0.068750
9 0.210156 0.095312 0.042969 0.068750
6 0.278906 0.095312 0.042969 0.068750
7 0.347656 0.095312 0.042969 0.068750
15 0.416406 0.095312 0.042969 0.068750
12 0.485156 0.095312 0.042969 0.068750
6 0.553906 0.095312 0.042969 0.068750
19 0.622656 0.095312 0.042969 0.068750
17 0.691406 0.095312 0.042969 0.068750
25 0.760156 0.095312 0.042969 0.068750
21 0.828906 0.095312 0.042969 0.068750
18 0.897656 0.095312 0.042969 0.068750
16 0.072656 0.192188 0.042969 0.068750
5 0.141406 0.192188 0.042969 0.068750
19 0.210156 0.192188 0.042969 0.068750
7 0.278906 0.192188 0.042969 0.068750
22 0.347656 0.192188 0.042969 0.068750
25 0.416406 0.192188 0.042969 0.068750
2 0.485156 0.192188 0.042969 0.068750
5 0.553906 0.192188 0.042969 0.068750
22 0.622656 0.192188 0.042969 0.068750
14 0.691406 0.192188 0.042969 0.068750
18 0.760156 0.192188 0.042969 0.068750
24 0.828906 0.192188 0.042969 0.068750
5 0.897656 0.192188 0.042969 0.068750
19 0.072656 0.289062 0.042969 0.068750
18 0.141406 0.289062 0.042969 0.068750
20 0.210156 0.289062 0.042969 0.068750
10 0.278906 0.289062 0.042969 0.068750
11 0.347656 0.289062 0.042969 0.068750
25 0.416406 0.289062 0.042969 0.068750
12 0.485156 0.289062 0.042969 0.068750
17 0.553906 0.289062 0.042969 0.068750
1 0.622656 0.289062 0.042969 0.068750
18 0.691406 0.289062 0.042969 0.068750
13 0.760156 0.289062 0.042969 0.068750
20 0.828906 0.289062 0.042969 0.068750
23 0.897656 0.289062 0.042969 0.068750
8 0.072656 0.385937 0.042969 0.068750
12 0.141406 0.385937 0.042969 0.068750
25 0.210156 0.385937 0.042969 0.068750
7 0.278906 0.385937 0.042969 0.068750
10 0.347656 0.385937 0.042969 0.068750
7 0.416406 0.385937 0.042969 0.068750
24 0.485156 0.385937 0.042969 0.068750
13 0.553906 0.385937 0.042969 0.068750
10 0.622656 0.385937 0.042969 0.068750
20 0.691406 0.385937 0.042969 0.068750
9 0.760156 0.385937 0.042969 0.068750
13 0.828906 0.385937 0.042969 0.068750
7 0.897656 0.385937 0.042969 0.068750
14 0.072656 0.482812 0.042969 0.068750
20 0.141406 0.482812 0.042969 0.068750
12 0.210156 0.482812 0.042969 0.068750
13 0.278906 0.482812 0.042969 0.068750
18 0.347656 0.482812 0.042969 0.068750
11 0.416406 0.482812 0.042969 0.068750
3 0.485156 0.482812 0.042969 0.068750
8 0.553906 0.482812 0.042969 0.068750
24 0.622656 0.482812 0.042969 0.068750
22 0.691406 0.482812 0.042969 0.068750
24 0.760156 0.482812 0.042969 0.068750
25 0.828906 0.482812 0.042969 0.068750
2 0.897656 0.482812 0.042969 0.068750
11 0.072656 0.579688 0.042969 0.068750
21 0.141406 0.579688 0.042969 0.068750
7 0.210156 0.579688 0.042969 0.068750
8 0.278906 0.579688 0.042969 0.068750
4 0.347656 0.579688 0.042969 0.068750
19 0.416406 0.579688 0.042969 0.068750
19 0.485156 0.579688 0.042969 0.068750
13 0.553906 0.579688 0.042969 0.068750
10 0.622656 0.579688 0.042969 0.068750
3 0.691406 0.579688 0.042969 0.068750
19 0.760156 0.579688 0.042969 0.068750
3 0.828906 0.579688 0.042969 0.068750
14 0.897656 0.579688 0.042969 0.068750
15 0.072656 0.676562 0.042969 0.068750
16 0.141406 0.676562 0.042969 0.068750
17 0.210156 0.676562 0.042969 0.068750
11 0.278906 0.676562 0.042969 0.068750
15 0.347656 0.676562 0.042969 0.068750
0 0.416406 0.676562 0.042969 0.068750
4 0.485156 0.676562 0.042969 0.068750
24 0.553906 0.676562 0.042969 0.068750
10 0.622656 0.676562 0.042969 0.068750
24 0.691406 0.676562 0.042969 0.068750
14 0.760156 0.676562 0.042969 0.068750
4 0.828906 0.676562 0.042969 0.068750
23 0.897656 0.676562 0.042969 0.068750
23 0.072656 0.773438 0.042969 0.068750
21 0.141406 0.773438 0.042969 0.068750
20 0.210156 0.773438 0.042969 0.068750
13 0.278906 0.773438 0.042969 0.068750
21 0.347656 0.773438 0.042969 0.068750
22 0.416406 0.773438 0.042969 0.068750
4 0.485156 0.773438 0.042969 0.068750
17 0.553906 0.773438 0.042969 0.068750
9 0.622656 0.773438 0.042969 0.068750
5 0.691406 0.773438 0.042969 0.068750
13 0.760156 0.773438 0.042969 0.068750
0 0.828906 0.773438 0.042969 0.068750
25 0.897656 0.773438 0.042969 0.068750
12 0.072656 0.870313 0.042969 0.068750
24 0.141406 0.870313 0.042969 0.068750
18 0.210156 0.870313 0.042969 0.068750
12 0.278906 0.870313 0.042969 0.068750
2 0.347656 0.870313 0.042969 0.068750
19 0.416406 0.870313 0.042969 0.068750
17 0.485156 0.870313 0.042969 0.068750
22 0.553906 0.870313 0.042969 0.068750
1 0.622656 0.870313 0.042969 0.068750
13 0.691406 0.870313 0.042969 0.068750
15 0.760156 0.870313 0.042969 0.068750
3 0.828906 0.870313 0.042969 0.068750
11 0.897656 0.870313 0.042969 0.068750