11 0.129688 0.268750 0.103125 0.158125
14 0.268750 0.268750 0.103125 0.158125
11 0.407813 0.268750 0.103125 0.158125
1 0.546875 0.268750 0.103125 0.158125
10 0.685937 0.268750 0.103125 0.158125
24 0.825000 0.268750 0.103125 0.158125
23 0.129688 0.470313 0.103125 0.158125
0 0.268750 0.470313 0.103125 0.158125
14 0.407813 0.470313 0.103125 0.158125
10 0.546875 0.470313 0.103125 0.158125
8 0.685937 0.470313 0.103125 0.158125
14 0.825000 0.470313 0.103125 0.158125
6 0.129688 0.671875 0.103125 0.158125
3 0.268750 0.671875 0.103125 0.158125
8 0.407813 0.671875 0.103125 0.158125
10 0.546875 0.671875 0.103125 0.158125
15 0.685937 0.671875 0.103125 0.158125
4 0.825000 0.671875 0.103125 0.158125