11 0.160156 0.239063 0.104844 0.165000
8 0.314844 0.239063 0.104844 0.165000
9 0.469531 0.239063 0.104844 0.165000
17 0.624219 0.239063 0.104844 0.165000
20 0.778906 0.239063 0.104844 0.165000
20 0.160156 0.462500 0.104844 0.165000
0 0.314844 0.462500 0.104844 0.165000
6 0.469531 0.462500 0.104844 0.165000
25 0.624219 0.462500 0.104844 0.165000
19 0.778906 0.462500 0.104844 0.165000
11 0.160156 0.685937 0.104844 0.165000
22 0.314844 0.685937 0.104844 0.165000
3 0.469531 0.685937 0.104844 0.165000
2 0.624219 0.685937 0.104844 0.165000
2 0.778906 0.685937 0.104844 0.165000