12 0.142969 0.262500 0.101406 0.158125
19 0.277344 0.262500 0.101406 0.158125
12 0.411719 0.262500 0.101406 0.158125
10 0.546094 0.262500 0.101406 0.158125
14 0.680469 0.262500 0.101406 0.158125
3 0.814844 0.262500 0.101406 0.158125
18 0.142969 0.468750 0.101406 0.158125
3 0.277344 0.468750 0.101406 0.158125
13 0.411719 0.468750 0.101406 0.158125
17 0.546094 0.468750 0.101406 0.158125
13 0.680469 0.468750 0.101406 0.158125
3 0.814844 0.468750 0.101406 0.158125
21 0.142969 0.675000 0.101406 0.158125
24 0.277344 0.675000 0.101406 0.158125
1 0.411719 0.675000 0.101406 0.158125
0 0.546094 0.675000 0.101406 0.158125
1 0.680469 0.675000 0.101406 0.158125
5 0.814844 0.675000 0.101406 0.158125