14 0.166406 0.253125 0.091094 0.147812
21 0.316406 0.253125 0.091094 0.147812
21 0.466406 0.253125 0.091094 0.147812
8 0.616406 0.253125 0.091094 0.147812
9 0.766406 0.253125 0.091094 0.147812
0 0.166406 0.462500 0.091094 0.147812
0 0.316406 0.462500 0.091094 0.147812
22 0.466406 0.462500 0.091094 0.147812
12 0.616406 0.462500 0.091094 0.147812
13 0.766406 0.462500 0.091094 0.147812
13 0.166406 0.671875 0.091094 0.147812
1 0.316406 0.671875 0.091094 0.147812
23 0.466406 0.671875 0.091094 0.147812
8 0.616406 0.671875 0.091094 0.147812
23 0.766406 0.671875 0.091094 0.147812