18 0.113281 0.200000 0.087656 0.137500
8 0.235156 0.200000 0.087656 0.137500
23 0.357031 0.200000 0.087656 0.137500
19 0.478906 0.200000 0.087656 0.137500
9 0.600781 0.200000 0.087656 0.137500
16 0.722656 0.200000 0.087656 0.137500
2 0.844531 0.200000 0.087656 0.137500
23 0.113281 0.381250 0.087656 0.137500
23 0.235156 0.381250 0.087656 0.137500
4 0.357031 0.381250 0.087656 0.137500
19 0.478906 0.381250 0.087656 0.137500
17 0.600781 0.381250 0.087656 0.137500
8 0.722656 0.381250 0.087656 0.137500
10 0.844531 0.381250 0.087656 0.137500
12 0.113281 0.562500 0.087656 0.137500
21 0.235156 0.562500 0.087656 0.137500
23 0.357031 0.562500 0.087656 0.137500
6 0.478906 0.562500 0.087656 0.137500
3 0.600781 0.562500 0.087656 0.137500
19 0.722656 0.562500 0.087656 0.137500
11 0.844531 0.562500 0.087656 0.137500
19 0.113281 0.743750 0.087656 0.137500
10 0.235156 0.743750 0.087656 0.137500
12 0.357031 0.743750 0.087656 0.137500
15 0.478906 0.743750 0.087656 0.137500
0 0.600781 0.743750 0.087656 0.137500
11 0.722656 0.743750 0.087656 0.137500
1 0.844531 0.743750 0.087656 0.137500