18 0.100000 0.179688 0.082500 0.134063
17 0.225000 0.179688 0.082500 0.134063
23 0.350000 0.179688 0.082500 0.134063
17 0.475000 0.179688 0.082500 0.134063
11 0.600000 0.179688 0.082500 0.134063
17 0.725000 0.179688 0.082500 0.134063
12 0.850000 0.179688 0.082500 0.134063
2 0.100000 0.370312 0.082500 0.134063
11 0.225000 0.370312 0.082500 0.134063
21 0.350000 0.370312 0.082500 0.134063
24 0.475000 0.370312 0.082500 0.134063
23 0.600000 0.370312 0.082500 0.134063
24 0.725000 0.370312 0.082500 0.134063
4 0.850000 0.370312 0.082500 0.134063
5 0.100000 0.560937 0.082500 0.134063
13 0.225000 0.560937 0.082500 0.134063
4 0.350000 0.560937 0.082500 0.134063
4 0.475000 0.560937 0.082500 0.134063
2 0.600000 0.560937 0.082500 0.134063
1 0.725000 0.560937 0.082500 0.134063
6 0.850000 0.560937 0.082500 0.134063
6 0.100000 0.751563 0.082500 0.134063
6 0.225000 0.751563 0.082500 0.134063
4 0.350000 0.751563 0.082500 0.134063
11 0.475000 0.751563 0.082500 0.134063
8 0.600000 0.751563 0.082500 0.134063
21 0.725000 0.751563 0.082500 0.134063
12 0.850000 0.751563 0.082500 0.134063