0 0.171094 0.170313 0.094531 0.147812
11 0.319531 0.170313 0.094531 0.147812
14 0.467969 0.170313 0.094531 0.147812
19 0.616406 0.170313 0.094531 0.147812
4 0.764844 0.170313 0.094531 0.147812
25 0.171094 0.368750 0.094531 0.147812
8 0.319531 0.368750 0.094531 0.147812
7 0.467969 0.368750 0.094531 0.147812
23 0.616406 0.368750 0.094531 0.147812
11 0.764844 0.368750 0.094531 0.147812
20 0.171094 0.567187 0.094531 0.147812
16 0.319531 0.567187 0.094531 0.147812
6 0.467969 0.567187 0.094531 0.147812
12 0.616406 0.567187 0.094531 0.147812
16 0.764844 0.567187 0.094531 0.147812
25 0.171094 0.765625 0.094531 0.147812
14 0.319531 0.765625 0.094531 0.147812
9 0.467969 0.765625 0.094531 0.147812
17 0.616406 0.765625 0.094531 0.147812
8 0.764844 0.765625 0.094531 0.147812