16 0.172656 0.171875 0.097969 0.151250
11 0.321094 0.171875 0.097969 0.151250
19 0.469531 0.171875 0.097969 0.151250
21 0.617969 0.171875 0.097969 0.151250
1 0.766406 0.171875 0.097969 0.151250
2 0.172656 0.370312 0.097969 0.151250
16 0.321094 0.370312 0.097969 0.151250
24 0.469531 0.370312 0.097969 0.151250
22 0.617969 0.370312 0.097969 0.151250
0 0.766406 0.370312 0.097969 0.151250
5 0.172656 0.568750 0.097969 0.151250
20 0.321094 0.568750 0.097969 0.151250
13 0.469531 0.568750 0.097969 0.151250
21 0.617969 0.568750 0.097969 0.151250
12 0.766406 0.568750 0.097969 0.151250
24 0.172656 0.767188 0.097969 0.151250
25 0.321094 0.767188 0.097969 0.151250
21 0.469531 0.767188 0.097969 0.151250
21 0.617969 0.767188 0.097969 0.151250
4 0.766406 0.767188 0.097969 0.151250