3 0.107031 0.173437 0.087656 0.140937
14 0.230469 0.173437 0.087656 0.140937
3 0.353906 0.173437 0.087656 0.140937
10 0.477344 0.173437 0.087656 0.140937
5 0.600781 0.173437 0.087656 0.140937
22 0.724219 0.173437 0.087656 0.140937
11 0.847656 0.173437 0.087656 0.140937
3 0.107031 0.368750 0.087656 0.140937
22 0.230469 0.368750 0.087656 0.140937
8 0.353906 0.368750 0.087656 0.140937
10 0.477344 0.368750 0.087656 0.140937
17 0.600781 0.368750 0.087656 0.140937
16 0.724219 0.368750 0.087656 0.140937
7 0.847656 0.368750 0.087656 0.140937
3 0.107031 0.564063 0.087656 0.140937
0 0.230469 0.564063 0.087656 0.140937
8 0.353906 0.564063 0.087656 0.140937
25 0.477344 0.564063 0.087656 0.140937
25 0.600781 0.564063 0.087656 0.140937
7 0.724219 0.564063 0.087656 0.140937
3 0.847656 0.564063 0.087656 0.140937
7 0.107031 0.759375 0.087656 0.140937
5 0.230469 0.759375 0.087656 0.140937
19 0.353906 0.759375 0.087656 0.140937
20 0.477344 0.759375 0.087656 0.140937
4 0.600781 0.759375 0.087656 0.140937
25 0.724219 0.759375 0.087656 0.140937
8 0.847656 0.759375 0.087656 0.140937