25 0.087500 0.167187 0.068750 0.110000
11 0.185938 0.167187 0.068750 0.110000
21 0.284375 0.167187 0.068750 0.110000
13 0.382812 0.167187 0.068750 0.110000
5 0.481250 0.167187 0.068750 0.110000
25 0.579688 0.167187 0.068750 0.110000
3 0.678125 0.167187 0.068750 0.110000
24 0.776563 0.167187 0.068750 0.110000
21 0.875000 0.167187 0.068750 0.110000
6 0.087500 0.320312 0.068750 0.110000
10 0.185938 0.320312 0.068750 0.110000
11 0.284375 0.320312 0.068750 0.110000
10 0.382812 0.320312 0.068750 0.110000
22 0.481250 0.320312 0.068750 0.110000
16 0.579688 0.320312 0.068750 0.110000
19 0.678125 0.320312 0.068750 0.110000
9 0.776563 0.320312 0.068750 0.110000
16 0.875000 0.320312 0.068750 0.110000
21 0.087500 0.473438 0.068750 0.110000
17 0.185938 0.473438 0.068750 0.110000
11 0.284375 0.473438 0.068750 0.110000
2 0.382812 0.473438 0.068750 0.110000
16 0.481250 0.473438 0.068750 0.110000
20 0.579688 0.473438 0.068750 0.110000
11 0.678125 0.473438 0.068750 0.110000
10 0.776563 0.473438 0.068750 0.110000
25 0.875000 0.473438 0.068750 0.110000
21 0.087500 0.626563 0.068750 0.110000
12 0.185938 0.626563 0.068750 0.110000
8 0.284375 0.626563 0.068750 0.110000
8 0.382812 0.626563 0.068750 0.110000
10 0.481250 0.626563 0.068750 0.110000
2 0.579688 0.626563 0.068750 0.110000
15 0.678125 0.626563 0.068750 0.110000
17 0.776563 0.626563 0.068750 0.110000
25 0.875000 0.626563 0.068750 0.110000
8 0.087500 0.779687 0.068750 0.110000
1 0.185938 0.779687 0.068750 0.110000
2 0.284375 0.779687 0.068750 0.110000
20 0.382812 0.779687 0.068750 0.110000
18 0.481250 0.779687 0.068750 0.110000
1 0.579688 0.779687 0.068750 0.110000
23 0.678125 0.779687 0.068750 0.110000
2 0.776563 0.779687 0.068750 0.110000
10 0.875000 0.779687 0.068750 0.110000