17 0.123438 0.262500 0.099687 0.154688
20 0.264062 0.262500 0.099687 0.154688
8 0.404687 0.262500 0.099687 0.154688
16 0.545312 0.262500 0.099687 0.154688
22 0.685937 0.262500 0.099687 0.154688
0 0.826562 0.262500 0.099687 0.154688
4 0.123438 0.467187 0.099687 0.154688
21 0.264062 0.467187 0.099687 0.154688
19 0.404687 0.467187 0.099687 0.154688
11 0.545312 0.467187 0.099687 0.154688
9 0.685937 0.467187 0.099687 0.154688
14 0.826562 0.467187 0.099687 0.154688
14 0.123438 0.671875 0.099687 0.154688
19 0.264062 0.671875 0.099687 0.154688
1 0.404687 0.671875 0.099687 0.154688
1 0.545312 0.671875 0.099687 0.154688
18 0.685937 0.671875 0.099687 0.154688
4 0.826562 0.671875 0.099687 0.154688