1 0.105469 0.176563 0.094531 0.147812
14 0.230469 0.176563 0.094531 0.147812
21 0.355469 0.176563 0.094531 0.147812
12 0.480469 0.176563 0.094531 0.147812
15 0.605469 0.176563 0.094531 0.147812
13 0.730469 0.176563 0.094531 0.147812
16 0.855469 0.176563 0.094531 0.147812
0 0.105469 0.371875 0.094531 0.147812
22 0.230469 0.371875 0.094531 0.147812
22 0.355469 0.371875 0.094531 0.147812
16 0.480469 0.371875 0.094531 0.147812
18 0.605469 0.371875 0.094531 0.147812
17 0.730469 0.371875 0.094531 0.147812
9 0.855469 0.371875 0.094531 0.147812
16 0.105469 0.567187 0.094531 0.147812
14 0.230469 0.567187 0.094531 0.147812
14 0.355469 0.567187 0.094531 0.147812
24 0.480469 0.567187 0.094531 0.147812
13 0.605469 0.567187 0.094531 0.147812
21 0.730469 0.567187 0.094531 0.147812
13 0.855469 0.567187 0.094531 0.147812
9 0.105469 0.762500 0.094531 0.147812
25 0.230469 0.762500 0.094531 0.147812
22 0.355469 0.762500 0.094531 0.147812
17 0.480469 0.762500 0.094531 0.147812
25 0.605469 0.762500 0.094531 0.147812
16 0.730469 0.762500 0.094531 0.147812
9 0.855469 0.762500 0.094531 0.147812