8 0.114062 0.262500 0.089375 0.144375
18 0.256250 0.262500 0.089375 0.144375
1 0.398438 0.262500 0.089375 0.144375
9 0.540625 0.262500 0.089375 0.144375
22 0.682813 0.262500 0.089375 0.144375
8 0.825000 0.262500 0.089375 0.144375
25 0.114062 0.464062 0.089375 0.144375
12 0.256250 0.464062 0.089375 0.144375
5 0.398438 0.464062 0.089375 0.144375
11 0.540625 0.464062 0.089375 0.144375
19 0.682813 0.464062 0.089375 0.144375
18 0.825000 0.464062 0.089375 0.144375
17 0.114062 0.665625 0.089375 0.144375
17 0.256250 0.665625 0.089375 0.144375
23 0.398438 0.665625 0.089375 0.144375
11 0.540625 0.665625 0.089375 0.144375
13 0.682813 0.665625 0.089375 0.144375
0 0.825000 0.665625 0.089375 0.144375