17 0.129688 0.187500 0.092812 0.144375
4 0.267188 0.187500 0.092812 0.144375
10 0.404687 0.187500 0.092812 0.144375
11 0.542188 0.187500 0.092812 0.144375
18 0.679688 0.187500 0.092812 0.144375
1 0.817187 0.187500 0.092812 0.144375
7 0.129688 0.376563 0.092812 0.144375
25 0.267188 0.376563 0.092812 0.144375
2 0.404687 0.376563 0.092812 0.144375
20 0.542188 0.376563 0.092812 0.144375
19 0.679688 0.376563 0.092812 0.144375
4 0.817187 0.376563 0.092812 0.144375
22 0.129688 0.565625 0.092812 0.144375
13 0.267188 0.565625 0.092812 0.144375
20 0.404687 0.565625 0.092812 0.144375
2 0.542188 0.565625 0.092812 0.144375
4 0.679688 0.565625 0.092812 0.144375
23 0.817187 0.565625 0.092812 0.144375
21 0.129688 0.754687 0.092812 0.144375
18 0.267188 0.754687 0.092812 0.144375
18 0.404687 0.754687 0.092812 0.144375
6 0.542188 0.754687 0.092812 0.144375
24 0.679688 0.754687 0.092812 0.144375
15 0.817187 0.754687 0.092812 0.144375