19 0.085156 0.117188 0.053281 0.085938
0 0.164844 0.117188 0.053281 0.085938
0 0.244531 0.117188 0.053281 0.085938
14 0.324219 0.117188 0.053281 0.085938
17 0.403906 0.117188 0.053281 0.085938
6 0.483594 0.117188 0.053281 0.085938
4 0.563281 0.117188 0.053281 0.085938
10 0.642969 0.117188 0.053281 0.085938
18 0.722656 0.117188 0.053281 0.085938
4 0.802344 0.117188 0.053281 0.085938
2 0.882031 0.117188 0.053281 0.085938
24 0.085156 0.237500 0.053281 0.085938
0 0.164844 0.237500 0.053281 0.085938
25 0.244531 0.237500 0.053281 0.085938
15 0.324219 0.237500 0.053281 0.085938
11 0.403906 0.237500 0.053281 0.085938
24 0.483594 0.237500 0.053281 0.085938
8 0.563281 0.237500 0.053281 0.085938
0 0.642969 0.237500 0.053281 0.085938
1 0.722656 0.237500 0.053281 0.085938
21 0.802344 0.237500 0.053281 0.085938
17 0.882031 0.237500 0.053281 0.085938
20 0.085156 0.357812 0.053281 0.085938
0 0.164844 0.357812 0.053281 0.085938
1 0.244531 0.357812 0.053281 0.085938
15 0.324219 0.357812 0.053281 0.085938
16 0.403906 0.357812 0.053281 0.085938
0 0.483594 0.357812 0.053281 0.085938
12 0.563281 0.357812 0.053281 0.085938
22 0.642969 0.357812 0.053281 0.085938
9 0.722656 0.357812 0.053281 0.085938
22 0.802344 0.357812 0.053281 0.085938
0 0.882031 0.357812 0.053281 0.085938
16 0.085156 0.478125 0.053281 0.085938
18 0.164844 0.478125 0.053281 0.085938
7 0.244531 0.478125 0.053281 0.085938
9 0.324219 0.478125 0.053281 0.085938
7 0.403906 0.478125 0.053281 0.085938
6 0.483594 0.478125 0.053281 0.085938
3 0.563281 0.478125 0.053281 0.085938
17 0.642969 0.478125 0.053281 0.085938
22 0.722656 0.478125 0.053281 0.085938
21 0.802344 0.478125 0.053281 0.085938
0 0.882031 0.478125 0.053281 0.085938
23 0.085156 0.598437 0.053281 0.085938
23 0.164844 0.598437 0.053281 0.085938
19 0.244531 0.598437 0.053281 0.085938
20 0.324219 0.598437 0.053281 0.085938
21 0.403906 0.598437 0.053281 0.085938
4 0.483594 0.598437 0.053281 0.085938
5 0.563281 0.598437 0.053281 0.085938
23 0.642969 0.598437 0.053281 0.085938
11 0.722656 0.598437 0.053281 0.085938
6 0.802344 0.598437 0.053281 0.085938
2 0.882031 0.598437 0.053281 0.085938
19 0.085156 0.718750 0.053281 0.085938
7 0.164844 0.718750 0.053281 0.085938
21 0.244531 0.718750 0.053281 0.085938
23 0.324219 0.718750 0.053281 0.085938
21 0.403906 0.718750 0.053281 0.085938
4 0.483594 0.718750 0.053281 0.085938
15 0.563281 0.718750 0.053281 0.085938
22 0.642969 0.718750 0.053281 0.085938
2 0.722656 0.718750 0.053281 0.085938
10 0.802344 0.718750 0.053281 0.085938
21 0.882031 0.718750 0.053281 0.085938
16 0.085156 0.839063 0.053281 0.085938
17 0.164844 0.839063 0.053281 0.085938
10 0.244531 0.839063 0.053281 0.085938
1 0.324219 0.839063 0.053281 0.085938
18 0.403906 0.839063 0.053281 0.085938
2 0.483594 0.839063 0.053281 0.085938
16 0.563281 0.839063 0.053281 0.085938
12 0.642969 0.839063 0.053281 0.085938
6 0.722656 0.839063 0.053281 0.085938
8 0.802344 0.839063 0.053281 0.085938
4 0.882031 0.839063 0.053281 0.085938