7 0.105469 0.218750 0.084219 0.130625
14 0.228906 0.218750 0.084219 0.130625
23 0.352344 0.218750 0.084219 0.130625
16 0.475781 0.218750 0.084219 0.130625
19 0.599219 0.218750 0.084219 0.130625
19 0.722656 0.218750 0.084219 0.130625
10 0.846094 0.218750 0.084219 0.130625
11 0.105469 0.389062 0.084219 0.130625
8 0.228906 0.389062 0.084219 0.130625
20 0.352344 0.389062 0.084219 0.130625
14 0.475781 0.389062 0.084219 0.130625
9 0.599219 0.389062 0.084219 0.130625
4 0.722656 0.389062 0.084219 0.130625
7 0.846094 0.389062 0.084219 0.130625
1 0.105469 0.559375 0.084219 0.130625
13 0.228906 0.559375 0.084219 0.130625
8 0.352344 0.559375 0.084219 0.130625
0 0.475781 0.559375 0.084219 0.130625
15 0.599219 0.559375 0.084219 0.130625
24 0.722656 0.559375 0.084219 0.130625
6 0.846094 0.559375 0.084219 0.130625
22 0.105469 0.729688 0.084219 0.130625
7 0.228906 0.729688 0.084219 0.130625
1 0.352344 0.729688 0.084219 0.130625
23 0.475781 0.729688 0.084219 0.130625
15 0.599219 0.729688 0.084219 0.130625
17 0.722656 0.729688 0.084219 0.130625
17 0.846094 0.729688 0.084219 0.130625