22 0.128125 0.178125 0.075625 0.116875
11 0.229687 0.178125 0.075625 0.116875
0 0.331250 0.178125 0.075625 0.116875
21 0.432812 0.178125 0.075625 0.116875
18 0.534375 0.178125 0.075625 0.116875
14 0.635938 0.178125 0.075625 0.116875
12 0.737500 0.178125 0.075625 0.116875
1 0.839063 0.178125 0.075625 0.116875
5 0.128125 0.328125 0.075625 0.116875
19 0.229687 0.328125 0.075625 0.116875
12 0.331250 0.328125 0.075625 0.116875
11 0.432812 0.328125 0.075625 0.116875
18 0.534375 0.328125 0.075625 0.116875
9 0.635938 0.328125 0.075625 0.116875
15 0.737500 0.328125 0.075625 0.116875
22 0.839063 0.328125 0.075625 0.116875
23 0.128125 0.478125 0.075625 0.116875
0 0.229687 0.478125 0.075625 0.116875
3 0.331250 0.478125 0.075625 0.116875
15 0.432812 0.478125 0.075625 0.116875
6 0.534375 0.478125 0.075625 0.116875
5 0.635938 0.478125 0.075625 0.116875
12 0.737500 0.478125 0.075625 0.116875
2 0.839063 0.478125 0.075625 0.116875
12 0.128125 0.628125 0.075625 0.116875
23 0.229687 0.628125 0.075625 0.116875
5 0.331250 0.628125 0.075625 0.116875
14 0.432812 0.628125 0.075625 0.116875
22 0.534375 0.628125 0.075625 0.116875
21 0.635938 0.628125 0.075625 0.116875
0 0.737500 0.628125 0.075625 0.116875
21 0.839063 0.628125 0.075625 0.116875
2 0.128125 0.778125 0.075625 0.116875
13 0.229687 0.778125 0.075625 0.116875
25 0.331250 0.778125 0.075625 0.116875
15 0.432812 0.778125 0.075625 0.116875
4 0.534375 0.778125 0.075625 0.116875
10 0.635938 0.778125 0.075625 0.116875
17 0.737500 0.778125 0.075625 0.116875
19 0.839063 0.778125 0.075625 0.116875