17 0.152344 0.179688 0.101406 0.154688
21 0.283594 0.179688 0.101406 0.154688
25 0.414844 0.179688 0.101406 0.154688
24 0.546094 0.179688 0.101406 0.154688
3 0.677344 0.179688 0.101406 0.154688
12 0.808594 0.179688 0.101406 0.154688
15 0.152344 0.375000 0.101406 0.154688
3 0.283594 0.375000 0.101406 0.154688
12 0.414844 0.375000 0.101406 0.154688
7 0.546094 0.375000 0.101406 0.154688
22 0.677344 0.375000 0.101406 0.154688
13 0.808594 0.375000 0.101406 0.154688
22 0.152344 0.570312 0.101406 0.154688
8 0.283594 0.570312 0.101406 0.154688
0 0.414844 0.570312 0.101406 0.154688
0 0.546094 0.570312 0.101406 0.154688
20 0.677344 0.570312 0.101406 0.154688
7 0.808594 0.570312 0.101406 0.154688
8 0.152344 0.765625 0.101406 0.154688
5 0.283594 0.765625 0.101406 0.154688
25 0.414844 0.765625 0.101406 0.154688
12 0.546094 0.765625 0.101406 0.154688
13 0.677344 0.765625 0.101406 0.154688
3 0.808594 0.765625 0.101406 0.154688