11 0.136719 0.157812 0.080781 0.123750
14 0.250781 0.157812 0.080781 0.123750
14 0.364844 0.157812 0.080781 0.123750
16 0.478906 0.157812 0.080781 0.123750
7 0.592969 0.157812 0.080781 0.123750
18 0.707031 0.157812 0.080781 0.123750
20 0.821094 0.157812 0.080781 0.123750
18 0.136719 0.317188 0.080781 0.123750
13 0.250781 0.317188 0.080781 0.123750
18 0.364844 0.317188 0.080781 0.123750
2 0.478906 0.317188 0.080781 0.123750
6 0.592969 0.317188 0.080781 0.123750
21 0.707031 0.317188 0.080781 0.123750
18 0.821094 0.317188 0.080781 0.123750
3 0.136719 0.476562 0.080781 0.123750
22 0.250781 0.476562 0.080781 0.123750
9 0.364844 0.476562 0.080781 0.123750
11 0.478906 0.476562 0.080781 0.123750
4 0.592969 0.476562 0.080781 0.123750
5 0.707031 0.476562 0.080781 0.123750
18 0.821094 0.476562 0.080781 0.123750
15 0.136719 0.635938 0.080781 0.123750
5 0.250781 0.635938 0.080781 0.123750
19 0.364844 0.635938 0.080781 0.123750
3 0.478906 0.635938 0.080781 0.123750
23 0.592969 0.635938 0.080781 0.123750
5 0.707031 0.635938 0.080781 0.123750
3 0.821094 0.635938 0.080781 0.123750
1 0.136719 0.795312 0.080781 0.123750
7 0.250781 0.795312 0.080781 0.123750
14 0.364844 0.795312 0.080781 0.123750
23 0.478906 0.795312 0.080781 0.123750
19 0.592969 0.795312 0.080781 0.123750
13 0.707031 0.795312 0.080781 0.123750
14 0.821094 0.795312 0.080781 0.123750