10 0.128125 0.164062 0.072188 0.113437
20 0.243750 0.164062 0.072188 0.113437
9 0.359375 0.164062 0.072188 0.113437
19 0.475000 0.164062 0.072188 0.113437
10 0.590625 0.164062 0.072188 0.113437
24 0.706250 0.164062 0.072188 0.113437
3 0.821875 0.164062 0.072188 0.113437
13 0.128125 0.318750 0.072188 0.113437
8 0.243750 0.318750 0.072188 0.113437
14 0.359375 0.318750 0.072188 0.113437
5 0.475000 0.318750 0.072188 0.113437
11 0.590625 0.318750 0.072188 0.113437
24 0.706250 0.318750 0.072188 0.113437
11 0.821875 0.318750 0.072188 0.113437
1 0.128125 0.473438 0.072188 0.113437
1 0.243750 0.473438 0.072188 0.113437
9 0.359375 0.473438 0.072188 0.113437
8 0.475000 0.473438 0.072188 0.113437
19 0.590625 0.473438 0.072188 0.113437
22 0.706250 0.473438 0.072188 0.113437
19 0.821875 0.473438 0.072188 0.113437
5 0.128125 0.628125 0.072188 0.113437
13 0.243750 0.628125 0.072188 0.113437
18 0.359375 0.628125 0.072188 0.113437
20 0.475000 0.628125 0.072188 0.113437
15 0.590625 0.628125 0.072188 0.113437
0 0.706250 0.628125 0.072188 0.113437
18 0.821875 0.628125 0.072188 0.113437
17 0.128125 0.782813 0.072188 0.113437
18 0.243750 0.782813 0.072188 0.113437
6 0.359375 0.782813 0.072188 0.113437
13 0.475000 0.782813 0.072188 0.113437
9 0.590625 0.782813 0.072188 0.113437
6 0.706250 0.782813 0.072188 0.113437
0 0.821875 0.782813 0.072188 0.113437