21 0.104688 0.162500 0.058437 0.092812
19 0.198437 0.162500 0.058437 0.092812
7 0.292187 0.162500 0.058437 0.092812
7 0.385937 0.162500 0.058437 0.092812
14 0.479687 0.162500 0.058437 0.092812
13 0.573438 0.162500 0.058437 0.092812
2 0.667188 0.162500 0.058437 0.092812
21 0.760938 0.162500 0.058437 0.092812
7 0.854688 0.162500 0.058437 0.092812
22 0.104688 0.289062 0.058437 0.092812
8 0.198437 0.289062 0.058437 0.092812
8 0.292187 0.289062 0.058437 0.092812
11 0.385937 0.289062 0.058437 0.092812
1 0.479687 0.289062 0.058437 0.092812
19 0.573438 0.289062 0.058437 0.092812
10 0.667188 0.289062 0.058437 0.092812
20 0.760938 0.289062 0.058437 0.092812
5 0.854688 0.289062 0.058437 0.092812
7 0.104688 0.415625 0.058437 0.092812
21 0.198437 0.415625 0.058437 0.092812
1 0.292187 0.415625 0.058437 0.092812
11 0.385937 0.415625 0.058437 0.092812
2 0.479687 0.415625 0.058437 0.092812
14 0.573438 0.415625 0.058437 0.092812
0 0.667188 0.415625 0.058437 0.092812
8 0.760938 0.415625 0.058437 0.092812
18 0.854688 0.415625 0.058437 0.092812
20 0.104688 0.542188 0.058437 0.092812
4 0.198437 0.542188 0.058437 0.092812
3 0.292187 0.542188 0.058437 0.092812
13 0.385937 0.542188 0.058437 0.092812
9 0.479687 0.542188 0.058437 0.092812
24 0.573438 0.542188 0.058437 0.092812
21 0.667188 0.542188 0.058437 0.092812
25 0.760938 0.542188 0.058437 0.092812
7 0.854688 0.542188 0.058437 0.092812
18 0.104688 0.668750 0.058437 0.092812
19 0.198437 0.668750 0.058437 0.092812
25 0.292187 0.668750 0.058437 0.092812
11 0.385937 0.668750 0.058437 0.092812
16 0.479687 0.668750 0.058437 0.092812
14 0.573438 0.668750 0.058437 0.092812
16 0.667188 0.668750 0.058437 0.092812
15 0.760938 0.668750 0.058437 0.092812
2 0.854688 0.668750 0.058437 0.092812
14 0.104688 0.795312 0.058437 0.092812
20 0.198437 0.795312 0.058437 0.092812
8 0.292187 0.795312 0.058437 0.092812
20 0.385937 0.795312 0.058437 0.092812
20 0.479687 0.795312 0.058437 0.092812
11 0.573438 0.795312 0.058437 0.092812
4 0.667188 0.795312 0.058437 0.092812
16 0.760938 0.795312 0.058437 0.092812
2 0.854688 0.795312 0.058437 0.092812