20 0.144531 0.225000 0.111719 0.175313
8 0.307031 0.225000 0.111719 0.175313
15 0.469531 0.225000 0.111719 0.175313
20 0.632031 0.225000 0.111719 0.175313
8 0.794531 0.225000 0.111719 0.175313
21 0.144531 0.460938 0.111719 0.175313
9 0.307031 0.460938 0.111719 0.175313
11 0.469531 0.460938 0.111719 0.175313
4 0.632031 0.460938 0.111719 0.175313
11 0.794531 0.460938 0.111719 0.175313
18 0.144531 0.696875 0.111719 0.175313
7 0.307031 0.696875 0.111719 0.175313
14 0.469531 0.696875 0.111719 0.175313
17 0.632031 0.696875 0.111719 0.175313
22 0.794531 0.696875 0.111719 0.175313