11 0.110937 0.200000 0.082500 0.130625
4 0.232813 0.200000 0.082500 0.130625
1 0.354687 0.200000 0.082500 0.130625
4 0.476562 0.200000 0.082500 0.130625
8 0.598437 0.200000 0.082500 0.130625
11 0.720313 0.200000 0.082500 0.130625
0 0.842187 0.200000 0.082500 0.130625
25 0.110937 0.379688 0.082500 0.130625
6 0.232813 0.379688 0.082500 0.130625
11 0.354687 0.379688 0.082500 0.130625
3 0.476562 0.379688 0.082500 0.130625
1 0.598437 0.379688 0.082500 0.130625
16 0.720313 0.379688 0.082500 0.130625
2 0.842187 0.379688 0.082500 0.130625
6 0.110937 0.559375 0.082500 0.130625
9 0.232813 0.559375 0.082500 0.130625
13 0.354687 0.559375 0.082500 0.130625
5 0.476562 0.559375 0.082500 0.130625
15 0.598437 0.559375 0.082500 0.130625
25 0.720313 0.559375 0.082500 0.130625
1 0.842187 0.559375 0.082500 0.130625
13 0.110937 0.739062 0.082500 0.130625
6 0.232813 0.739062 0.082500 0.130625
23 0.354687 0.739062 0.082500 0.130625
15 0.476562 0.739062 0.082500 0.130625
17 0.598437 0.739062 0.082500 0.130625
12 0.720313 0.739062 0.082500 0.130625
15 0.842187 0.739062 0.082500 0.130625