18 0.122656 0.162500 0.073906 0.116875
20 0.239844 0.162500 0.073906 0.116875
23 0.357031 0.162500 0.073906 0.116875
13 0.474219 0.162500 0.073906 0.116875
25 0.591406 0.162500 0.073906 0.116875
7 0.708594 0.162500 0.073906 0.116875
14 0.825781 0.162500 0.073906 0.116875
10 0.122656 0.318750 0.073906 0.116875
13 0.239844 0.318750 0.073906 0.116875
1 0.357031 0.318750 0.073906 0.116875
6 0.474219 0.318750 0.073906 0.116875
3 0.591406 0.318750 0.073906 0.116875
15 0.708594 0.318750 0.073906 0.116875
24 0.825781 0.318750 0.073906 0.116875
9 0.122656 0.475000 0.073906 0.116875
12 0.239844 0.475000 0.073906 0.116875
9 0.357031 0.475000 0.073906 0.116875
6 0.474219 0.475000 0.073906 0.116875
20 0.591406 0.475000 0.073906 0.116875
6 0.708594 0.475000 0.073906 0.116875
5 0.825781 0.475000 0.073906 0.116875
11 0.122656 0.631250 0.073906 0.116875
3 0.239844 0.631250 0.073906 0.116875
16 0.357031 0.631250 0.073906 0.116875
18 0.474219 0.631250 0.073906 0.116875
24 0.591406 0.631250 0.073906 0.116875
18 0.708594 0.631250 0.073906 0.116875
5 0.825781 0.631250 0.073906 0.116875
1 0.122656 0.787500 0.073906 0.116875
2 0.239844 0.787500 0.073906 0.116875
12 0.357031 0.787500 0.073906 0.116875
18 0.474219 0.787500 0.073906 0.116875
14 0.591406 0.787500 0.073906 0.116875
1 0.708594 0.787500 0.073906 0.116875
16 0.825781 0.787500 0.073906 0.116875