5 0.156250 0.217188 0.113437 0.178750
24 0.314063 0.217188 0.113437 0.178750
7 0.471875 0.217188 0.113437 0.178750
3 0.629687 0.217188 0.113437 0.178750
3 0.787500 0.217188 0.113437 0.178750
23 0.156250 0.459375 0.113437 0.178750
1 0.314063 0.459375 0.113437 0.178750
19 0.471875 0.459375 0.113437 0.178750
22 0.629687 0.459375 0.113437 0.178750
10 0.787500 0.459375 0.113437 0.178750
21 0.156250 0.701562 0.113437 0.178750
9 0.314063 0.701562 0.113437 0.178750
23 0.471875 0.701562 0.113437 0.178750
2 0.629687 0.701562 0.113437 0.178750
7 0.787500 0.701562 0.113437 0.178750