1 0.176563 0.260937 0.089375 0.144375
16 0.321875 0.260937 0.089375 0.144375
20 0.467187 0.260937 0.089375 0.144375
3 0.612500 0.260937 0.089375 0.144375
10 0.757812 0.260937 0.089375 0.144375
6 0.176563 0.464062 0.089375 0.144375
10 0.321875 0.464062 0.089375 0.144375
22 0.467187 0.464062 0.089375 0.144375
22 0.612500 0.464062 0.089375 0.144375
18 0.757812 0.464062 0.089375 0.144375
7 0.176563 0.667188 0.089375 0.144375
21 0.321875 0.667188 0.089375 0.144375
15 0.467187 0.667188 0.089375 0.144375
2 0.612500 0.667188 0.089375 0.144375
20 0.757812 0.667188 0.089375 0.144375