6 0.159375 0.189062 0.096250 0.147812
0 0.287500 0.189062 0.096250 0.147812
21 0.415625 0.189062 0.096250 0.147812
6 0.543750 0.189062 0.096250 0.147812
4 0.671875 0.189062 0.096250 0.147812
6 0.800000 0.189062 0.096250 0.147812
15 0.159375 0.378125 0.096250 0.147812
10 0.287500 0.378125 0.096250 0.147812
15 0.415625 0.378125 0.096250 0.147812
14 0.543750 0.378125 0.096250 0.147812
2 0.671875 0.378125 0.096250 0.147812
7 0.800000 0.378125 0.096250 0.147812
12 0.159375 0.567187 0.096250 0.147812
23 0.287500 0.567187 0.096250 0.147812
18 0.415625 0.567187 0.096250 0.147812
22 0.543750 0.567187 0.096250 0.147812
16 0.671875 0.567187 0.096250 0.147812
19 0.800000 0.567187 0.096250 0.147812
17 0.159375 0.756250 0.096250 0.147812
11 0.287500 0.756250 0.096250 0.147812
22 0.415625 0.756250 0.096250 0.147812
21 0.543750 0.756250 0.096250 0.147812
7 0.671875 0.756250 0.096250 0.147812
2 0.800000 0.756250 0.096250 0.147812