4 0.071875 0.159375 0.061875 0.096250
19 0.154688 0.159375 0.061875 0.096250
4 0.237500 0.159375 0.061875 0.096250
22 0.320312 0.159375 0.061875 0.096250
0 0.403125 0.159375 0.061875 0.096250
16 0.485938 0.159375 0.061875 0.096250
22 0.568750 0.159375 0.061875 0.096250
16 0.651563 0.159375 0.061875 0.096250
24 0.734375 0.159375 0.061875 0.096250
21 0.817187 0.159375 0.061875 0.096250
6 0.900000 0.159375 0.061875 0.096250
21 0.071875 0.287500 0.061875 0.096250
22 0.154688 0.287500 0.061875 0.096250
21 0.237500 0.287500 0.061875 0.096250
4 0.320312 0.287500 0.061875 0.096250
9 0.403125 0.287500 0.061875 0.096250
25 0.485938 0.287500 0.061875 0.096250
1 0.568750 0.287500 0.061875 0.096250
5 0.651563 0.287500 0.061875 0.096250
21 0.734375 0.287500 0.061875 0.096250
1 0.817187 0.287500 0.061875 0.096250
14 0.900000 0.287500 0.061875 0.096250
15 0.071875 0.415625 0.061875 0.096250
22 0.154688 0.415625 0.061875 0.096250
5 0.237500 0.415625 0.061875 0.096250
17 0.320312 0.415625 0.061875 0.096250
15 0.403125 0.415625 0.061875 0.096250
12 0.485938 0.415625 0.061875 0.096250
23 0.568750 0.415625 0.061875 0.096250
7 0.651563 0.415625 0.061875 0.096250
17 0.734375 0.415625 0.061875 0.096250
21 0.817187 0.415625 0.061875 0.096250
7 0.900000 0.415625 0.061875 0.096250
12 0.071875 0.543750 0.061875 0.096250
12 0.154688 0.543750 0.061875 0.096250
12 0.237500 0.543750 0.061875 0.096250
21 0.320312 0.543750 0.061875 0.096250
7 0.403125 0.543750 0.061875 0.096250
13 0.485938 0.543750 0.061875 0.096250
11 0.568750 0.543750 0.061875 0.096250
13 0.651563 0.543750 0.061875 0.096250
1 0.734375 0.543750 0.061875 0.096250
6 0.817187 0.543750 0.061875 0.096250
9 0.900000 0.543750 0.061875 0.096250
6 0.071875 0.671875 0.061875 0.096250
1 0.154688 0.671875 0.061875 0.096250
12 0.237500 0.671875 0.061875 0.096250
13 0.320312 0.671875 0.061875 0.096250
20 0.403125 0.671875 0.061875 0.096250
15 0.485938 0.671875 0.061875 0.096250
5 0.568750 0.671875 0.061875 0.096250
24 0.651563 0.671875 0.061875 0.096250
8 0.734375 0.671875 0.061875 0.096250
3 0.817187 0.671875 0.061875 0.096250
14 0.900000 0.671875 0.061875 0.096250
1 0.071875 0.800000 0.061875 0.096250
20 0.154688 0.800000 0.061875 0.096250
8 0.237500 0.800000 0.061875 0.096250
14 0.320312 0.800000 0.061875 0.096250
14 0.403125 0.800000 0.061875 0.096250
7 0.485938 0.800000 0.061875 0.096250
1 0.568750 0.800000 0.061875 0.096250
1 0.651563 0.800000 0.061875 0.096250
1 0.734375 0.800000 0.061875 0.096250
7 0.817187 0.800000 0.061875 0.096250
24 0.900000 0.800000 0.061875 0.096250