20 0.153906 0.196875 0.094531 0.144375
12 0.283594 0.196875 0.094531 0.144375
17 0.413281 0.196875 0.094531 0.144375
19 0.542969 0.196875 0.094531 0.144375
17 0.672656 0.196875 0.094531 0.144375
1 0.802344 0.196875 0.094531 0.144375
8 0.153906 0.381250 0.094531 0.144375
13 0.283594 0.381250 0.094531 0.144375
3 0.413281 0.381250 0.094531 0.144375
13 0.542969 0.381250 0.094531 0.144375
25 0.672656 0.381250 0.094531 0.144375
16 0.802344 0.381250 0.094531 0.144375
11 0.153906 0.565625 0.094531 0.144375
11 0.283594 0.565625 0.094531 0.144375
6 0.413281 0.565625 0.094531 0.144375
1 0.542969 0.565625 0.094531 0.144375
2 0.672656 0.565625 0.094531 0.144375
20 0.802344 0.565625 0.094531 0.144375
11 0.153906 0.750000 0.094531 0.144375
3 0.283594 0.750000 0.094531 0.144375
21 0.413281 0.750000 0.094531 0.144375
7 0.542969 0.750000 0.094531 0.144375
4 0.672656 0.750000 0.094531 0.144375
25 0.802344 0.750000 0.094531 0.144375