13 0.127344 0.260937 0.097969 0.154688
6 0.266406 0.260937 0.097969 0.154688
13 0.405469 0.260937 0.097969 0.154688
23 0.544531 0.260937 0.097969 0.154688
10 0.683594 0.260937 0.097969 0.154688
24 0.822656 0.260937 0.097969 0.154688
0 0.127344 0.467187 0.097969 0.154688
20 0.266406 0.467187 0.097969 0.154688
22 0.405469 0.467187 0.097969 0.154688
9 0.544531 0.467187 0.097969 0.154688
24 0.683594 0.467187 0.097969 0.154688
10 0.822656 0.467187 0.097969 0.154688
18 0.127344 0.673438 0.097969 0.154688
16 0.266406 0.673438 0.097969 0.154688
14 0.405469 0.673438 0.097969 0.154688
16 0.544531 0.673438 0.097969 0.154688
22 0.683594 0.673438 0.097969 0.154688
3 0.822656 0.673438 0.097969 0.154688