1 0.153125 0.264062 0.103125 0.158125
17 0.284375 0.264062 0.103125 0.158125
19 0.415625 0.264062 0.103125 0.158125
5 0.546875 0.264062 0.103125 0.158125
1 0.678125 0.264062 0.103125 0.158125
2 0.809375 0.264062 0.103125 0.158125
17 0.153125 0.468750 0.103125 0.158125
22 0.284375 0.468750 0.103125 0.158125
4 0.415625 0.468750 0.103125 0.158125
24 0.546875 0.468750 0.103125 0.158125
7 0.678125 0.468750 0.103125 0.158125
10 0.809375 0.468750 0.103125 0.158125
6 0.153125 0.673438 0.103125 0.158125
19 0.284375 0.673438 0.103125 0.158125
24 0.415625 0.673438 0.103125 0.158125
5 0.546875 0.673438 0.103125 0.158125
15 0.678125 0.673438 0.103125 0.158125
11 0.809375 0.673438 0.103125 0.158125