1 0.123438 0.148438 0.075625 0.120313
21 0.240625 0.148438 0.075625 0.120313
2 0.357812 0.148438 0.075625 0.120313
25 0.475000 0.148438 0.075625 0.120313
16 0.592187 0.148438 0.075625 0.120313
2 0.709375 0.148438 0.075625 0.120313
7 0.826562 0.148438 0.075625 0.120313
22 0.123438 0.310937 0.075625 0.120313
19 0.240625 0.310937 0.075625 0.120313
9 0.357812 0.310937 0.075625 0.120313
6 0.475000 0.310937 0.075625 0.120313
7 0.592187 0.310937 0.075625 0.120313
14 0.709375 0.310937 0.075625 0.120313
18 0.826562 0.310937 0.075625 0.120313
1 0.123438 0.473438 0.075625 0.120313
23 0.240625 0.473438 0.075625 0.120313
25 0.357812 0.473438 0.075625 0.120313
24 0.475000 0.473438 0.075625 0.120313
19 0.592187 0.473438 0.075625 0.120313
23 0.709375 0.473438 0.075625 0.120313
0 0.826562 0.473438 0.075625 0.120313
4 0.123438 0.635938 0.075625 0.120313
11 0.240625 0.635938 0.075625 0.120313
25 0.357812 0.635938 0.075625 0.120313
10 0.475000 0.635938 0.075625 0.120313
13 0.592187 0.635938 0.075625 0.120313
11 0.709375 0.635938 0.075625 0.120313
1 0.826562 0.635938 0.075625 0.120313
20 0.123438 0.798438 0.075625 0.120313
25 0.240625 0.798438 0.075625 0.120313
6 0.357812 0.798438 0.075625 0.120313
5 0.475000 0.798438 0.075625 0.120313
18 0.592187 0.798438 0.075625 0.120313
23 0.709375 0.798438 0.075625 0.120313
0 0.826562 0.798438 0.075625 0.120313