17 0.181250 0.248438 0.106563 0.165000
10 0.328125 0.248438 0.106563 0.165000
10 0.475000 0.248438 0.106563 0.165000
8 0.621875 0.248438 0.106563 0.165000
5 0.768750 0.248438 0.106563 0.165000
15 0.181250 0.465625 0.106563 0.165000
14 0.328125 0.465625 0.106563 0.165000
11 0.475000 0.465625 0.106563 0.165000
7 0.621875 0.465625 0.106563 0.165000
5 0.768750 0.465625 0.106563 0.165000
8 0.181250 0.682813 0.106563 0.165000
3 0.328125 0.682813 0.106563 0.165000
19 0.475000 0.682813 0.106563 0.165000
22 0.621875 0.682813 0.106563 0.165000
17 0.768750 0.682813 0.106563 0.165000