12 0.121875 0.206250 0.082500 0.130625
9 0.240625 0.206250 0.082500 0.130625
22 0.359375 0.206250 0.082500 0.130625
22 0.478125 0.206250 0.082500 0.130625
16 0.596875 0.206250 0.082500 0.130625
8 0.715625 0.206250 0.082500 0.130625
7 0.834375 0.206250 0.082500 0.130625
15 0.121875 0.382812 0.082500 0.130625
6 0.240625 0.382812 0.082500 0.130625
7 0.359375 0.382812 0.082500 0.130625
14 0.478125 0.382812 0.082500 0.130625
22 0.596875 0.382812 0.082500 0.130625
11 0.715625 0.382812 0.082500 0.130625
1 0.834375 0.382812 0.082500 0.130625
10 0.121875 0.559375 0.082500 0.130625
24 0.240625 0.559375 0.082500 0.130625
12 0.359375 0.559375 0.082500 0.130625
0 0.478125 0.559375 0.082500 0.130625
11 0.596875 0.559375 0.082500 0.130625
13 0.715625 0.559375 0.082500 0.130625
19 0.834375 0.559375 0.082500 0.130625
8 0.121875 0.735938 0.082500 0.130625
24 0.240625 0.735938 0.082500 0.130625
12 0.359375 0.735938 0.082500 0.130625
6 0.478125 0.735938 0.082500 0.130625
16 0.596875 0.735938 0.082500 0.130625
13 0.715625 0.735938 0.082500 0.130625
19 0.834375 0.735938 0.082500 0.130625