21 0.128906 0.159375 0.077344 0.120313
0 0.230469 0.159375 0.077344 0.120313
14 0.332031 0.159375 0.077344 0.120313
25 0.433594 0.159375 0.077344 0.120313
22 0.535156 0.159375 0.077344 0.120313
10 0.636719 0.159375 0.077344 0.120313
25 0.738281 0.159375 0.077344 0.120313
7 0.839844 0.159375 0.077344 0.120313
21 0.128906 0.317188 0.077344 0.120313
10 0.230469 0.317188 0.077344 0.120313
1 0.332031 0.317188 0.077344 0.120313
13 0.433594 0.317188 0.077344 0.120313
18 0.535156 0.317188 0.077344 0.120313
15 0.636719 0.317188 0.077344 0.120313
18 0.738281 0.317188 0.077344 0.120313
3 0.839844 0.317188 0.077344 0.120313
21 0.128906 0.475000 0.077344 0.120313
22 0.230469 0.475000 0.077344 0.120313
12 0.332031 0.475000 0.077344 0.120313
0 0.433594 0.475000 0.077344 0.120313
6 0.535156 0.475000 0.077344 0.120313
4 0.636719 0.475000 0.077344 0.120313
15 0.738281 0.475000 0.077344 0.120313
1 0.839844 0.475000 0.077344 0.120313
19 0.128906 0.632812 0.077344 0.120313
2 0.230469 0.632812 0.077344 0.120313
22 0.332031 0.632812 0.077344 0.120313
8 0.433594 0.632812 0.077344 0.120313
18 0.535156 0.632812 0.077344 0.120313
0 0.636719 0.632812 0.077344 0.120313
0 0.738281 0.632812 0.077344 0.120313
0 0.839844 0.632812 0.077344 0.120313
7 0.128906 0.790625 0.077344 0.120313
24 0.230469 0.790625 0.077344 0.120313
22 0.332031 0.790625 0.077344 0.120313
1 0.433594 0.790625 0.077344 0.120313
0 0.535156 0.790625 0.077344 0.120313
24 0.636719 0.790625 0.077344 0.120313
12 0.738281 0.790625 0.077344 0.120313
2 0.839844 0.790625 0.077344 0.120313