6 0.167969 0.225000 0.111719 0.175313
21 0.321094 0.225000 0.111719 0.175313
14 0.474219 0.225000 0.111719 0.175313
24 0.627344 0.225000 0.111719 0.175313
12 0.780469 0.225000 0.111719 0.175313
8 0.167969 0.460938 0.111719 0.175313
10 0.321094 0.460938 0.111719 0.175313
18 0.474219 0.460938 0.111719 0.175313
14 0.627344 0.460938 0.111719 0.175313
10 0.780469 0.460938 0.111719 0.175313
20 0.167969 0.696875 0.111719 0.175313
23 0.321094 0.696875 0.111719 0.175313
19 0.474219 0.696875 0.111719 0.175313
21 0.627344 0.696875 0.111719 0.175313
18 0.780469 0.696875 0.111719 0.175313