23 0.166406 0.228125 0.108281 0.171875
18 0.319531 0.228125 0.108281 0.171875
6 0.472656 0.228125 0.108281 0.171875
21 0.625781 0.228125 0.108281 0.171875
4 0.778906 0.228125 0.108281 0.171875
14 0.166406 0.460938 0.108281 0.171875
19 0.319531 0.460938 0.108281 0.171875
13 0.472656 0.460938 0.108281 0.171875
6 0.625781 0.460938 0.108281 0.171875
13 0.778906 0.460938 0.108281 0.171875
13 0.166406 0.693750 0.108281 0.171875
25 0.319531 0.693750 0.108281 0.171875
2 0.472656 0.693750 0.108281 0.171875
23 0.625781 0.693750 0.108281 0.171875
7 0.778906 0.693750 0.108281 0.171875