2 0.148438 0.267188 0.103125 0.158125
22 0.281250 0.267188 0.103125 0.158125
0 0.414062 0.267188 0.103125 0.158125
11 0.546875 0.267188 0.103125 0.158125
24 0.679688 0.267188 0.103125 0.158125
17 0.812500 0.267188 0.103125 0.158125
8 0.148438 0.470313 0.103125 0.158125
14 0.281250 0.470313 0.103125 0.158125
1 0.414062 0.470313 0.103125 0.158125
6 0.546875 0.470313 0.103125 0.158125
14 0.679688 0.470313 0.103125 0.158125
23 0.812500 0.470313 0.103125 0.158125
11 0.148438 0.673438 0.103125 0.158125
12 0.281250 0.673438 0.103125 0.158125
24 0.414062 0.673438 0.103125 0.158125
7 0.546875 0.673438 0.103125 0.158125
19 0.679688 0.673438 0.103125 0.158125
22 0.812500 0.673438 0.103125 0.158125