11 0.164062 0.243750 0.096250 0.154688
17 0.315625 0.243750 0.096250 0.154688
11 0.467187 0.243750 0.096250 0.154688
13 0.618750 0.243750 0.096250 0.154688
13 0.770312 0.243750 0.096250 0.154688
6 0.164062 0.460938 0.096250 0.154688
13 0.315625 0.460938 0.096250 0.154688
22 0.467187 0.460938 0.096250 0.154688
18 0.618750 0.460938 0.096250 0.154688
20 0.770312 0.460938 0.096250 0.154688
20 0.164062 0.678125 0.096250 0.154688
19 0.315625 0.678125 0.096250 0.154688
24 0.467187 0.678125 0.096250 0.154688
4 0.618750 0.678125 0.096250 0.154688
23 0.770312 0.678125 0.096250 0.154688