24 0.164062 0.182812 0.096250 0.147812
7 0.290625 0.182812 0.096250 0.147812
21 0.417187 0.182812 0.096250 0.147812
2 0.543750 0.182812 0.096250 0.147812
14 0.670312 0.182812 0.096250 0.147812
10 0.796875 0.182812 0.096250 0.147812
20 0.164062 0.375000 0.096250 0.147812
13 0.290625 0.375000 0.096250 0.147812
5 0.417187 0.375000 0.096250 0.147812
9 0.543750 0.375000 0.096250 0.147812
19 0.670312 0.375000 0.096250 0.147812
1 0.796875 0.375000 0.096250 0.147812
3 0.164062 0.567187 0.096250 0.147812
21 0.290625 0.567187 0.096250 0.147812
11 0.417187 0.567187 0.096250 0.147812
5 0.543750 0.567187 0.096250 0.147812
4 0.670312 0.567187 0.096250 0.147812
20 0.796875 0.567187 0.096250 0.147812
12 0.164062 0.759375 0.096250 0.147812
5 0.290625 0.759375 0.096250 0.147812
10 0.417187 0.759375 0.096250 0.147812
6 0.543750 0.759375 0.096250 0.147812
20 0.670312 0.759375 0.096250 0.147812
14 0.796875 0.759375 0.096250 0.147812