0 0.132812 0.253125 0.099687 0.158125
5 0.270313 0.253125 0.099687 0.158125
7 0.407813 0.253125 0.099687 0.158125
20 0.545312 0.253125 0.099687 0.158125
16 0.682813 0.253125 0.099687 0.158125
20 0.820312 0.253125 0.099687 0.158125
4 0.132812 0.465625 0.099687 0.158125
12 0.270313 0.465625 0.099687 0.158125
1 0.407813 0.465625 0.099687 0.158125
13 0.545312 0.465625 0.099687 0.158125
20 0.682813 0.465625 0.099687 0.158125
17 0.820312 0.465625 0.099687 0.158125
13 0.132812 0.678125 0.099687 0.158125
4 0.270313 0.678125 0.099687 0.158125
0 0.407813 0.678125 0.099687 0.158125
14 0.545312 0.678125 0.099687 0.158125
4 0.682813 0.678125 0.099687 0.158125
11 0.820312 0.678125 0.099687 0.158125