25 0.141406 0.176563 0.087656 0.140937
12 0.274219 0.176563 0.087656 0.140937
6 0.407031 0.176563 0.087656 0.140937
10 0.539844 0.176563 0.087656 0.140937
18 0.672656 0.176563 0.087656 0.140937
17 0.805469 0.176563 0.087656 0.140937
17 0.141406 0.370312 0.087656 0.140937
0 0.274219 0.370312 0.087656 0.140937
19 0.407031 0.370312 0.087656 0.140937
9 0.539844 0.370312 0.087656 0.140937
24 0.672656 0.370312 0.087656 0.140937
6 0.805469 0.370312 0.087656 0.140937
24 0.141406 0.564063 0.087656 0.140937
0 0.274219 0.564063 0.087656 0.140937
2 0.407031 0.564063 0.087656 0.140937
5 0.539844 0.564063 0.087656 0.140937
4 0.672656 0.564063 0.087656 0.140937
16 0.805469 0.564063 0.087656 0.140937
21 0.141406 0.757812 0.087656 0.140937
0 0.274219 0.757812 0.087656 0.140937
21 0.407031 0.757812 0.087656 0.140937
25 0.539844 0.757812 0.087656 0.140937
18 0.672656 0.757812 0.087656 0.140937
2 0.805469 0.757812 0.087656 0.140937