0 0.138281 0.214062 0.115156 0.182188
10 0.303906 0.214062 0.115156 0.182188
17 0.469531 0.214062 0.115156 0.182188
16 0.635156 0.214062 0.115156 0.182188
17 0.800781 0.214062 0.115156 0.182188
5 0.138281 0.459375 0.115156 0.182188
17 0.303906 0.459375 0.115156 0.182188
25 0.469531 0.459375 0.115156 0.182188
18 0.635156 0.459375 0.115156 0.182188
2 0.800781 0.459375 0.115156 0.182188
0 0.138281 0.704688 0.115156 0.182188
21 0.303906 0.704688 0.115156 0.182188
22 0.469531 0.704688 0.115156 0.182188
19 0.635156 0.704688 0.115156 0.182188
20 0.800781 0.704688 0.115156 0.182188