4 0.159375 0.187500 0.085938 0.137500
9 0.285938 0.187500 0.085938 0.137500
24 0.412500 0.187500 0.085938 0.137500
11 0.539062 0.187500 0.085938 0.137500
15 0.665625 0.187500 0.085938 0.137500
4 0.792188 0.187500 0.085938 0.137500
0 0.159375 0.375000 0.085938 0.137500
8 0.285938 0.375000 0.085938 0.137500
9 0.412500 0.375000 0.085938 0.137500
22 0.539062 0.375000 0.085938 0.137500
18 0.665625 0.375000 0.085938 0.137500
12 0.792188 0.375000 0.085938 0.137500
24 0.159375 0.562500 0.085938 0.137500
11 0.285938 0.562500 0.085938 0.137500
18 0.412500 0.562500 0.085938 0.137500
19 0.539062 0.562500 0.085938 0.137500
2 0.665625 0.562500 0.085938 0.137500
19 0.792188 0.562500 0.085938 0.137500
24 0.159375 0.750000 0.085938 0.137500
24 0.285938 0.750000 0.085938 0.137500
12 0.412500 0.750000 0.085938 0.137500
19 0.539062 0.750000 0.085938 0.137500
20 0.665625 0.750000 0.085938 0.137500
16 0.792188 0.750000 0.085938 0.137500