7 0.182031 0.245312 0.101406 0.161562
15 0.327344 0.245312 0.101406 0.161562
4 0.472656 0.245312 0.101406 0.161562
18 0.617969 0.245312 0.101406 0.161562
10 0.763281 0.245312 0.101406 0.161562
5 0.182031 0.464062 0.101406 0.161562
13 0.327344 0.464062 0.101406 0.161562
3 0.472656 0.464062 0.101406 0.161562
14 0.617969 0.464062 0.101406 0.161562
4 0.763281 0.464062 0.101406 0.161562
18 0.182031 0.682813 0.101406 0.161562
12 0.327344 0.682813 0.101406 0.161562
19 0.472656 0.682813 0.101406 0.161562
4 0.617969 0.682813 0.101406 0.161562
0 0.763281 0.682813 0.101406 0.161562