6 0.129688 0.182812 0.082500 0.134063
5 0.265625 0.182812 0.082500 0.134063
18 0.401562 0.182812 0.082500 0.134063
15 0.537500 0.182812 0.082500 0.134063
18 0.673438 0.182812 0.082500 0.134063
14 0.809375 0.182812 0.082500 0.134063
11 0.129688 0.371875 0.082500 0.134063
10 0.265625 0.371875 0.082500 0.134063
2 0.401562 0.371875 0.082500 0.134063
21 0.537500 0.371875 0.082500 0.134063
10 0.673438 0.371875 0.082500 0.134063
14 0.809375 0.371875 0.082500 0.134063
19 0.129688 0.560937 0.082500 0.134063
0 0.265625 0.560937 0.082500 0.134063
7 0.401562 0.560937 0.082500 0.134063
13 0.537500 0.560937 0.082500 0.134063
4 0.673438 0.560937 0.082500 0.134063
25 0.809375 0.560937 0.082500 0.134063
14 0.129688 0.750000 0.082500 0.134063
12 0.265625 0.750000 0.082500 0.134063
6 0.401562 0.750000 0.082500 0.134063
6 0.537500 0.750000 0.082500 0.134063
11 0.673438 0.750000 0.082500 0.134063
6 0.809375 0.750000 0.082500 0.134063