14 0.169531 0.240625 0.097969 0.158125
17 0.319531 0.240625 0.097969 0.158125
13 0.469531 0.240625 0.097969 0.158125
3 0.619531 0.240625 0.097969 0.158125
5 0.769531 0.240625 0.097969 0.158125
11 0.169531 0.460938 0.097969 0.158125
9 0.319531 0.460938 0.097969 0.158125
17 0.469531 0.460938 0.097969 0.158125
25 0.619531 0.460938 0.097969 0.158125
21 0.769531 0.460938 0.097969 0.158125
21 0.169531 0.681250 0.097969 0.158125
11 0.319531 0.681250 0.097969 0.158125
7 0.469531 0.681250 0.097969 0.158125
1 0.619531 0.681250 0.097969 0.158125
20 0.769531 0.681250 0.097969 0.158125