25 0.146094 0.245312 0.108281 0.168437
6 0.307031 0.245312 0.108281 0.168437
3 0.467969 0.245312 0.108281 0.168437
13 0.628906 0.245312 0.108281 0.168437
20 0.789844 0.245312 0.108281 0.168437
4 0.146094 0.465625 0.108281 0.168437
23 0.307031 0.465625 0.108281 0.168437
9 0.467969 0.465625 0.108281 0.168437
0 0.628906 0.465625 0.108281 0.168437
0 0.789844 0.465625 0.108281 0.168437
6 0.146094 0.685937 0.108281 0.168437
19 0.307031 0.685937 0.108281 0.168437
15 0.467969 0.685937 0.108281 0.168437
20 0.628906 0.685937 0.108281 0.168437
25 0.789844 0.685937 0.108281 0.168437