18 0.182031 0.262500 0.101406 0.158125
11 0.327344 0.262500 0.101406 0.158125
2 0.472656 0.262500 0.101406 0.158125
19 0.617969 0.262500 0.101406 0.158125
20 0.763281 0.262500 0.101406 0.158125
3 0.182031 0.468750 0.101406 0.158125
23 0.327344 0.468750 0.101406 0.158125
14 0.472656 0.468750 0.101406 0.158125
11 0.617969 0.468750 0.101406 0.158125
16 0.763281 0.468750 0.101406 0.158125
25 0.182031 0.675000 0.101406 0.158125
3 0.327344 0.675000 0.101406 0.158125
19 0.472656 0.675000 0.101406 0.158125
0 0.617969 0.675000 0.101406 0.158125
25 0.763281 0.675000 0.101406 0.158125