13 0.146094 0.209375 0.115156 0.182188
5 0.308594 0.209375 0.115156 0.182188
3 0.471094 0.209375 0.115156 0.182188
6 0.633594 0.209375 0.115156 0.182188
18 0.796094 0.209375 0.115156 0.182188
7 0.146094 0.457813 0.115156 0.182188
5 0.308594 0.457813 0.115156 0.182188
4 0.471094 0.457813 0.115156 0.182188
14 0.633594 0.457813 0.115156 0.182188
10 0.796094 0.457813 0.115156 0.182188
8 0.146094 0.706250 0.115156 0.182188
7 0.308594 0.706250 0.115156 0.182188
15 0.471094 0.706250 0.115156 0.182188
3 0.633594 0.706250 0.115156 0.182188
13 0.796094 0.706250 0.115156 0.182188