6 0.114844 0.187500 0.080781 0.130625
9 0.235156 0.187500 0.080781 0.130625
24 0.355469 0.187500 0.080781 0.130625
6 0.475781 0.187500 0.080781 0.130625
17 0.596094 0.187500 0.080781 0.130625
10 0.716406 0.187500 0.080781 0.130625
8 0.836719 0.187500 0.080781 0.130625
11 0.114844 0.373437 0.080781 0.130625
18 0.235156 0.373437 0.080781 0.130625
9 0.355469 0.373437 0.080781 0.130625
17 0.475781 0.373437 0.080781 0.130625
23 0.596094 0.373437 0.080781 0.130625
3 0.716406 0.373437 0.080781 0.130625
9 0.836719 0.373437 0.080781 0.130625
8 0.114844 0.559375 0.080781 0.130625
12 0.235156 0.559375 0.080781 0.130625
7 0.355469 0.559375 0.080781 0.130625
1 0.475781 0.559375 0.080781 0.130625
9 0.596094 0.559375 0.080781 0.130625
8 0.716406 0.559375 0.080781 0.130625
2 0.836719 0.559375 0.080781 0.130625
19 0.114844 0.745313 0.080781 0.130625
4 0.235156 0.745313 0.080781 0.130625
15 0.355469 0.745313 0.080781 0.130625
20 0.475781 0.745313 0.080781 0.130625
13 0.596094 0.745313 0.080781 0.130625
5 0.716406 0.745313 0.080781 0.130625
2 0.836719 0.745313 0.080781 0.130625