11 0.121875 0.146875 0.072188 0.116875
6 0.239063 0.146875 0.072188 0.116875
24 0.356250 0.146875 0.072188 0.116875
2 0.473438 0.146875 0.072188 0.116875
10 0.590625 0.146875 0.072188 0.116875
18 0.707812 0.146875 0.072188 0.116875
5 0.825000 0.146875 0.072188 0.116875
13 0.121875 0.309375 0.072188 0.116875
10 0.239063 0.309375 0.072188 0.116875
19 0.356250 0.309375 0.072188 0.116875
21 0.473438 0.309375 0.072188 0.116875
23 0.590625 0.309375 0.072188 0.116875
3 0.707812 0.309375 0.072188 0.116875
8 0.825000 0.309375 0.072188 0.116875
13 0.121875 0.471875 0.072188 0.116875
10 0.239063 0.471875 0.072188 0.116875
20 0.356250 0.471875 0.072188 0.116875
0 0.473438 0.471875 0.072188 0.116875
9 0.590625 0.471875 0.072188 0.116875
3 0.707812 0.471875 0.072188 0.116875
6 0.825000 0.471875 0.072188 0.116875
1 0.121875 0.634375 0.072188 0.116875
2 0.239063 0.634375 0.072188 0.116875
3 0.356250 0.634375 0.072188 0.116875
9 0.473438 0.634375 0.072188 0.116875
0 0.590625 0.634375 0.072188 0.116875
16 0.707812 0.634375 0.072188 0.116875
1 0.825000 0.634375 0.072188 0.116875
19 0.121875 0.796875 0.072188 0.116875
7 0.239063 0.796875 0.072188 0.116875
20 0.356250 0.796875 0.072188 0.116875
5 0.473438 0.796875 0.072188 0.116875
22 0.590625 0.796875 0.072188 0.116875
10 0.707812 0.796875 0.072188 0.116875
6 0.825000 0.796875 0.072188 0.116875