19 0.127344 0.218750 0.084219 0.130625
19 0.244531 0.218750 0.084219 0.130625
22 0.361719 0.218750 0.084219 0.130625
20 0.478906 0.218750 0.084219 0.130625
6 0.596094 0.218750 0.084219 0.130625
5 0.713281 0.218750 0.084219 0.130625
8 0.830469 0.218750 0.084219 0.130625
7 0.127344 0.389062 0.084219 0.130625
22 0.244531 0.389062 0.084219 0.130625
23 0.361719 0.389062 0.084219 0.130625
24 0.478906 0.389062 0.084219 0.130625
12 0.596094 0.389062 0.084219 0.130625
11 0.713281 0.389062 0.084219 0.130625
24 0.830469 0.389062 0.084219 0.130625
21 0.127344 0.559375 0.084219 0.130625
2 0.244531 0.559375 0.084219 0.130625
0 0.361719 0.559375 0.084219 0.130625
23 0.478906 0.559375 0.084219 0.130625
20 0.596094 0.559375 0.084219 0.130625
1 0.713281 0.559375 0.084219 0.130625
8 0.830469 0.559375 0.084219 0.130625
3 0.127344 0.729688 0.084219 0.130625
4 0.244531 0.729688 0.084219 0.130625
14 0.361719 0.729688 0.084219 0.130625
7 0.478906 0.729688 0.084219 0.130625
23 0.596094 0.729688 0.084219 0.130625
16 0.713281 0.729688 0.084219 0.130625
4 0.830469 0.729688 0.084219 0.130625