2 0.100000 0.218750 0.072188 0.116875
5 0.223438 0.218750 0.072188 0.116875
3 0.346875 0.218750 0.072188 0.116875
0 0.470313 0.218750 0.072188 0.116875
20 0.593750 0.218750 0.072188 0.116875
19 0.717187 0.218750 0.072188 0.116875
21 0.840625 0.218750 0.072188 0.116875
15 0.100000 0.385937 0.072188 0.116875
25 0.223438 0.385937 0.072188 0.116875
3 0.346875 0.385937 0.072188 0.116875
6 0.470313 0.385937 0.072188 0.116875
4 0.593750 0.385937 0.072188 0.116875
3 0.717187 0.385937 0.072188 0.116875
7 0.840625 0.385937 0.072188 0.116875
0 0.100000 0.553125 0.072188 0.116875
3 0.223438 0.553125 0.072188 0.116875
14 0.346875 0.553125 0.072188 0.116875
4 0.470313 0.553125 0.072188 0.116875
24 0.593750 0.553125 0.072188 0.116875
9 0.717187 0.553125 0.072188 0.116875
24 0.840625 0.553125 0.072188 0.116875
15 0.100000 0.720313 0.072188 0.116875
23 0.223438 0.720313 0.072188 0.116875
0 0.346875 0.720313 0.072188 0.116875
13 0.470313 0.720313 0.072188 0.116875
22 0.593750 0.720313 0.072188 0.116875
24 0.717187 0.720313 0.072188 0.116875
8 0.840625 0.720313 0.072188 0.116875