11 0.114844 0.150000 0.073906 0.116875
7 0.219531 0.150000 0.073906 0.116875
13 0.324219 0.150000 0.073906 0.116875
21 0.428906 0.150000 0.073906 0.116875
22 0.533594 0.150000 0.073906 0.116875
8 0.638281 0.150000 0.073906 0.116875
16 0.742969 0.150000 0.073906 0.116875
19 0.847656 0.150000 0.073906 0.116875
17 0.114844 0.310937 0.073906 0.116875
13 0.219531 0.310937 0.073906 0.116875
10 0.324219 0.310937 0.073906 0.116875
11 0.428906 0.310937 0.073906 0.116875
16 0.533594 0.310937 0.073906 0.116875
11 0.638281 0.310937 0.073906 0.116875
0 0.742969 0.310937 0.073906 0.116875
0 0.847656 0.310937 0.073906 0.116875
24 0.114844 0.471875 0.073906 0.116875
21 0.219531 0.471875 0.073906 0.116875
7 0.324219 0.471875 0.073906 0.116875
7 0.428906 0.471875 0.073906 0.116875
4 0.533594 0.471875 0.073906 0.116875
14 0.638281 0.471875 0.073906 0.116875
3 0.742969 0.471875 0.073906 0.116875
9 0.847656 0.471875 0.073906 0.116875
4 0.114844 0.632812 0.073906 0.116875
24 0.219531 0.632812 0.073906 0.116875
16 0.324219 0.632812 0.073906 0.116875
19 0.428906 0.632812 0.073906 0.116875
3 0.533594 0.632812 0.073906 0.116875
4 0.638281 0.632812 0.073906 0.116875
0 0.742969 0.632812 0.073906 0.116875
16 0.847656 0.632812 0.073906 0.116875
1 0.114844 0.793750 0.073906 0.116875
2 0.219531 0.793750 0.073906 0.116875
0 0.324219 0.793750 0.073906 0.116875
23 0.428906 0.793750 0.073906 0.116875
11 0.533594 0.793750 0.073906 0.116875
8 0.638281 0.793750 0.073906 0.116875
0 0.742969 0.793750 0.073906 0.116875
8 0.847656 0.793750 0.073906 0.116875