0 0.089844 0.096875 0.046406 0.072188
17 0.161719 0.096875 0.046406 0.072188
2 0.233594 0.096875 0.046406 0.072188
18 0.305469 0.096875 0.046406 0.072188
7 0.377344 0.096875 0.046406 0.072188
24 0.449219 0.096875 0.046406 0.072188
6 0.521094 0.096875 0.046406 0.072188
8 0.592969 0.096875 0.046406 0.072188
20 0.664844 0.096875 0.046406 0.072188
10 0.736719 0.096875 0.046406 0.072188
16 0.808594 0.096875 0.046406 0.072188
15 0.880469 0.096875 0.046406 0.072188
11 0.089844 0.193750 0.046406 0.072188
9 0.161719 0.193750 0.046406 0.072188
3 0.233594 0.193750 0.046406 0.072188
6 0.305469 0.193750 0.046406 0.072188
12 0.377344 0.193750 0.046406 0.072188
20 0.449219 0.193750 0.046406 0.072188
5 0.521094 0.193750 0.046406 0.072188
7 0.592969 0.193750 0.046406 0.072188
3 0.664844 0.193750 0.046406 0.072188
6 0.736719 0.193750 0.046406 0.072188
8 0.808594 0.193750 0.046406 0.072188
7 0.880469 0.193750 0.046406 0.072188
21 0.089844 0.290625 0.046406 0.072188
15 0.161719 0.290625 0.046406 0.072188
9 0.233594 0.290625 0.046406 0.072188
8 0.305469 0.290625 0.046406 0.072188
23 0.377344 0.290625 0.046406 0.072188
9 0.449219 0.290625 0.046406 0.072188
19 0.521094 0.290625 0.046406 0.072188
13 0.592969 0.290625 0.046406 0.072188
11 0.664844 0.290625 0.046406 0.072188
8 0.736719 0.290625 0.046406 0.072188
2 0.808594 0.290625 0.046406 0.072188
23 0.880469 0.290625 0.046406 0.072188
8 0.089844 0.387500 0.046406 0.072188
1 0.161719 0.387500 0.046406 0.072188
24 0.233594 0.387500 0.046406 0.072188
12 0.305469 0.387500 0.046406 0.072188
6 0.377344 0.387500 0.046406 0.072188
10 0.449219 0.387500 0.046406 0.072188
12 0.521094 0.387500 0.046406 0.072188
12 0.592969 0.387500 0.046406 0.072188
13 0.664844 0.387500 0.046406 0.072188
19 0.736719 0.387500 0.046406 0.072188
2 0.808594 0.387500 0.046406 0.072188
23 0.880469 0.387500 0.046406 0.072188
20 0.089844 0.484375 0.046406 0.072188
9 0.161719 0.484375 0.046406 0.072188
14 0.233594 0.484375 0.046406 0.072188
19 0.305469 0.484375 0.046406 0.072188
11 0.377344 0.484375 0.046406 0.072188
9 0.449219 0.484375 0.046406 0.072188
13 0.521094 0.484375 0.046406 0.072188
2 0.592969 0.484375 0.046406 0.072188
5 0.664844 0.484375 0.046406 0.072188
1 0.736719 0.484375 0.046406 0.072188
10 0.808594 0.484375 0.046406 0.072188
18 0.880469 0.484375 0.046406 0.072188
15 0.089844 0.581250 0.046406 0.072188
15 0.161719 0.581250 0.046406 0.072188
5 0.233594 0.581250 0.046406 0.072188
1 0.305469 0.581250 0.046406 0.072188
18 0.377344 0.581250 0.046406 0.072188
9 0.449219 0.581250 0.046406 0.072188
20 0.521094 0.581250 0.046406 0.072188
9 0.592969 0.581250 0.046406 0.072188
16 0.664844 0.581250 0.046406 0.072188
25 0.736719 0.581250 0.046406 0.072188
1 0.808594 0.581250 0.046406 0.072188
24 0.880469 0.581250 0.046406 0.072188
6 0.089844 0.678125 0.046406 0.072188
11 0.161719 0.678125 0.046406 0.072188
25 0.233594 0.678125 0.046406 0.072188
4 0.305469 0.678125 0.046406 0.072188
17 0.377344 0.678125 0.046406 0.072188
9 0.449219 0.678125 0.046406 0.072188
15 0.521094 0.678125 0.046406 0.072188
5 0.592969 0.678125 0.046406 0.072188
16 0.664844 0.678125 0.046406 0.072188
16 0.736719 0.678125 0.046406 0.072188
23 0.808594 0.678125 0.046406 0.072188
22 0.880469 0.678125 0.046406 0.072188
1 0.089844 0.775000 0.046406 0.072188
20 0.161719 0.775000 0.046406 0.072188
3 0.233594 0.775000 0.046406 0.072188
18 0.305469 0.775000 0.046406 0.072188
2 0.377344 0.775000 0.046406 0.072188
17 0.449219 0.775000 0.046406 0.072188
4 0.521094 0.775000 0.046406 0.072188
5 0.592969 0.775000 0.046406 0.072188
14 0.664844 0.775000 0.046406 0.072188
3 0.736719 0.775000 0.046406 0.072188
17 0.808594 0.775000 0.046406 0.072188
25 0.880469 0.775000 0.046406 0.072188
14 0.089844 0.871875 0.046406 0.072188
7 0.161719 0.871875 0.046406 0.072188
13 0.233594 0.871875 0.046406 0.072188
20 0.305469 0.871875 0.046406 0.072188
18 0.377344 0.871875 0.046406 0.072188
6 0.449219 0.871875 0.046406 0.072188
17 0.521094 0.871875 0.046406 0.072188
14 0.592969 0.871875 0.046406 0.072188
11 0.664844 0.871875 0.046406 0.072188
4 0.736719 0.871875 0.046406 0.072188
2 0.808594 0.871875 0.046406 0.072188
7 0.880469 0.871875 0.046406 0.072188