0 0.110937 0.157812 0.058437 0.092812
16 0.203125 0.157812 0.058437 0.092812
5 0.295312 0.157812 0.058437 0.092812
9 0.387500 0.157812 0.058437 0.092812
2 0.479687 0.157812 0.058437 0.092812
20 0.571875 0.157812 0.058437 0.092812
12 0.664062 0.157812 0.058437 0.092812
0 0.756250 0.157812 0.058437 0.092812
7 0.848437 0.157812 0.058437 0.092812
2 0.110937 0.285938 0.058437 0.092812
1 0.203125 0.285938 0.058437 0.092812
7 0.295312 0.285938 0.058437 0.092812
14 0.387500 0.285938 0.058437 0.092812
21 0.479687 0.285938 0.058437 0.092812
1 0.571875 0.285938 0.058437 0.092812
17 0.664062 0.285938 0.058437 0.092812
20 0.756250 0.285938 0.058437 0.092812
2 0.848437 0.285938 0.058437 0.092812
22 0.110937 0.414062 0.058437 0.092812
4 0.203125 0.414062 0.058437 0.092812
0 0.295312 0.414062 0.058437 0.092812
0 0.387500 0.414062 0.058437 0.092812
9 0.479687 0.414062 0.058437 0.092812
16 0.571875 0.414062 0.058437 0.092812
8 0.664062 0.414062 0.058437 0.092812
15 0.756250 0.414062 0.058437 0.092812
0 0.848437 0.414062 0.058437 0.092812
24 0.110937 0.542188 0.058437 0.092812
14 0.203125 0.542188 0.058437 0.092812
2 0.295312 0.542188 0.058437 0.092812
1 0.387500 0.542188 0.058437 0.092812
8 0.479687 0.542188 0.058437 0.092812
15 0.571875 0.542188 0.058437 0.092812
3 0.664062 0.542188 0.058437 0.092812
21 0.756250 0.542188 0.058437 0.092812
5 0.848437 0.542188 0.058437 0.092812
8 0.110937 0.670312 0.058437 0.092812
24 0.203125 0.670312 0.058437 0.092812
4 0.295312 0.670312 0.058437 0.092812
12 0.387500 0.670312 0.058437 0.092812
13 0.479687 0.670312 0.058437 0.092812
6 0.571875 0.670312 0.058437 0.092812
11 0.664062 0.670312 0.058437 0.092812
0 0.756250 0.670312 0.058437 0.092812
8 0.848437 0.670312 0.058437 0.092812
7 0.110937 0.798438 0.058437 0.092812
24 0.203125 0.798438 0.058437 0.092812
7 0.295312 0.798438 0.058437 0.092812
0 0.387500 0.798438 0.058437 0.092812
5 0.479687 0.798438 0.058437 0.092812
21 0.571875 0.798438 0.058437 0.092812
16 0.664062 0.798438 0.058437 0.092812
22 0.756250 0.798438 0.058437 0.092812
22 0.848437 0.798438 0.058437 0.092812