2 0.113281 0.214062 0.087656 0.134063
19 0.235156 0.214062 0.087656 0.134063
23 0.357031 0.214062 0.087656 0.134063
13 0.478906 0.214062 0.087656 0.134063
15 0.600781 0.214062 0.087656 0.134063
17 0.722656 0.214062 0.087656 0.134063
12 0.844531 0.214062 0.087656 0.134063
23 0.113281 0.387500 0.087656 0.134063
5 0.235156 0.387500 0.087656 0.134063
5 0.357031 0.387500 0.087656 0.134063
6 0.478906 0.387500 0.087656 0.134063
13 0.600781 0.387500 0.087656 0.134063
2 0.722656 0.387500 0.087656 0.134063
18 0.844531 0.387500 0.087656 0.134063
1 0.113281 0.560937 0.087656 0.134063
19 0.235156 0.560937 0.087656 0.134063
5 0.357031 0.560937 0.087656 0.134063
25 0.478906 0.560937 0.087656 0.134063
10 0.600781 0.560937 0.087656 0.134063
21 0.722656 0.560937 0.087656 0.134063
14 0.844531 0.560937 0.087656 0.134063
2 0.113281 0.734375 0.087656 0.134063
18 0.235156 0.734375 0.087656 0.134063
20 0.357031 0.734375 0.087656 0.134063
14 0.478906 0.734375 0.087656 0.134063
19 0.600781 0.734375 0.087656 0.134063
9 0.722656 0.734375 0.087656 0.134063
18 0.844531 0.734375 0.087656 0.134063